00 FF FF 00 14 0D 22 93 00 00 02 00 00 14 01 98 0C 00 00 04 3A 
00 FF FF 00 14 0D 22 93 00 00 02 00 00 14 01 99 0C 00 00 07 9A 
00 FF FF 00 14 0D 22 93 00 00 02 00 00 14 01 9A 0C 00 00 07 EF 
00 FF FF 00 14 0D 22 93 00 00 02 00 00 14 01 9B 0C 00 00 08 51 
00 FF FF 00 14 0D 22 93 00 00 02 00 00 14 01 9C 0C 00 00 06 2B 
00 FF FF 00 14 0D 22 93 00 00 02 00 00 14 01 9D 0C 00 00 08 7C 
00 FF FF 00 14 0D 22 93 00 00 02 00 00 14 01 9E 0C 00 00 05 FB 
00 FF FF 00 14 0D 22 93 00 00 02 00 00 14 01 9F 0C 00 00 03 86 
00 FF FF 00 14 0D 22 93 00 00 02 00 00 14 01 A0 0C 00 00 06 52 
00 FF FF 00 14 0D 22 93 00 00 02 00 00 14 01 A1 0C 00 00 06 E3 
00 FF FF 00 14 0D 22 93 00 00 02 00 00 14 01 A3 0C 00 00 04 B6 
00 FF FF 00 14 0D 22 93 00 00 02 00 00 14 01 A4 0C 00 00 05 EC 
00 FF FF 00 14 0D 22 93 00 00 02 00 00 14 01 A5 0C 00 00 08 F8 
00 FF FF 00 14 0D 22 93 00 00 02 00 00 14 01 A6 0C 00 00 06 DE 
00 FF FF 00 14 0D 22 93 00 00 02 00 00 14 01 A7 0C 00 00 04 AB 
00 FF FF 00 14 0D 22 93 00 00 02 00 00 14 01 A8 0C 00 00 05 83 
00 FF FF 00 14 0D 22 93 00 00 02 00 00 14 01 A9 0C 00 00 05 EB 
00 FF FF 00 14 0D 22 93 00 00 02 00 00 14 01 AA 0C 00 00 07 0C 
00 FF FF 00 14 0D 22 93 00 00 02 00 00 14 01 AB 0C 00 00 07 9F 
00 FF FF 00 14 0D 22 93 00 00 02 00 00 14 01 AC 0C 00 00 08 0A 
00 FF FF 00 14 0D 22 93 00 00 02 00 00 14 01 AD 0C 00 00 08 F9 
00 FF FF 00 14 0D 22 93 00 00 02 00 00 14 01 AE 0C 00 00 05 77 
00 FF FF 00 14 0D 22 93 00 00 02 00 00 14 01 AF 0C 00 00 05 94 
00 FF FF 00 14 0D 22 93 00 00 02 00 00 14 01 B0 0C 00 00 06 4F 
00 FF FF 00 14 0D 22 93 00 00 02 00 00 14 01 B1 0C 00 00 05 AB 
00 FF FF 00 14 0D 22 93 00 00 02 00 00 14 01 B2 0C 00 00 05 ED 
00 FF FF 00 14 0D 22 93 00 00 02 00 00 14 01 B3 0C 00 00 08 23 
00 FF FF 00 14 0D 22 93 00 00 02 00 00 14 01 B4 0C 00 00 08 16 
00 FF FF 00 14 0D 22 93 00 00 02 00 00 14 01 B5 0C 00 00 01 A5 
00 FF FF 00 14 0D 22 93 00 00 02 00 00 14 01 B6 0C 00 00 01 6B 
00 FF FF 00 14 0D 22 93 00 00 02 00 00 14 01 B7 0C 00 00 01 DF 
00 FF FF 00 14 0D 22 93 00 00 02 00 00 14 01 B8 0C 00 00 01 5A 
00 FF FF 00 14 0D 22 93 00 00 02 00 00 14 01 B9 0C 00 00 02 3D 
00 FF FF 00 14 0D 22 93 00 00 02 00 00 14 01 BA 0C 00 00 03 99 
00 FF FF 00 14 0D 22 93 00 00 02 00 00 14 01 BB 0C 00 00 01 76 
00 FF FF 00 14 0D 22 93 00 00 02 00 00 14 01 BC 0C 00 00 01 79 
00 FF FF 00 14 0D 22 93 00 00 02 00 00 14 01 BD 0C 00 00 01 78 
00 FF FF 00 14 0D 22 93 00 00 02 00 00 14 01 BE 0C 00 00 02 A9 
00 FF FF 00 14 0D 22 93 00 00 02 00 00 14 01 BF 0C 00 00 02 00 
00 FF FF 00 14 0D 22 93 00 00 02 00 00 14 01 C0 0C 00 00 03 0E 
00 FF FF 00 14 0D 22 93 00 00 02 00 00 14 01 C1 0C 00 00 01 E7 
00 FF FF 00 14 0D 22 93 00 00 02 00 00 14 01 C2 0C 00 00 01 42 
00 FF FF 00 14 0D 22 93 00 00 02 00 00 14 01 C3 0C 00 00 01 73 
00 FF FF 00 14 0D 22 93 00 00 02 00 00 14 01 C4 0C 00 00 03 67 
00 FF FF 00 14 0D 22 93 00 00 02 00 00 14 01 C5 0C 00 00 01 C2 
00 FF FF 00 14 0D 22 93 00 00 02 00 00 14 01 C6 0C 00 00 01 99 
00 FF FF 00 14 0D 22 93 00 00 02 00 00 14 01 C7 0C 00 00 01 BC 
00 FF FF 00 14 0D 22 93 00 00 02 00 00 14 01 C8 0C 00 00 01 61 
00 FF FF 00 14 0D 22 93 00 00 02 00 00 14 01 C9 0C 00 00 02 C3 
00 FF FF 00 14 0D 22 93 00 00 02 00 00 14 01 CA 0C 00 00 01 CC 
00 FF FF 00 14 0D 22 93 00 00 02 00 00 14 01 CB 0C 00 00 01 9F 
00 FF FF 00 14 0D 22 93 00 00 02 00 00 14 01 CC 0C 00 00 01 64 
00 FF FF 00 14 0D 22 93 00 00 02 00 00 14 01 CD 0C 00 00 03 11 
00 FF FF 00 14 0D 22 93 00 00 02 00 00 14 01 CE 0C 00 00 01 77 
00 FF FF 00 14 0D 22 93 00 00 02 00 00 14 01 CF 0C 00 00 05 17 
00 FF FF 00 14 0D 22 93 00 00 02 00 00 14 01 D0 0C 00 00 02 4D 
00 FF FF 00 14 0D 22 93 00 00 02 00 00 14 01 D1 0C 00 00 03 5B 
00 FF FF 00 14 0D 22 93 00 00 02 00 00 14 01 D2 0C 00 00 02 9B 
00 FF FF 00 14 0D 22 93 00 00 02 00 00 14 01 D3 0C 00 00 02 CA 
00 FF FF 00 14 0D 22 93 00 00 02 00 00 14 01 D4 0C 00 00 01 3C 
00 FF FF 00 14 0D 22 93 00 00 02 00 00 14 01 D5 0C 00 00 01 40 
00 FF FF 00 14 0D 22 93 00 00 02 00 00 14 01 D6 0C 00 00 01 39 
00 FF FF 00 14 0D 22 93 00 00 02 00 00 14 01 D7 0C 00 00 01 2C 
00 FF FF 00 14 0D 22 93 00 00 02 00 00 14 01 D8 0C 00 00 02 54 
00 FF FF 00 14 0D 22 93 00 00 02 00 00 14 01 D9 0C 00 00 02 5C 
00 FF FF 00 14 0D 22 93 00 00 02 00 00 14 01 DA 0C 00 00 03 4C 
00 FF FF 00 14 0D 22 93 00 00 02 00 00 14 01 DB 0C 00 00 01 73 
00 FF FF 00 14 0D 22 93 00 00 02 00 00 14 01 DC 0C 00 00 01 B9 
00 FF FF 00 14 0D 22 93 00 00 02 00 00 14 01 DD 0C 00 00 02 74 
00 FF FF 00 14 0D 22 93 00 00 02 00 00 14 01 DE 0C 00 00 01 89 
00 FF FF 00 14 0D 22 93 00 00 02 00 00 14 01 DF 0C 00 00 06 44 
00 FF FF 00 14 0D 22 93 00 00 02 00 00 14 01 E0 0C 00 00 01 40 
00 FF FF 00 14 0D 22 93 00 00 02 00 00 14 01 E1 0C 00 00 01 41 
00 FF FF 00 14 0D 22 93 00 00 02 00 00 14 01 E2 0C 00 00 02 82 
00 FF FF 00 14 0D 22 93 00 00 02 00 00 14 01 E3 0C 00 00 02 98 
00 FF FF 00 14 0D 22 93 00 00 02 00 00 14 01 E4 0C 00 00 01 FF 
00 FF FF 00 14 0D 22 93 00 00 02 00 00 14 01 E5 0C 00 00 01 B8 
00 FF FF 00 14 0D 22 93 00 00 02 00 00 14 01 E6 0C 00 00 01 E1 
00 FF FF 00 14 0D 22 93 00 00 02 00 00 14 01 E7 0C 00 00 01 5C 
00 FF FF 00 14 0D 22 93 00 00 02 00 00 14 01 E8 0C 00 00 01 30 
00 FF FF 00 14 0D 22 93 00 00 02 00 00 14 01 E9 0C 00 00 01 64 
00 FF FF 00 14 0D 22 93 00 00 02 00 00 14 01 EA 0C 00 00 01 2E 
00 FF FF 00 14 0D 22 93 00 00 02 00 00 14 01 EB 0C 00 00 02 83 
00 FF FF 00 14 0D 22 93 00 00 02 00 00 14 01 EC 0C 00 00 01 3D 
00 FF FF 00 14 0D 22 93 00 00 02 00 00 14 01 ED 0C 00 00 01 33 
00 FF FF 00 14 0D 22 93 00 00 02 00 00 14 01 EE 0C 00 00 03 6C 
00 FF FF 00 14 0D 22 93 00 00 02 00 00 14 01 EF 0C 00 00 03 C5 
00 FF FF 00 14 0D 22 93 00 00 02 00 00 14 01 F0 0C 00 00 02 B5 
00 FF FF 00 14 0D 22 93 00 00 02 00 00 14 01 F1 0C 00 00 01 9E 
00 FF FF 00 14 0D 22 93 00 00 02 00 00 14 01 F2 0C 00 00 02 75 
00 FF FF 00 14 0D 22 93 00 00 02 00 00 14 01 F3 0C 00 00 01 40 
00 FF FF 00 14 0D 22 93 00 00 02 00 00 14 01 F4 0C 00 00 01 2E 
00 FF FF 00 14 0D 22 93 00 00 02 00 00 14 01 F5 0C 00 00 01 76 
00 FF FF 00 14 0D 22 93 00 00 02 00 00 14 01 F6 0C 00 00 01 30 
00 FF FF 00 14 0D 22 93 00 00 02 00 00 14 01 F7 0C 00 00 01 48 
00 FF FF 00 14 0D 22 93 00 00 02 00 00 14 01 F8 0C 00 00 03 1E 
00 FF FF 00 14 0D 22 93 00 00 02 00 00 14 01 F9 0C 00 00 01 97 
00 FF FF 00 14 0D 22 93 00 00 02 00 00 14 01 FA 0C 00 00 02 18 
00 FF FF 00 14 0D 22 93 00 00 02 00 00 14 01 FB 0C 00 00 01 80 
00 FF FF 00 14 0D 22 93 00 00 02 00 00 14 01 FC 0C 00 00 02 54 
00 FF FF 00 14 0D 22 93 00 00 02 00 00 14 01 FD 0C 00 00 01 42 
00 FF FF 00 14 0D 22 93 00 00 02 00 00 14 01 FE 0C 00 00 01 B2 
00 FF FF 00 14 0D 22 93 00 00 02 00 00 14 01 FF 0C 00 00 01 63 
00 FF FF 00 14 0D 22 93 00 00 02 00 00 14 02 00 0C 00 00 01 EB 
00 FF FF 00 14 0D 22 93 00 00 02 00 00 14 02 01 0C 00 00 02 8C 
00 FF FF 00 14 0D 22 93 00 00 02 00 00 14 02 02 0C 00 00 02 7D 
00 FF FF 00 14 0D 22 93 00 00 02 00 00 14 02 03 0C 00 00 01 55 
00 FF FF 00 14 0D 22 93 00 00 02 00 00 14 02 04 0C 00 00 01 5B 
00 FF FF 00 14 0D 22 93 00 00 02 00 00 14 02 05 0C 00 00 01 49 
00 FF FF 00 14 0D 22 93 00 00 02 00 00 14 02 06 0C 00 00 01 2C 
00 FF FF 00 14 0D 22 93 00 00 02 00 00 14 02 07 0C 00 00 01 5C 
00 FF FF 00 14 0D 22 93 00 00 02 00 00 14 02 08 0C 00 00 01 50 
00 FF FF 00 14 0D 22 93 00 00 02 00 00 14 02 09 0C 00 00 01 68 
00 FF FF 00 14 0D 22 93 00 00 02 00 00 14 02 0A 0C 00 00 01 7A 
00 FF FF 00 14 0D 22 93 00 00 02 00 00 14 02 0B 0C 00 00 01 69 
00 FF FF 00 14 0D 22 93 00 00 02 00 00 14 02 0C 0C 00 00 02 43 
00 FF FF 00 14 0D 22 93 00 00 02 00 00 14 02 0D 0C 00 00 01 2E 
00 FF FF 00 14 0D 22 93 00 00 02 00 00 14 02 0E 0C 00 00 02 6B 
00 FF FF 00 14 0D 22 93 00 00 02 00 00 14 02 0F 0C 00 00 01 A1 
00 FF FF 00 14 0D 22 93 00 00 02 00 00 14 02 10 0C 00 00 01 90 
00 FF FF 00 14 0D 22 93 00 00 02 00 00 14 02 11 0C 00 00 01 60 
00 FF FF 00 14 0D 22 93 00 00 02 00 00 14 02 12 0C 00 00 01 D8 
00 FF FF 00 14 0D 22 93 00 00 02 00 00 14 02 13 0C 00 00 01 2F 
00 FF FF 00 14 0D 22 93 00 00 02 00 00 14 02 14 0C 00 00 01 79 
00 FF FF 00 14 0D 22 93 00 00 02 00 00 14 02 15 0C 00 00 03 5F 
00 FF FF 00 14 0D 22 93 00 00 02 00 00 14 02 16 0C 00 00 01 7B 
00 FF FF 00 14 0D 22 93 00 00 02 00 00 14 02 17 0C 00 00 01 A6 
00 FF FF 00 14 0D 22 93 00 00 02 00 00 14 02 18 0C 00 00 06 44 
00 FF FF 00 14 0D 22 93 00 00 02 00 00 14 02 19 0C 00 00 01 54 
00 FF FF 00 14 0D 22 93 00 00 02 00 00 14 02 1A 0C 00 00 01 C2 
00 FF FF 00 14 0D 22 93 00 00 02 00 00 14 02 1B 0C 00 00 03 BF 
00 FF FF 00 14 0D 22 93 00 00 02 00 00 14 02 1C 0C 00 00 01 FB 
00 FF FF 00 14 0D 22 93 00 00 02 00 00 14 02 1D 0C 00 00 01 31 
00 FF FF 00 14 0D 22 93 00 00 02 00 00 14 02 1E 0C 00 00 01 34 
00 FF FF 00 14 0D 22 93 00 00 02 00 00 14 02 1F 0C 00 00 02 E5 
00 FF FF 00 14 0D 22 93 00 00 02 00 00 14 02 20 0C 00 00 01 BC 
00 FF FF 00 14 0D 22 93 00 00 02 00 00 14 02 21 0C 00 00 01 81 
00 FF FF 00 14 0D 22 93 00 00 02 00 00 14 02 22 0C 00 00 03 D5 
00 FF FF 00 14 0D 22 93 00 00 02 00 00 14 02 23 0C 00 00 03 67 
00 FF FF 00 14 0D 22 93 00 00 02 00 00 14 02 24 0C 00 00 02 7E 
00 FF FF 00 14 0D 22 93 00 00 02 00 00 14 02 26 0C 00 00 05 E7 
00 FF FF 00 14 0D 22 93 00 00 02 00 00 14 02 27 0C 00 00 01 78 
00 FF FF 00 14 0D 22 93 00 00 02 00 00 14 02 28 0C 00 00 03 02 
00 FF FF 00 14 0D 22 93 00 00 02 00 00 14 02 29 0C 00 00 03 1E 
00 FF FF 00 14 0D 22 93 00 00 02 00 00 14 02 2A 0C 00 00 04 9F 
00 FF FF 00 14 0D 22 93 00 00 02 00 00 14 02 2B 0C 00 00 02 8A 
00 FF FF 00 14 0D 22 93 00 00 02 00 00 14 02 2C 0C 00 00 03 8D 
00 FF FF 00 14 0D 22 93 00 00 02 00 00 14 02 2D 0C 00 00 01 C0 
00 FF FF 00 14 0D 22 93 00 00 02 00 00 14 02 2E 0C 00 00 01 30 
00 FF FF 00 14 0D 22 93 00 00 02 00 00 14 02 2F 0C 00 00 02 0A 
00 FF FF 00 14 0D 22 93 00 00 02 00 00 14 02 30 0C 00 00 01 5A 
00 FF FF 00 14 0D 22 93 00 00 02 00 00 14 02 31 0C 00 00 01 70 
00 FF FF 00 14 0D 22 93 00 00 02 00 00 14 02 32 0C 00 00 01 51 
00 FF FF 00 14 0D 22 93 00 00 02 00 00 14 02 33 0C 00 00 03 53 
00 FF FF 00 14 0D 22 93 00 00 02 00 00 14 02 34 0C 00 00 01 CF 
00 FF FF 00 14 0D 22 93 00 00 02 00 00 14 02 35 0C 00 00 01 83 
00 FF FF 00 14 0D 22 93 00 00 02 00 00 14 02 36 0C 00 00 01 48 
00 FF FF 00 14 0D 22 93 00 00 02 00 00 14 02 37 0C 00 00 01 8D 
00 FF FF 00 14 0D 22 93 00 00 02 00 00 14 02 38 0C 00 00 01 A1 
00 FF FF 00 14 0D 22 93 00 00 02 00 00 14 02 39 0C 00 00 01 84 
00 FF FF 00 14 0D 22 93 00 00 02 00 00 14 02 3A 0C 00 00 02 4F 
00 FF FF 00 14 0D 22 93 00 00 02 00 00 14 02 3B 0C 00 00 01 D7 
00 FF FF 00 14 0D 22 93 00 00 02 00 00 14 02 3C 0C 00 00 01 B5 
00 FF FF 00 14 0D 22 93 00 00 02 00 00 14 02 3E 0C 00 00 02 7C 
00 FF FF 00 14 0D 22 93 00 00 02 00 00 14 02 3F 0C 00 00 01 5B 
00 FF FF 00 14 0D 22 93 00 00 02 00 00 14 02 40 0C 00 00 01 59 
00 FF FF 00 14 0D 22 93 00 00 02 00 00 14 02 41 0C 00 00 01 92 
00 FF FF 00 14 0D 22 93 00 00 02 00 00 14 02 42 0C 00 00 01 A4 
00 FF FF 00 14 0D 22 93 00 00 02 00 00 14 02 43 0C 00 00 01 7A 
00 FF FF 00 14 0D 22 93 00 00 02 00 00 14 02 44 0C 00 00 03 6C 
00 FF FF 00 14 0D 22 93 00 00 02 00 00 14 02 45 0C 00 00 02 D4 
00 FF FF 00 14 0D 22 93 00 00 02 00 00 14 02 46 0C 00 00 02 06 
00 FF FF 00 14 0D 22 93 00 00 02 00 00 14 02 47 0C 00 00 09 D2 
00 FF FF 00 14 0D 22 93 00 00 02 00 00 14 02 48 0C 00 00 01 80 
00 FF FF 00 14 0D 22 93 00 00 02 00 00 14 02 49 0C 00 00 01 E1 
00 FF FF 00 14 0D 22 93 00 00 02 00 00 14 02 4A 0C 00 00 04 1E 
00 FF FF 00 14 0D 22 93 00 00 02 00 00 14 02 4B 0C 00 00 04 51 
00 FF FF 00 14 0D 22 93 00 00 02 00 00 14 02 4C 0C 00 00 01 63 
00 FF FF 00 14 0D 22 93 00 00 02 00 00 14 02 4D 0C 00 00 02 37 
00 FF FF 00 14 0D 22 93 00 00 02 00 00 14 02 4E 0C 00 00 01 D0 
00 FF FF 00 14 0D 22 93 00 00 02 00 00 14 02 4F 0C 00 00 01 B0 
00 FF FF 00 14 0D 22 93 00 00 02 00 00 14 02 50 0C 00 00 01 F6 
00 FF FF 00 14 0D 22 93 00 00 02 00 00 14 02 51 0C 00 00 01 32 
00 FF FF 00 14 0D 22 93 00 00 02 00 00 14 02 52 0C 00 00 01 39 
00 FF FF 00 14 0D 22 93 00 00 02 00 00 14 02 53 0C 00 00 01 73 
00 FF FF 00 14 0D 22 93 00 00 02 00 00 14 02 54 0C 00 00 04 24 
00 FF FF 00 14 0D 22 93 00 00 02 00 00 14 02 55 0C 00 00 04 47 
00 FF FF 00 14 0D 22 93 00 00 02 00 00 14 02 56 0C 00 00 01 40 
00 FF FF 00 14 0D 22 93 00 00 02 00 00 14 02 57 0C 00 00 01 C1 
00 FF FF 00 14 0D 22 93 00 00 02 00 00 14 02 58 0C 00 00 01 3B 
00 FF FF 00 14 0D 22 93 00 00 02 00 00 14 02 59 0C 00 00 01 8F 
00 FF FF 00 14 0D 22 93 00 00 02 00 00 14 02 5A 0C 00 00 01 DD 
00 FF FF 00 14 0D 22 93 00 00 02 00 00 14 02 5B 0C 00 00 02 94 
00 FF FF 00 14 0D 22 93 00 00 02 00 00 14 02 5C 0C 00 00 03 4F 
00 FF FF 00 14 0D 22 93 00 00 02 00 00 14 02 5D 0C 00 00 02 21 
00 FF FF 00 14 0D 22 93 00 00 02 00 00 14 02 5E 0C 00 00 01 84 
00 FF FF 00 14 0D 22 93 00 00 02 00 00 14 02 5F 0C 00 00 02 BD 
00 FF FF 00 14 0D 22 93 00 00 02 00 00 14 02 60 0C 00 00 02 5A 
00 FF FF 00 14 0D 22 93 00 00 02 00 00 14 02 61 0C 00 00 04 A0 
00 FF FF 00 14 0D 22 93 00 00 02 00 00 14 02 62 0C 00 00 02 20 
00 FF FF 00 14 0D 22 93 00 00 02 00 00 14 02 63 0C 00 00 01 A6 
00 FF FF 00 14 0D 22 93 00 00 02 00 00 14 02 64 0C 00 00 08 7E 
00 FF FF 00 14 0D 22 93 00 00 02 00 00 14 02 65 0C 00 00 02 ED 
00 FF FF 00 14 0D 22 93 00 00 02 00 00 14 02 66 0C 00 00 02 44 
00 FF FF 00 14 0D 22 93 00 00 02 00 00 14 02 67 0C 00 00 02 A3 
00 FF FF 00 14 0D 22 93 00 00 02 00 00 14 02 68 0C 00 00 06 74 
00 FF FF 00 14 0D 22 93 00 00 02 00 00 14 02 69 0C 00 00 02 EA 
00 FF FF 00 14 0D 22 93 00 00 02 00 00 14 02 6A 0C 00 00 04 94 
00 FF FF 00 14 0D 22 93 00 00 02 00 00 14 02 6B 0C 00 00 01 30 
00 FF FF 00 14 0D 22 93 00 00 02 00 00 14 02 6C 0C 00 00 03 A1 
00 FF FF 00 14 0D 22 93 00 00 02 00 00 14 02 6D 0C 00 00 03 55 
00 FF FF 00 14 0D 22 93 00 00 02 00 00 14 02 6E 0C 00 00 02 56 
00 FF FF 00 14 0D 22 93 00 00 02 00 00 14 02 6F 0C 00 00 03 05 
00 FF FF 00 14 0D 22 93 00 00 02 00 00 14 02 70 0C 00 00 01 7B 
00 FF FF 00 14 0D 22 93 00 00 02 00 00 14 02 71 0C 00 00 04 87 
00 FF FF 00 14 0D 22 93 00 00 02 00 00 14 02 72 0C 00 00 01 5C 
00 FF FF 00 14 0D 22 93 00 00 02 00 00 14 02 73 0C 00 00 03 85 
00 FF FF 00 14 0D 22 93 00 00 02 00 00 14 02 74 0C 00 00 03 10 
00 FF FF 00 14 0D 22 93 00 00 02 00 00 14 02 75 0C 00 00 01 5F 
00 FF FF 00 14 0D 22 93 00 00 02 00 00 14 02 76 0C 00 00 01 47 
00 FF FF 00 14 0D 22 93 00 00 02 00 00 14 02 77 0C 00 00 01 39 
00 FF FF 00 14 0D 22 93 00 00 02 00 00 14 02 78 0C 00 00 01 48 
00 FF FF 00 14 0D 22 93 00 00 02 00 00 14 02 79 0C 00 00 01 4F 
00 FF FF 00 14 0D 22 93 00 00 02 00 00 14 02 7A 0C 00 00 01 BC 
00 FF FF 00 14 0D 22 93 00 00 02 00 00 14 02 7B 0C 00 00 01 D9 
00 FF FF 00 14 0D 22 93 00 00 02 00 00 14 02 7C 0C 00 00 01 4F 
00 FF FF 00 14 0D 22 93 00 00 02 00 00 14 02 7D 0C 00 00 01 5E 
00 FF FF 00 14 0D 22 93 00 00 02 00 00 14 02 7E 0C 00 00 05 EB 
00 FF FF 00 14 0D 22 93 00 00 02 00 00 14 02 7F 0C 00 00 02 C0 
00 FF FF 00 14 0D 22 93 00 00 02 00 00 14 02 80 0C 00 00 01 AB 
00 FF FF 00 14 0D 22 93 00 00 02 00 00 14 02 81 0C 00 00 0A E4 
00 FF FF 00 14 0D 22 93 00 00 02 00 00 14 02 82 0C 00 00 02 17 
00 FF FF 00 14 0D 22 93 00 00 02 00 00 14 02 83 0C 00 00 01 39 
00 FF FF 00 14 0D 22 93 00 00 02 00 00 14 02 84 0C 00 00 03 C5 
00 FF FF 00 14 0D 22 93 00 00 02 00 00 14 02 85 0C 00 00 01 5C 
00 FF FF 00 14 0D 22 93 00 00 02 00 00 14 02 86 0C 00 00 01 9C 
00 FF FF 00 14 0D 22 93 00 00 02 00 00 14 02 87 0C 00 00 01 BD 
00 FF FF 00 14 0D 22 93 00 00 02 00 00 14 02 88 0C 00 00 02 1E 
00 FF FF 00 14 0D 22 93 00 00 02 00 00 14 02 89 0C 00 00 01 7A 
00 FF FF 00 14 0D 22 93 00 00 02 00 00 14 02 8A 0C 00 00 02 45 
00 FF FF 00 14 0D 22 93 00 00 02 00 00 14 02 8B 0C 00 00 01 3A 
00 FF FF 00 14 0D 22 93 00 00 02 00 00 14 02 8C 0C 00 00 02 16 
00 FF FF 00 14 0D 22 93 00 00 02 00 00 14 02 8D 0C 00 00 02 C3 
00 FF FF 00 14 0D 22 93 00 00 02 00 00 14 02 8E 0C 00 00 02 54 
00 FF FF 00 14 0D 22 93 00 00 02 00 00 14 02 8F 0C 00 00 01 DA 
00 FF FF 00 14 0D 22 93 00 00 02 00 00 14 02 90 0C 00 00 03 79 
00 FF FF 00 14 0D 22 93 00 00 02 00 00 14 02 91 0C 00 00 02 29 
00 FF FF 00 14 0D 22 93 00 00 02 00 00 14 02 92 0C 00 00 01 DB 
00 FF FF 00 14 0D 22 93 00 00 02 00 00 14 02 93 0C 00 00 01 8E 
00 FF FF 00 14 0D 22 93 00 00 02 00 00 14 02 94 0C 00 00 01 31 
00 FF FF 00 14 0D 22 93 00 00 02 00 00 14 02 95 0C 00 00 01 8E 
00 FF FF 00 14 0D 22 93 00 00 02 00 00 14 02 96 0C 00 00 02 C5 
00 FF FF 00 14 0D 22 93 00 00 02 00 00 14 02 97 0C 00 00 01 C1 
00 FF FF 00 14 0D 22 93 00 00 02 00 00 14 02 98 0C 00 00 02 2A 
00 FF FF 00 14 0D 22 93 00 00 02 00 00 14 02 99 0C 00 00 01 42 
00 FF FF 00 14 0D 22 93 00 00 02 00 00 14 02 9A 0C 00 00 01 77 
00 FF FF 00 14 0D 22 93 00 00 02 00 00 14 02 9B 0C 00 00 05 64 
00 FF FF 00 14 0D 22 93 00 00 02 00 00 14 02 9C 0C 00 00 01 EC 
00 FF FF 00 14 0D 22 93 00 00 02 00 00 14 02 9D 0C 00 00 01 52 
00 FF FF 00 14 0D 22 93 00 00 02 00 00 14 02 9E 0C 00 00 03 DA 
00 FF FF 00 14 0D 22 93 00 00 02 00 00 14 02 9F 0C 00 00 01 63 
00 FF FF 00 14 0D 22 93 00 00 02 00 00 14 02 A0 0C 00 00 02 89 
00 FF FF 00 14 0D 22 93 00 00 02 00 00 14 02 A1 0C 00 00 01 39 
00 FF FF 00 14 0D 22 93 00 00 02 00 00 14 02 A2 0C 00 00 01 61 
00 FF FF 00 14 0D 22 93 00 00 02 00 00 14 02 A3 0C 00 00 01 7D 
00 FF FF 00 14 0D 22 93 00 00 02 00 00 14 02 A4 0C 00 00 02 92 
00 FF FF 00 14 0D 22 93 00 00 02 00 00 14 02 A5 0C 00 00 01 74 
00 FF FF 00 14 0D 22 93 00 00 02 00 00 14 02 A6 0C 00 00 02 3B 
00 FF FF 00 14 0D 22 93 00 00 02 00 00 14 02 A7 0C 00 00 02 13 
00 FF FF 00 14 0D 22 93 00 00 02 00 00 14 02 A8 0C 00 00 01 88 
00 FF FF 00 14 0D 22 93 00 00 02 00 00 14 02 A9 0C 00 00 02 F6 
00 FF FF 00 14 0D 22 93 00 00 02 00 00 14 02 AA 0C 00 00 01 48 
00 FF FF 00 14 0D 22 93 00 00 02 00 00 14 02 AB 0C 00 00 01 93 
00 FF FF 00 14 0D 22 93 00 00 02 00 00 14 02 AC 0C 00 00 03 BE 
00 FF FF 00 14 0D 22 93 00 00 02 00 00 14 02 AD 0C 00 00 02 72 
00 FF FF 00 14 0D 22 93 00 00 02 00 00 14 02 AF 0C 00 00 01 61 
00 FF FF 00 14 0D 22 93 00 00 02 00 00 14 02 B0 0C 00 00 02 71 
00 FF FF 00 14 0D 22 93 00 00 02 00 00 14 02 B1 0C 00 00 01 92 
00 FF FF 00 14 0D 22 93 00 00 02 00 00 14 02 B2 0C 00 00 02 DB 
00 FF FF 00 14 0D 22 93 00 00 02 00 00 14 02 B3 0C 00 00 01 8E 
00 FF FF 00 14 0D 22 93 00 00 02 00 00 14 02 B4 0C 00 00 02 39 
00 FF FF 00 14 0D 22 93 00 00 02 00 00 14 02 B5 0C 00 00 02 B1 
00 FF FF 00 14 0D 22 93 00 00 02 00 00 14 02 B6 0C 00 00 01 6D 
00 FF FF 00 14 0D 22 93 00 00 02 00 00 14 02 B7 0C 00 00 09 2A 
00 FF FF 00 14 0D 22 93 00 00 02 00 00 14 02 B8 0C 00 00 03 9D 
00 FF FF 00 14 0D 22 93 00 00 02 00 00 14 02 B9 0C 00 00 03 71 
00 FF FF 00 14 0D 22 93 00 00 02 00 00 14 02 BA 0C 00 00 02 51 
00 FF FF 00 14 0D 22 93 00 00 02 00 00 14 02 BB 0C 00 00 02 68 
00 FF FF 00 14 0D 22 93 00 00 02 00 00 14 02 BC 0C 00 00 01 6B 
00 FF FF 00 14 0D 22 93 00 00 02 00 00 14 02 BD 0C 00 00 01 51 
00 FF FF 00 14 0D 22 93 00 00 02 00 00 14 02 BE 0C 00 00 01 47 
00 FF FF 00 14 0D 22 93 00 00 02 00 00 14 02 BF 0C 00 00 01 AC 
00 FF FF 00 14 0D 22 93 00 00 02 00 00 14 02 C0 0C 00 00 01 67 
00 FF FF 00 14 0D 22 93 00 00 02 00 00 14 02 C1 0C 00 00 02 58 
00 FF FF 00 14 0D 22 93 00 00 02 00 00 14 02 C2 0C 00 00 01 A4 
00 FF FF 00 14 0D 22 93 00 00 02 00 00 14 02 C3 0C 00 00 01 80 
00 FF FF 00 14 0D 22 93 00 00 02 00 00 14 02 C4 0C 00 00 02 BF 
00 FF FF 00 14 0D 22 93 00 00 02 00 00 14 02 C5 0C 00 00 01 C4 
00 FF FF 00 14 0D 22 93 00 00 02 00 00 14 02 C6 0C 00 00 01 39 
00 FF FF 00 14 0D 22 93 00 00 02 00 00 14 02 C7 0C 00 00 01 A1 
00 FF FF 00 14 0D 22 93 00 00 02 00 00 14 02 C8 0C 00 00 01 88 
00 FF FF 00 14 0D 22 93 00 00 02 00 00 14 02 C9 0C 00 00 02 58 
00 FF FF 00 14 0D 22 93 00 00 02 00 00 14 02 CA 0C 00 00 03 4B 
00 FF FF 00 14 0D 22 93 00 00 02 00 00 14 02 CB 0C 00 00 01 4B 
00 FF FF 00 14 0D 22 93 00 00 02 00 00 14 02 CC 0C 00 00 01 39 
00 FF FF 00 14 0D 22 93 00 00 02 00 00 14 02 CD 0C 00 00 01 37 
00 FF FF 00 14 0D 22 93 00 00 02 00 00 14 02 CE 0C 00 00 01 33 
00 FF FF 00 14 0D 22 93 00 00 02 00 00 14 02 CF 0C 00 00 01 80 
00 FF FF 00 14 0D 22 93 00 00 02 00 00 14 02 D0 0C 00 00 01 4D 
00 FF FF 00 14 0D 22 93 00 00 02 00 00 14 02 D1 0C 00 00 01 AD 
00 FF FF 00 14 0D 22 93 00 00 02 00 00 14 02 D2 0C 00 00 01 3F 
00 FF FF 00 14 0D 22 93 00 00 02 00 00 14 02 D3 0C 00 00 05 F9 
00 FF FF 00 14 0D 22 93 00 00 02 00 00 14 02 D4 0C 00 00 01 C2 
00 FF FF 00 14 0D 22 93 00 00 02 00 00 14 02 D5 0C 00 00 01 86 
00 FF FF 00 14 0D 22 93 00 00 02 00 00 14 02 D7 0C 00 00 01 46 
00 FF FF 00 14 0D 22 93 00 00 02 00 00 14 02 D8 0C 00 00 02 84 
00 FF FF 00 14 0D 22 93 00 00 02 00 00 14 02 D9 0C 00 00 01 CE 
00 FF FF 00 14 0D 22 93 00 00 02 00 00 14 02 DA 0C 00 00 01 4B 
00 FF FF 00 14 0D 22 93 00 00 02 00 00 14 02 DB 0C 00 00 01 E5 
