00 FF FF 00 14 0D 22 93 00 00 04 00 00 14 00 C6 0C 00 00 01 C2 
00 FF FF 00 14 0D 22 93 00 00 04 00 00 14 00 C7 0C 00 00 02 36 
00 FF FF 00 14 0D 22 93 00 00 04 00 00 14 00 C9 0C 00 00 03 FF 
00 FF FF 00 14 0D 22 93 00 00 04 00 00 14 00 CB 0C 00 00 01 0F 
00 FF FF 00 14 0D 22 93 00 00 04 00 00 14 00 CC 0C 00 00 02 5A 
00 FF FF 00 14 0D 22 93 00 00 04 00 00 14 00 CE 0C 00 00 00 05 
00 FF FF 00 14 0D 22 93 00 00 04 00 00 14 00 EF 0C 00 00 00 03 
00 FF FF 00 14 0D 22 93 00 00 04 00 00 14 00 F0 0C 00 00 00 0B 
00 FF FF 00 14 0D 22 93 00 00 04 00 00 14 00 F1 0C 00 00 00 B7 
00 FF FF 00 14 0D 22 93 00 00 04 00 00 14 00 F2 0C 00 00 02 0E 
00 FF FF 00 14 0D 22 93 00 00 04 00 00 14 00 F3 0C 00 00 02 13 
00 FF FF 00 14 0D 22 93 00 00 04 00 00 14 00 F4 0C 00 00 00 02 
00 FF FF 00 14 0D 22 93 00 00 04 00 00 14 00 F5 0C 00 00 02 B9 
00 FF FF 00 14 0D 22 93 00 00 04 00 00 14 00 F6 0C 00 00 00 98 
00 FF FF 00 14 0D 22 93 00 00 04 00 00 14 00 F7 0C 00 00 02 98 
00 FF FF 00 14 0D 22 93 00 00 04 00 00 14 00 F8 0C 00 00 03 2C 
00 FF FF 00 14 0D 22 93 00 00 04 00 00 14 00 F9 0C 00 00 04 F9 
00 FF FF 00 14 0D 22 93 00 00 04 00 00 14 00 FA 0C 00 00 00 5D 
00 FF FF 00 14 0D 22 93 00 00 04 00 00 14 00 FB 0C 00 00 00 D2 
00 FF FF 00 14 0D 22 93 00 00 04 00 00 14 00 FC 0C 00 00 00 00 
00 FF FF 00 14 0D 22 93 00 00 04 00 00 14 00 FD 0C 00 00 00 08 
00 FF FF 00 14 0D 22 93 00 00 04 00 00 14 00 FE 0C 00 00 02 4E 
00 FF FF 00 14 0D 22 93 00 00 04 00 00 14 00 FF 0C 00 00 02 DC 
00 FF FF 00 14 0D 22 93 00 00 04 00 00 14 01 00 0C 00 00 03 A8 
00 FF FF 00 14 0D 22 93 00 00 04 00 00 14 01 01 0C 00 00 02 A6 
00 FF FF 00 14 0D 22 93 00 00 04 00 00 14 01 02 0C 00 00 02 9F 
00 FF FF 00 14 0D 22 93 00 00 04 00 00 14 01 03 0C 00 00 00 A4 
00 FF FF 00 14 0D 22 93 00 00 04 00 00 14 01 04 0C 00 00 02 63 
00 FF FF 00 14 0D 22 93 00 00 04 00 00 14 01 05 0C 00 00 00 3C 
00 FF FF 00 14 0D 22 93 00 00 04 00 00 14 01 07 0C 00 00 00 4C 
00 FF FF 00 14 0D 22 93 00 00 04 00 00 14 01 08 0C 00 00 00 47 
00 FF FF 00 14 0D 22 93 00 00 04 00 00 14 01 09 0C 00 00 00 53 
00 FF FF 00 14 0D 22 93 00 00 04 00 00 14 01 0A 0C 00 00 00 57 
00 FF FF 00 14 0D 22 93 00 00 04 00 00 14 01 0B 0C 00 00 00 0A 
00 FF FF 00 14 0D 22 93 00 00 04 00 00 14 01 0C 0C 00 00 00 00 
00 FF FF 00 14 0D 22 93 00 00 04 00 00 14 01 0D 0C 00 00 00 1F 
00 FF FF 00 14 0D 22 93 00 00 04 00 00 14 01 0E 0C 00 00 00 24 
00 FF FF 00 14 0D 22 93 00 00 04 00 00 14 01 0F 0C 00 00 00 36 
00 FF FF 00 14 0D 22 93 00 00 04 00 00 14 01 10 0C 00 00 00 1C 
00 FF FF 00 14 0D 22 93 00 00 04 00 00 14 01 11 0C 00 00 00 11 
00 FF FF 00 14 0D 22 93 00 00 04 00 00 14 01 12 0C 00 00 00 06 
00 FF FF 00 14 0D 22 93 00 00 04 00 00 14 01 13 0C 00 00 00 07 
00 FF FF 00 14 0D 22 93 00 00 04 00 00 14 01 14 0C 00 00 00 05 
00 FF FF 00 14 0D 22 93 00 00 04 00 00 14 01 15 0C 00 00 00 10 
00 FF FF 00 14 0D 22 93 00 00 04 00 00 14 01 16 0C 00 00 00 05 
00 FF FF 00 14 0D 22 93 00 00 04 00 00 14 01 17 0C 00 00 00 05 
00 FF FF 00 14 0D 22 93 00 00 04 00 00 14 01 18 0C 00 00 00 1B 
00 FF FF 00 14 0D 22 93 00 00 04 00 00 14 01 19 0C 00 00 00 1C 
00 FF FF 00 14 0D 22 93 00 00 04 00 00 14 01 1A 0C 00 00 00 03 
00 FF FF 00 14 0D 22 93 00 00 04 00 00 14 01 1B 0C 00 00 00 06 
00 FF FF 00 14 0D 22 93 00 00 04 00 00 14 01 1C 0C 00 00 00 17 
00 FF FF 00 14 0D 22 93 00 00 04 00 00 14 01 1D 0C 00 00 00 1C 
00 FF FF 00 14 0D 22 93 00 00 04 00 00 14 01 1E 0C 00 00 00 5A 
00 FF FF 00 14 0D 22 93 00 00 04 00 00 14 01 1F 0C 00 00 00 6A 
00 FF FF 00 14 0D 22 93 00 00 04 00 00 14 01 20 0C 00 00 00 49 
00 FF FF 00 14 0D 22 93 00 00 04 00 00 14 01 21 0C 00 00 00 14 
00 FF FF 00 14 0D 22 93 00 00 04 00 00 14 01 22 0C 00 00 00 3A 
00 FF FF 00 14 0D 22 93 00 00 04 00 00 14 01 23 0C 00 00 00 66 
00 FF FF 00 14 0D 22 93 00 00 04 00 00 14 01 24 0C 00 00 00 08 
00 FF FF 00 14 0D 22 93 00 00 04 00 00 14 01 25 0C 00 00 00 4C 
00 FF FF 00 14 0D 22 93 00 00 04 00 00 14 01 26 0C 00 00 00 0A 
00 FF FF 00 14 0D 22 93 00 00 04 00 00 14 01 27 0C 00 00 00 27 
00 FF FF 00 14 0D 22 93 00 00 04 00 00 14 01 28 0C 00 00 00 39 
00 FF FF 00 14 0D 22 93 00 00 04 00 00 14 01 29 0C 00 00 00 06 
00 FF FF 00 14 0D 22 93 00 00 04 00 00 14 01 2A 0C 00 00 00 29 
00 FF FF 00 14 0D 22 93 00 00 04 00 00 14 01 2B 0C 00 00 00 52 
00 FF FF 00 14 0D 22 93 00 00 04 00 00 14 01 2C 0C 00 00 00 0A 
00 FF FF 00 14 0D 22 93 00 00 04 00 00 14 01 2D 0C 00 00 00 36 
00 FF FF 00 14 0D 22 93 00 00 04 00 00 14 01 2E 0C 00 00 00 5C 
00 FF FF 00 14 0D 22 93 00 00 04 00 00 14 01 2F 0C 00 00 00 61 
00 FF FF 00 14 0D 22 93 00 00 04 00 00 14 01 30 0C 00 00 00 1A 
00 FF FF 00 14 0D 22 93 00 00 04 00 00 14 01 31 0C 00 00 00 57 
00 FF FF 00 14 0D 22 93 00 00 04 00 00 14 01 32 0C 00 00 00 76 
00 FF FF 00 14 0D 22 93 00 00 04 00 00 14 01 33 0C 00 00 00 29 
00 FF FF 00 14 0D 22 93 00 00 04 00 00 14 01 34 0C 00 00 00 4C 
00 FF FF 00 14 0D 22 93 00 00 04 00 00 14 01 35 0C 00 00 00 42 
00 FF FF 00 14 0D 22 93 00 00 04 00 00 14 01 36 0C 00 00 00 0D 
00 FF FF 00 14 0D 22 93 00 00 04 00 00 14 01 37 0C 00 00 00 4A 
00 FF FF 00 14 0D 22 93 00 00 04 00 00 14 01 38 0C 00 00 00 3F 
00 FF FF 00 14 0D 22 93 00 00 04 00 00 14 01 39 0C 00 00 00 30 
00 FF FF 00 14 0D 22 93 00 00 04 00 00 14 01 3A 0C 00 00 00 44 
00 FF FF 00 14 0D 22 93 00 00 04 00 00 14 01 3B 0C 00 00 00 43 
00 FF FF 00 14 0D 22 93 00 00 04 00 00 14 01 3C 0C 00 00 00 36 
00 FF FF 00 14 0D 22 93 00 00 04 00 00 14 01 3D 0C 00 00 00 76 
00 FF FF 00 14 0D 22 93 00 00 04 00 00 14 01 3E 0C 00 00 00 55 
00 FF FF 00 14 0D 22 93 00 00 04 00 00 14 01 3F 0C 00 00 00 18 
00 FF FF 00 14 0D 22 93 00 00 04 00 00 14 01 41 0C 00 00 00 49 
00 FF FF 00 14 0D 22 93 00 00 04 00 00 14 01 42 0C 00 00 00 37 
00 FF FF 00 14 0D 22 93 00 00 04 00 00 14 01 43 0C 00 00 00 EA 
00 FF FF 00 14 0D 22 93 00 00 04 00 00 14 01 44 0C 00 00 00 61 
00 FF FF 00 14 0D 22 93 00 00 04 00 00 14 01 45 0C 00 00 00 34 
00 FF FF 00 14 0D 22 93 00 00 04 00 00 14 01 46 0C 00 00 00 63 
00 FF FF 00 14 0D 22 93 00 00 04 00 00 14 01 47 0C 00 00 00 26 
00 FF FF 00 14 0D 22 93 00 00 04 00 00 14 01 48 0C 00 00 00 01 
00 FF FF 00 14 0D 22 93 00 00 04 00 00 14 01 49 0C 00 00 00 7D 
00 FF FF 00 14 0D 22 93 00 00 04 00 00 14 01 4A 0C 00 00 00 92 
00 FF FF 00 14 0D 22 93 00 00 04 00 00 14 01 4B 0C 00 00 00 67 
00 FF FF 00 14 0D 22 93 00 00 04 00 00 14 01 4C 0C 00 00 00 55 
00 FF FF 00 14 0D 22 93 00 00 04 00 00 14 01 4D 0C 00 00 00 52 
00 FF FF 00 14 0D 22 93 00 00 04 00 00 14 01 4E 0C 00 00 00 45 
00 FF FF 00 14 0D 22 93 00 00 04 00 00 14 01 4F 0C 00 00 00 63 
00 FF FF 00 14 0D 22 93 00 00 04 00 00 14 01 50 0C 00 00 01 31 
00 FF FF 00 14 0D 22 93 00 00 04 00 00 14 01 52 0C 00 00 00 5F 
00 FF FF 00 14 0D 22 93 00 00 04 00 00 14 01 53 0C 00 00 01 BB 
00 FF FF 00 14 0D 22 93 00 00 04 00 00 14 01 54 0C 00 00 00 CA 
00 FF FF 00 14 0D 22 93 00 00 04 00 00 14 01 55 0C 00 00 00 36 
00 FF FF 00 14 0D 22 93 00 00 04 00 00 14 01 56 0C 00 00 00 76 
00 FF FF 00 14 0D 22 93 00 00 04 00 00 14 01 57 0C 00 00 00 52 
00 FF FF 00 14 0D 22 93 00 00 04 00 00 14 01 58 0C 00 00 00 3E 
00 FF FF 00 14 0D 22 93 00 00 04 00 00 14 01 59 0C 00 00 00 C9 
00 FF FF 00 14 0D 22 93 00 00 04 00 00 14 01 5A 0C 00 00 00 30 
00 FF FF 00 14 0D 22 93 00 00 04 00 00 14 01 5B 0C 00 00 00 6A 
00 FF FF 00 14 0D 22 93 00 00 04 00 00 14 01 5C 0C 00 00 00 33 
00 FF FF 00 14 0D 22 93 00 00 04 00 00 14 01 5D 0C 00 00 00 34 
00 FF FF 00 14 0D 22 93 00 00 04 00 00 14 01 5E 0C 00 00 00 4A 
00 FF FF 00 14 0D 22 93 00 00 04 00 00 14 01 5F 0C 00 00 00 AD 
00 FF FF 00 14 0D 22 93 00 00 04 00 00 14 01 60 0C 00 00 00 08 
00 FF FF 00 14 0D 22 93 00 00 04 00 00 14 01 61 0C 00 00 00 41 
00 FF FF 00 14 0D 22 93 00 00 04 00 00 14 01 62 0C 00 00 01 0B 
00 FF FF 00 14 0D 22 93 00 00 04 00 00 14 01 63 0C 00 00 00 3E 
00 FF FF 00 14 0D 22 93 00 00 04 00 00 14 01 64 0C 00 00 00 68 
00 FF FF 00 14 0D 22 93 00 00 04 00 00 14 01 65 0C 00 00 00 62 
00 FF FF 00 14 0D 22 93 00 00 04 00 00 14 01 66 0C 00 00 00 71 
00 FF FF 00 14 0D 22 93 00 00 04 00 00 14 01 67 0C 00 00 02 01 
00 FF FF 00 14 0D 22 93 00 00 04 00 00 14 01 68 0C 00 00 00 44 
00 FF FF 00 14 0D 22 93 00 00 04 00 00 14 01 69 0C 00 00 00 57 
00 FF FF 00 14 0D 22 93 00 00 04 00 00 14 01 6B 0C 00 00 00 1E 
00 FF FF 00 14 0D 22 93 00 00 04 00 00 14 01 6C 0C 00 00 00 5D 
00 FF FF 00 14 0D 22 93 00 00 04 00 00 14 01 6D 0C 00 00 00 08 
00 FF FF 00 14 0D 22 93 00 00 04 00 00 14 01 6F 0C 00 00 00 6E 
00 FF FF 00 14 0D 22 93 00 00 04 00 00 14 01 71 0C 00 00 00 6D 
00 FF FF 00 14 0D 22 93 00 00 04 00 00 14 01 72 0C 00 00 00 6E 
00 FF FF 00 14 0D 22 93 00 00 04 00 00 14 01 73 0C 00 00 01 33 
00 FF FF 00 14 0D 22 93 00 00 04 00 00 14 01 74 0C 00 00 00 67 
00 FF FF 00 14 0D 22 93 00 00 04 00 00 14 01 75 0C 00 00 00 2D 
00 FF FF 00 14 0D 22 93 00 00 04 00 00 14 01 76 0C 00 00 00 FB 
00 FF FF 00 14 0D 22 93 00 00 04 00 00 14 01 77 0C 00 00 00 37 
00 FF FF 00 14 0D 22 93 00 00 04 00 00 14 01 78 0C 00 00 00 82 
00 FF FF 00 14 0D 22 93 00 00 04 00 00 14 01 79 0C 00 00 00 56 
00 FF FF 00 14 0D 22 93 00 00 04 00 00 14 01 7A 0C 00 00 01 5C 
00 FF FF 00 14 0D 22 93 00 00 04 00 00 14 01 7B 0C 00 00 02 06 
00 FF FF 00 14 0D 22 93 00 00 04 00 00 14 01 7C 0C 00 00 00 68 
00 FF FF 00 14 0D 22 93 00 00 04 00 00 14 01 7D 0C 00 00 01 1B 
00 FF FF 00 14 0D 22 93 00 00 04 00 00 14 01 7E 0C 00 00 01 6C 
00 FF FF 00 14 0D 22 93 00 00 04 00 00 14 01 7F 0C 00 00 00 5A 
00 FF FF 00 14 0D 22 93 00 00 04 00 00 14 01 80 0C 00 00 00 3D 
00 FF FF 00 14 0D 22 93 00 00 04 00 00 14 01 81 0C 00 00 00 30 
00 FF FF 00 14 0D 22 93 00 00 04 00 00 14 01 82 0C 00 00 00 0C 
00 FF FF 00 14 0D 22 93 00 00 04 00 00 14 01 83 0C 00 00 00 2D 
00 FF FF 00 14 0D 22 93 00 00 04 00 00 14 01 84 0C 00 00 00 50 
00 FF FF 00 14 0D 22 93 00 00 04 00 00 14 01 85 0C 00 00 00 11 
00 FF FF 00 14 0D 22 93 00 00 04 00 00 14 01 86 0C 00 00 00 58 
00 FF FF 00 14 0D 22 93 00 00 04 00 00 14 01 87 0C 00 00 00 73 
00 FF FF 00 14 0D 22 93 00 00 04 00 00 14 01 88 0C 00 00 00 8D 
00 FF FF 00 14 0D 22 93 00 00 04 00 00 14 01 89 0C 00 00 00 B1 
00 FF FF 00 14 0D 22 93 00 00 04 00 00 14 01 8A 0C 00 00 00 42 
00 FF FF 00 14 0D 22 93 00 00 04 00 00 14 01 8B 0C 00 00 00 21 
00 FF FF 00 14 0D 22 93 00 00 04 00 00 14 01 8C 0C 00 00 00 54 
00 FF FF 00 14 0D 22 93 00 00 04 00 00 14 01 8D 0C 00 00 00 B3 
00 FF FF 00 14 0D 22 93 00 00 04 00 00 14 01 8E 0C 00 00 00 2D 
00 FF FF 00 14 0D 22 93 00 00 04 00 00 14 01 8F 0C 00 00 00 9A 
00 FF FF 00 14 0D 22 93 00 00 04 00 00 14 01 90 0C 00 00 00 70 
00 FF FF 00 14 0D 22 93 00 00 04 00 00 14 01 91 0C 00 00 00 1E 
00 FF FF 00 14 0D 22 93 00 00 04 00 00 14 01 92 0C 00 00 00 A4 
00 FF FF 00 14 0D 22 93 00 00 04 00 00 14 01 93 0C 00 00 00 CF 
00 FF FF 00 14 0D 22 93 00 00 04 00 00 14 01 94 0C 00 00 00 3F 
00 FF FF 00 14 0D 22 93 00 00 04 00 00 14 01 95 0C 00 00 00 4E 
00 FF FF 00 14 0D 22 93 00 00 04 00 00 14 01 96 0C 00 00 00 17 
00 FF FF 00 14 0D 22 93 00 00 04 00 00 14 01 97 0C 00 00 00 4F 
00 FF FF 00 14 0D 22 93 00 00 04 00 00 14 01 98 0C 00 00 00 20 
00 FF FF 00 14 0D 22 93 00 00 04 00 00 14 01 99 0C 00 00 00 2C 
00 FF FF 00 14 0D 22 93 00 00 04 00 00 14 01 9A 0C 00 00 00 23 
00 FF FF 00 14 0D 22 93 00 00 04 00 00 14 01 9B 0C 00 00 00 69 
00 FF FF 00 14 0D 22 93 00 00 04 00 00 14 01 9C 0C 00 00 00 10 
00 FF FF 00 14 0D 22 93 00 00 04 00 00 14 01 9D 0C 00 00 00 0D 
00 FF FF 00 14 0D 22 93 00 00 04 00 00 14 01 9E 0C 00 00 00 10 
00 FF FF 00 14 0D 22 93 00 00 04 00 00 14 01 9F 0C 00 00 00 92 
00 FF FF 00 14 0D 22 93 00 00 04 00 00 14 01 A0 0C 00 00 00 00 
00 FF FF 00 14 0D 22 93 00 00 04 00 00 14 01 A1 0C 00 00 00 15 
00 FF FF 00 14 0D 22 93 00 00 04 00 00 14 01 A2 0C 00 00 00 3D 
00 FF FF 00 14 0D 22 93 00 00 04 00 00 14 01 A3 0C 00 00 00 D5 
00 FF FF 00 14 0D 22 93 00 00 04 00 00 14 01 A4 0C 00 00 00 2A 
00 FF FF 00 14 0D 22 93 00 00 04 00 00 14 01 A5 0C 00 00 00 07 
00 FF FF 00 14 0D 22 93 00 00 04 00 00 14 01 A6 0C 00 00 01 5E 
00 FF FF 00 14 0D 22 93 00 00 04 00 00 14 01 A7 0C 00 00 00 57 
00 FF FF 00 14 0D 22 93 00 00 04 00 00 14 01 A8 0C 00 00 00 8E 
00 FF FF 00 14 0D 22 93 00 00 04 00 00 14 01 A9 0C 00 00 00 2D 
00 FF FF 00 14 0D 22 93 00 00 04 00 00 14 01 AA 0C 00 00 00 43 
00 FF FF 00 14 0D 22 93 00 00 04 00 00 14 01 AB 0C 00 00 00 13 
00 FF FF 00 14 0D 22 93 00 00 04 00 00 14 01 AC 0C 00 00 00 46 
00 FF FF 00 14 0D 22 93 00 00 04 00 00 14 01 AD 0C 00 00 00 9C 
00 FF FF 00 14 0D 22 93 00 00 04 00 00 14 01 AE 0C 00 00 00 11 
00 FF FF 00 14 0D 22 93 00 00 04 00 00 14 01 AF 0C 00 00 00 8F 
00 FF FF 00 14 0D 22 93 00 00 04 00 00 14 01 B0 0C 00 00 00 3A 
00 FF FF 00 14 0D 22 93 00 00 04 00 00 14 01 B1 0C 00 00 00 04 
00 FF FF 00 14 0D 22 93 00 00 04 00 00 14 01 B2 0C 00 00 01 06 
00 FF FF 00 14 0D 22 93 00 00 04 00 00 14 01 B3 0C 00 00 00 E8 
00 FF FF 00 14 0D 22 93 00 00 04 00 00 14 01 B4 0C 00 00 00 87 
00 FF FF 00 14 0D 22 93 00 00 04 00 00 14 01 B5 0C 00 00 00 7D 
00 FF FF 00 14 0D 22 93 00 00 04 00 00 14 01 B6 0C 00 00 00 4E 
00 FF FF 00 14 0D 22 93 00 00 04 00 00 14 01 B7 0C 00 00 00 3D 
00 FF FF 00 14 0D 22 93 00 00 04 00 00 14 01 B8 0C 00 00 00 D6 
00 FF FF 00 14 0D 22 93 00 00 04 00 00 14 01 B9 0C 00 00 00 6F 
00 FF FF 00 14 0D 22 93 00 00 04 00 00 14 01 BA 0C 00 00 00 38 
00 FF FF 00 14 0D 22 93 00 00 04 00 00 14 01 BB 0C 00 00 00 5E 
00 FF FF 00 14 0D 22 93 00 00 04 00 00 14 01 BC 0C 00 00 00 85 
00 FF FF 00 14 0D 22 93 00 00 04 00 00 14 01 BD 0C 00 00 00 D7 
00 FF FF 00 14 0D 22 93 00 00 04 00 00 14 01 BE 0C 00 00 00 6A 
00 FF FF 00 14 0D 22 93 00 00 04 00 00 14 01 BF 0C 00 00 00 5F 
00 FF FF 00 14 0D 22 93 00 00 04 00 00 14 01 C0 0C 00 00 00 8E 
00 FF FF 00 14 0D 22 93 00 00 04 00 00 14 01 C1 0C 00 00 00 6D 
00 FF FF 00 14 0D 22 93 00 00 04 00 00 14 01 C2 0C 00 00 00 0D 
00 FF FF 00 14 0D 22 93 00 00 04 00 00 14 01 C3 0C 00 00 00 01 
00 FF FF 00 14 0D 22 93 00 00 04 00 00 14 01 C4 0C 00 00 00 32 
00 FF FF 00 14 0D 22 93 00 00 04 00 00 14 01 C5 0C 00 00 00 4B 
00 FF FF 00 14 0D 22 93 00 00 04 00 00 14 01 C6 0C 00 00 00 40 
00 FF FF 00 14 0D 22 93 00 00 04 00 00 14 01 C7 0C 00 00 00 6B 
00 FF FF 00 14 0D 22 93 00 00 04 00 00 14 01 C8 0C 00 00 00 0B 
00 FF FF 00 14 0D 22 93 00 00 04 00 00 14 01 CA 0C 00 00 00 2B 
00 FF FF 00 14 0D 22 93 00 00 04 00 00 14 01 CB 0C 00 00 01 00 
00 FF FF 00 14 0D 22 93 00 00 04 00 00 14 01 CC 0C 00 00 00 05 
00 FF FF 00 14 0D 22 93 00 00 04 00 00 14 01 CD 0C 00 00 00 F8 
00 FF FF 00 14 0D 22 93 00 00 04 00 00 14 01 CE 0C 00 00 00 C5 
00 FF FF 00 14 0D 22 93 00 00 04 00 00 14 01 CF 0C 00 00 00 15 
00 FF FF 00 14 0D 22 93 00 00 04 00 00 14 01 D0 0C 00 00 00 4D 
00 FF FF 00 14 0D 22 93 00 00 04 00 00 14 01 D1 0C 00 00 00 37 
00 FF FF 00 14 0D 22 93 00 00 04 00 00 14 01 D2 0C 00 00 00 6F 
00 FF FF 00 14 0D 22 93 00 00 04 00 00 14 01 D3 0C 00 00 00 CB 
00 FF FF 00 14 0D 22 93 00 00 04 00 00 14 01 D4 0C 00 00 00 6F 
00 FF FF 00 14 0D 22 93 00 00 04 00 00 14 01 D5 0C 00 00 00 34 
00 FF FF 00 14 0D 22 93 00 00 04 00 00 14 01 D6 0C 00 00 00 3D 
00 FF FF 00 14 0D 22 93 00 00 04 00 00 14 01 D7 0C 00 00 00 71 
00 FF FF 00 14 0D 22 93 00 00 04 00 00 14 01 D8 0C 00 00 00 17 
00 FF FF 00 14 0D 22 93 00 00 04 00 00 14 01 D9 0C 00 00 00 66 
00 FF FF 00 14 0D 22 93 00 00 04 00 00 14 01 DA 0C 00 00 00 37 
00 FF FF 00 14 0D 22 93 00 00 04 00 00 14 01 DB 0C 00 00 00 0E 
00 FF FF 00 14 0D 22 93 00 00 04 00 00 14 01 DC 0C 00 00 00 5B 
00 FF FF 00 14 0D 22 93 00 00 04 00 00 14 01 DD 0C 00 00 00 B3 
00 FF FF 00 14 0D 22 93 00 00 04 00 00 14 01 DE 0C 00 00 00 64 
00 FF FF 00 14 0D 22 93 00 00 04 00 00 14 01 DF 0C 00 00 00 87 
00 FF FF 00 14 0D 22 93 00 00 04 00 00 14 01 E0 0C 00 00 00 B2 
00 FF FF 00 14 0D 22 93 00 00 04 00 00 14 01 E3 0C 00 00 00 8D 
00 FF FF 00 14 0D 22 93 00 00 04 00 00 14 01 E4 0C 00 00 00 23 
00 FF FF 00 14 0D 22 93 00 00 04 00 00 14 01 E5 0C 00 00 00 E5 
00 FF FF 00 14 0D 22 93 00 00 04 00 00 14 01 E6 0C 00 00 01 83 
00 FF FF 00 14 0D 22 93 00 00 04 00 00 14 01 E7 0C 00 00 00 01 
00 FF FF 00 14 0D 22 93 00 00 04 00 00 14 01 E8 0C 00 00 01 03 
00 FF FF 00 14 0D 22 93 00 00 04 00 00 14 01 E9 0C 00 00 00 69 
00 FF FF 00 14 0D 22 93 00 00 04 00 00 14 01 EA 0C 00 00 00 39 
00 FF FF 00 14 0D 22 93 00 00 04 00 00 14 01 EB 0C 00 00 00 A6 
