In order to load the library 'toscomm' Java tries to locate the file 'libtoscomm.so' in one of the following paths:
/usr/java/packages/lib/i386:/usr/lib/i386-linux-gnu/jni:/lib/i386-linux-gnu:/usr/lib/i386-linux-gnu:/usr/lib/jni:/lib:/usr/lib

The operating system is 'Linux' (i386)

Trying to locate the file 'linux_x86_toscomm.lib' in the classpath
Temporary file created: '/tmp/toscomm3208724537864385529.lib'
Library copied successfully. Let's load it.
Library loaded successfully
00 FF FF 00 17 0C 22 93 00 00 04 00 00 17 03 F4 00 00 00 00 
00 FF FF 00 17 0C 22 93 00 00 04 00 00 17 03 F5 00 00 00 00 
00 FF FF 00 17 0C 22 93 00 00 04 00 00 17 03 F8 00 00 00 00 
00 FF FF 00 17 0C 22 93 00 00 04 00 00 17 03 FB 00 00 00 00 
00 FF FF 00 17 0C 22 93 00 00 04 00 00 17 04 03 00 00 00 00 
00 FF FF 00 17 0C 22 93 00 00 04 00 00 17 04 0F 00 00 00 00 
00 FF FF 00 17 0C 22 93 00 00 04 00 00 17 04 25 00 00 00 00 
00 FF FF 00 17 0C 22 93 00 00 04 00 00 17 04 26 00 00 00 00 
00 FF FF 00 17 0C 22 93 00 00 04 00 00 17 04 27 00 00 00 00 
00 FF FF 00 17 0C 22 93 00 00 04 00 00 17 04 28 00 00 00 00 
00 FF FF 00 17 0C 22 93 00 00 04 00 00 17 04 2A 00 00 00 00 
00 FF FF 00 17 0C 22 93 00 00 04 00 00 17 04 2C 00 00 00 00 
00 FF FF 00 17 0C 22 93 00 00 04 00 00 17 04 2D 00 00 00 00 
00 FF FF 00 17 0C 22 93 00 00 04 00 00 17 04 2E 00 00 00 00 
00 FF FF 00 17 0C 22 93 00 00 04 00 00 17 04 2F 00 00 00 00 
00 FF FF 00 17 0C 22 93 00 00 04 00 00 17 04 30 00 00 00 00 
00 FF FF 00 17 0C 22 93 00 00 04 00 00 17 04 31 00 00 00 00 
00 FF FF 00 17 0C 22 93 00 00 04 00 00 17 04 32 00 00 00 00 
00 FF FF 00 17 0C 22 93 00 00 04 00 00 17 04 33 00 00 00 00 
00 FF FF 00 17 0C 22 93 00 00 04 00 00 17 04 34 00 00 00 00 
00 FF FF 00 17 0C 22 93 00 00 04 00 00 17 04 36 00 00 00 00 
00 FF FF 00 17 0C 22 93 00 00 04 00 00 17 04 37 00 00 00 00 
00 FF FF 00 17 0C 22 93 00 00 04 00 00 17 04 3B 00 00 00 00 
00 FF FF 00 17 0C 22 93 00 00 04 00 00 17 04 3C 00 00 00 00 
00 FF FF 00 17 0C 22 93 00 00 04 00 00 17 04 3D 00 00 00 00 
00 FF FF 00 17 0C 22 93 00 00 04 00 00 17 04 3E 00 00 00 00 
00 FF FF 00 17 0C 22 93 00 00 04 00 00 17 04 3F 00 00 00 00 
00 FF FF 00 17 0C 22 93 00 00 04 00 00 17 04 40 00 00 00 00 
00 FF FF 00 17 0C 22 93 00 00 04 00 00 17 04 42 00 00 00 00 
00 FF FF 00 17 0C 22 93 00 00 04 00 00 17 04 43 00 00 00 00 
00 FF FF 00 17 0C 22 93 00 00 04 00 00 17 04 46 00 00 00 00 
00 FF FF 00 17 0C 22 93 00 00 04 00 00 17 04 48 00 00 00 00 
00 FF FF 00 17 0C 22 93 00 00 04 00 00 17 04 49 00 00 00 00 
00 FF FF 00 17 0C 22 93 00 00 04 00 00 17 04 4D 00 00 00 00 
00 FF FF 00 17 0C 22 93 00 00 04 00 00 17 04 4E 00 00 00 00 
00 FF FF 00 17 0C 22 93 00 00 04 00 00 17 04 4F 00 00 00 00 
00 FF FF 00 17 0C 22 93 00 00 04 00 00 17 04 51 00 00 00 00 
00 FF FF 00 17 0C 22 93 00 00 04 00 00 17 04 52 00 00 00 00 
00 FF FF 00 17 0C 22 93 00 00 04 00 00 17 04 57 00 00 00 00 
00 FF FF 00 17 0C 22 93 00 00 04 00 00 17 04 58 00 00 00 00 
00 FF FF 00 17 0C 22 93 00 00 04 00 00 17 04 59 00 00 00 00 
00 FF FF 00 17 0C 22 93 00 00 04 00 00 17 04 5B 00 00 00 00 
00 FF FF 00 17 0C 22 93 00 00 04 00 00 17 04 5C 00 00 00 00 
00 FF FF 00 17 0C 22 93 00 00 04 00 00 17 04 5E 00 00 00 00 
00 FF FF 00 17 0C 22 93 00 00 04 00 00 17 04 5F 00 00 00 00 
00 FF FF 00 17 0C 22 93 00 00 04 00 00 17 04 60 00 00 00 00 
00 FF FF 00 17 0C 22 93 00 00 04 00 00 17 04 62 00 00 00 00 
00 FF FF 00 17 0C 22 93 00 00 04 00 00 17 04 65 00 00 00 00 
00 FF FF 00 17 0C 22 93 00 00 04 00 00 17 04 66 00 00 00 00 
00 FF FF 00 17 0C 22 93 00 00 04 00 00 17 04 67 00 00 00 00 
00 FF FF 00 17 0C 22 93 00 00 04 00 00 17 04 68 00 00 00 00 
00 FF FF 00 17 0C 22 93 00 00 04 00 00 17 04 6A 00 00 00 00 
00 FF FF 00 17 0C 22 93 00 00 04 00 00 17 04 6C 00 00 00 00 
00 FF FF 00 17 0C 22 93 00 00 04 00 00 17 04 6D 00 00 00 00 
00 FF FF 00 17 0C 22 93 00 00 04 00 00 17 04 6E 00 00 00 00 
00 FF FF 00 17 0C 22 93 00 00 04 00 00 17 04 71 00 00 00 00 
00 FF FF 00 17 0C 22 93 00 00 04 00 00 17 04 72 00 00 00 00 
00 FF FF 00 17 0C 22 93 00 00 04 00 00 17 04 73 00 00 00 00 
00 FF FF 00 17 0C 22 93 00 00 04 00 00 17 04 75 00 00 00 00 
00 FF FF 00 17 0C 22 93 00 00 04 00 00 17 04 78 00 00 00 00 
00 FF FF 00 17 0C 22 93 00 00 04 00 00 17 04 7A 00 00 00 00 
00 FF FF 00 17 0C 22 93 00 00 04 00 00 17 04 7B 00 00 00 00 
00 FF FF 00 17 0C 22 93 00 00 04 00 00 17 04 7E 00 00 00 00 
00 FF FF 00 17 0C 22 93 00 00 04 00 00 17 04 7F 00 00 00 00 
00 FF FF 00 17 0C 22 93 00 00 04 00 00 17 04 80 00 00 00 00 
00 FF FF 00 17 0C 22 93 00 00 04 00 00 17 04 81 00 00 00 00 
00 FF FF 00 17 0C 22 93 00 00 04 00 00 17 04 82 00 00 00 00 
00 FF FF 00 17 0C 22 93 00 00 04 00 00 17 04 84 00 00 00 00 
00 FF FF 00 17 0C 22 93 00 00 04 00 00 17 04 85 00 00 00 00 
00 FF FF 00 17 0C 22 93 00 00 04 00 00 17 04 86 00 00 00 00 
00 FF FF 00 17 0C 22 93 00 00 04 00 00 17 04 87 00 00 00 00 
00 FF FF 00 17 0C 22 93 00 00 04 00 00 17 04 88 00 00 00 00 
00 FF FF 00 17 0C 22 93 00 00 04 00 00 17 04 8D 00 00 00 00 
00 FF FF 00 17 0C 22 93 00 00 04 00 00 17 04 8E 00 00 00 00 
00 FF FF 00 17 0C 22 93 00 00 04 00 00 17 04 8F 00 00 00 00 
00 FF FF 00 17 0C 22 93 00 00 04 00 00 17 04 90 00 00 00 00 
00 FF FF 00 17 0C 22 93 00 00 04 00 00 17 04 91 00 00 00 00 
00 FF FF 00 17 0C 22 93 00 00 04 00 00 17 04 92 00 00 00 00 
00 FF FF 00 17 0C 22 93 00 00 04 00 00 17 04 93 00 00 00 00 
00 FF FF 00 17 0C 22 93 00 00 04 00 00 17 04 94 00 00 00 00 
00 FF FF 00 17 0C 22 93 00 00 04 00 00 17 04 96 00 00 00 00 
00 FF FF 00 17 0C 22 93 00 00 04 00 00 17 04 97 00 00 00 00 
00 FF FF 00 17 0C 22 93 00 00 04 00 00 17 04 98 00 00 00 00 
00 FF FF 00 17 0C 22 93 00 00 04 00 00 17 04 99 00 00 00 00 
00 FF FF 00 17 0C 22 93 00 00 04 00 00 17 04 9B 00 00 00 00 
00 FF FF 00 17 0C 22 93 00 00 04 00 00 17 04 9C 00 00 00 00 
00 FF FF 00 17 0C 22 93 00 00 04 00 00 17 04 9F 00 00 00 00 
00 FF FF 00 17 0C 22 93 00 00 04 00 00 17 04 A0 00 00 00 00 
00 FF FF 00 17 0C 22 93 00 00 04 00 00 17 04 A2 00 00 00 00 
00 FF FF 00 17 0C 22 93 00 00 04 00 00 17 04 A4 00 00 00 00 
00 FF FF 00 17 0C 22 93 00 00 04 00 00 17 04 A5 00 00 00 00 
00 FF FF 00 17 0C 22 93 00 00 04 00 00 17 04 A6 00 00 00 00 
00 FF FF 00 17 0C 22 93 00 00 04 00 00 17 04 A7 00 00 00 00 
00 FF FF 00 17 0C 22 93 00 00 04 00 00 17 04 A8 00 00 00 00 
00 FF FF 00 17 0C 22 93 00 00 04 00 00 17 04 A9 00 00 00 00 
00 FF FF 00 17 0C 22 93 00 00 04 00 00 17 04 AB 00 00 00 00 
00 FF FF 00 17 0C 22 93 00 00 04 00 00 17 04 AF 00 00 00 00 
00 FF FF 00 17 0C 22 93 00 00 04 00 00 17 04 B0 00 00 00 00 
00 FF FF 00 17 0C 22 93 00 00 04 00 00 17 04 B1 00 00 00 00 
00 FF FF 00 17 0C 22 93 00 00 04 00 00 17 04 B2 00 00 00 00 
00 FF FF 00 17 0C 22 93 00 00 04 00 00 17 04 B3 00 00 00 00 
00 FF FF 00 17 0C 22 93 00 00 04 00 00 17 04 B4 00 00 00 00 
00 FF FF 00 17 0C 22 93 00 00 04 00 00 17 04 B5 00 00 00 00 
00 FF FF 00 17 0C 22 93 00 00 04 00 00 17 04 B6 00 00 00 00 
00 FF FF 00 17 0C 22 93 00 00 04 00 00 17 04 BB 00 00 00 00 
00 FF FF 00 17 0C 22 93 00 00 04 00 00 17 04 BC 00 00 00 00 
00 FF FF 00 17 0C 22 93 00 00 04 00 00 17 04 BE 00 00 00 00 
00 FF FF 00 17 0C 22 93 00 00 04 00 00 17 04 C0 00 00 00 00 
00 FF FF 00 17 0C 22 93 00 00 04 00 00 17 04 C3 00 00 00 00 
00 FF FF 00 17 0C 22 93 00 00 04 00 00 17 04 C5 00 00 00 00 
00 FF FF 00 17 0C 22 93 00 00 04 00 00 17 04 C6 00 00 00 00 
00 FF FF 00 17 0C 22 93 00 00 04 00 00 17 04 CB 00 00 00 00 
00 FF FF 00 17 0C 22 93 00 00 04 00 00 17 04 CC 00 00 00 00 
00 FF FF 00 17 0C 22 93 00 00 04 00 00 17 04 CD 00 00 00 00 
00 FF FF 00 17 0C 22 93 00 00 04 00 00 17 04 D0 00 00 00 00 
00 FF FF 00 17 0C 22 93 00 00 04 00 00 17 04 D1 00 00 00 00 
00 FF FF 00 17 0C 22 93 00 00 04 00 00 17 04 D2 00 00 00 00 
00 FF FF 00 17 0C 22 93 00 00 04 00 00 17 04 D3 00 00 00 00 
00 FF FF 00 17 0C 22 93 00 00 04 00 00 17 04 D7 00 00 00 00 
00 FF FF 00 17 0C 22 93 00 00 04 00 00 17 04 DD 00 00 00 00 
00 FF FF 00 17 0C 22 93 00 00 04 00 00 17 04 DE 00 00 00 00 
00 FF FF 00 17 0C 22 93 00 00 04 00 00 17 04 DF 00 00 00 00 
00 FF FF 00 17 0C 22 93 00 00 04 00 00 17 04 E4 00 00 00 00 
00 FF FF 00 17 0C 22 93 00 00 04 00 00 17 04 E9 00 00 00 00 
00 FF FF 00 17 0C 22 93 00 00 04 00 00 17 04 EB 00 00 00 00 
00 FF FF 00 17 0C 22 93 00 00 04 00 00 17 04 FC 00 00 00 00 
00 FF FF 00 17 0C 22 93 00 00 04 00 00 17 04 FD 00 00 00 00 
00 FF FF 00 17 0C 22 93 00 00 04 00 00 17 04 FE 00 00 00 00 
00 FF FF 00 17 0C 22 93 00 00 04 00 00 17 04 FF 00 00 00 00 
00 FF FF 00 17 0C 22 93 00 00 04 00 00 17 05 03 00 00 00 00 
00 FF FF 00 17 0C 22 93 00 00 04 00 00 17 05 06 00 00 00 00 
00 FF FF 00 17 0C 22 93 00 00 04 00 00 17 05 07 00 00 00 00 
00 FF FF 00 17 0C 22 93 00 00 04 00 00 17 05 08 00 00 00 00 
00 FF FF 00 17 0C 22 93 00 00 04 00 00 17 05 09 00 00 00 00 
00 FF FF 00 17 0C 22 93 00 00 04 00 00 17 05 18 00 00 00 00 
00 FF FF 00 17 0C 22 93 00 00 04 00 00 17 05 19 00 00 00 00 
00 FF FF 00 17 0C 22 93 00 00 04 00 00 17 05 1A 00 00 00 00 
00 FF FF 00 17 0C 22 93 00 00 04 00 00 17 05 1C 00 00 00 00 
00 FF FF 00 17 0C 22 93 00 00 04 00 00 17 05 1D 00 00 00 00 
00 FF FF 00 17 0C 22 93 00 00 04 00 00 17 05 1E 00 00 00 00 
00 FF FF 00 17 0C 22 93 00 00 04 00 00 17 05 22 00 00 00 00 
00 FF FF 00 17 0C 22 93 00 00 04 00 00 17 05 28 00 00 00 00 
00 FF FF 00 17 0C 22 93 00 00 04 00 00 17 05 29 00 00 00 00 
00 FF FF 00 17 0C 22 93 00 00 04 00 00 17 05 32 00 00 00 00 
00 FF FF 00 17 0C 22 93 00 00 04 00 00 17 05 46 00 00 00 00 
00 FF FF 00 17 0C 22 93 00 00 04 00 00 17 05 48 00 00 00 00 
00 FF FF 00 17 0C 22 93 00 00 04 00 00 17 05 4E 00 00 00 00 
00 FF FF 00 17 0C 22 93 00 00 04 00 00 17 05 54 00 00 00 00 
