0.448
0.439
0.461
0.604
0.485
0.461
0.678
0.651
0.62
0.651
0.336
0.492
0.411
0.504
0.488
0.596
0.462
0.428
0.476
0.407
0.524
0.508
0.492
0.428
0.601
0.475
0.401
0.595
0.623
0.486
0.474
0.666
0.526
0.554
0.483
0.564
0.449
0.529
0.528
0.625
0.656
0.595
0.39
0.492
0.691
0.708
0.604
0.612
0.624
0.666
0.366
0.5
0.624
0.717
0.615
0.586
0.645
0.682
0.619
0.479
0.501
0.694
0.765
0.673
0.478
0.565
0.705
0.463
0.51
0.902
0.736
0.711
0.446
0.574
0.602
0.608
0.546
0.545
0.723
0.811
0.611
0.617
0.537
0.591
0.556
0.512
0.66
0.721
0.716
0.584
0.552
0.471
0.459
0.478
0.524
0.627
0.648
0.405
0.556
0.583
0.477
0.549
0.513
0.536
0.705
0.63
0.453
0.517
0.481
0.494
0.625
0.637
0.838
0.811
0.667
0.525
0.436
0.491
0.492
0.575
0.818
0.836
0.742
0.609
0.494
0.404
0.457
0.482
0.633
0.817
0.81
0.556
0.566
0.439
0.478
0.704
0.516
0.509
0.476
0.568
0.589
0.474
0.471
0.431
0.519
0.678
0.841
0.677
0.59
0.524
0.523
0.512
0.545
0.764
0.93
0.765
0.654
0.561
0.544
0.549
0.454
0.646
0.824
0.82
0.701
0.631
0.556
0.525
0.485
0.502
0.742
0.93
0.545
0.631
0.146
0.455
0.457
0.577
0.616
0.823
0.827
0.685
0.607
0.604
0.559
0.629
0.373
0.642
0.869
0.75
0.644
0.283
0.406
0.551
0.43
0.592
0.713
0.861
0.503
0.575
0.392
0.563
0.53
0.483
0.587
0.815
0.561
0.681
0.532
0.482
0.437
0.427
0.528
0.56
0.828
0.709
0.663
0.607
0.498
0.506
0.469
0.683
0.719
0.652
0.626
0.585
0.464
0.51
0.476
0.669
0.673
0.703
0.627
0.682
0.67
0.625
0.465
0.473
0.481
0.634
0.639
0.576
0.658
0.687
0.55
0.397
0.548
0.598
0.645
0.65
0.494
0.696
0.622
0.513
0.451
0.464
0.525
0.496
0.589
0.588
0.571
0.554
0.469
0.538
0.622
0.611
0.569
0.494
0.591
0.624
0.438
0.456
0.548
0.409
0.523
0.587
0.55
0.554
0.349
0.475
0.458
0.431
0.389
0.619
0.596
0.716
0.647
0.523
0.443
0.507
0.48
0.538
0.575
0.655
0.54
0.468
0.638
0.478
0.479
0.479
0.534
0.624
0.481
0.586
0.514
0.344
0.446
0.567
0.632
0.59
0.739
0.653
0.47
0.475
0.498
0.456
0.524
0.479
0.451
0.564
0.657
0.535
0.428
0.403
0.461
0.442
0.624
0.447
0.559
0.558
0.57
0.716
0.712
0.543
0.367
0.52
0.645
0.658
0.586
0.6
0.86
0.689
0.547
0.542
0.617
0.736
0.435
0.7
0.64
0.816
0.519
0.581
0.665
0.596
0.659
0.654
0.46
0.822
0.789
0.618
0.498
0.706
0.725
0.581
0.587
0.757
0.832
0.709
0.617
0.554
0.678
0.651
0.571
0.611
0.7
0.813
0.669
0.509
0.531
0.572
0.447
0.555
0.685
0.831
0.688
0.609
0.479
0.583
0.63
0.595
0.652
0.738
0.652
0.665
0.54
0.546
0.542
0.603
0.607
0.582
0.848
0.757
0.588
0.535
0.51
0.536
0.597
0.607
0.797
0.842
0.657
0.536
0.458
0.495
0.512
0.556
0.636
0.498
0.708
0.582
0.492
0.492
0.361
0.499
0.574
0.753
0.824
0.686
0.57
0.416
0.426
0.463
0.628
0.77
0.832
0.7
0.618
0.529
0.606
0.488
0.559
0.642
0.746
0.792
0.582
0.604
0.416
0.526
0.458
0.546
0.651
0.827
0.772
0.681
0.504
0.504
0.533
0.433
0.635
0.764
0.863
0.705
0.616
0.503
0.518
0.533
0.542
0.772
0.795
0.784
0.683
0.576
0.584
0.392
0.478
0.503
0.795
0.646
0.63
0.653
0.591
0.606
0.607
0.546
0.397
0.482
0.509
0.556
0.654
0.587
0.595
0.561
0.556
0.349
0.512
0.441
0.669
0.822
0.684
0.622
0.565
0.553
0.518
0.538
0.341
0.619
0.642
0.69
0.547
0.549
0.468
0.627
0.426
0.607
0.651
0.669
0.628
0.538
0.456
0.533
0.465
0.457
0.574
0.684
0.58
0.555
0.439
0.454
0.507
0.536
0.609
0.675
0.559
0.62
0.489
0.482
0.608
0.626
0.618
0.622
0.64
0.727
0.509
0.451
0.595
0.615
0.706
0.611
0.737
0.692
0.32
0.507
0.408
0.482
0.54
0.553
0.593
0.645
0.603
0.545
0.473
0.425
0.521
0.517
0.479
0.641
0.688
0.664
0.533
0.464
0.468
0.521
0.585
0.628
0.662
0.641
0.608
0.499
0.478
0.56
0.556
0.583
0.739
0.722
0.571
0.492
0.431
0.64
0.524
0.614
0.57
0.664
0.574
0.606
0.471
0.543
0.465
0.492
0.479
0.574
0.474
0.62
0.442
0.581
0.467
0.511
0.489
0.449
0.56
0.746
0.489
0.506
0.433
0.458
0.472
0.53
0.64
0.838
0.675
0.574
0.45
0.49
0.427
0.486
0.467
0.623
0.682
0.599
0.502
0.487
0.488
0.447
0.504
0.511
0.645
0.666
0.563
0.475
0.505
0.488
0.497
0.478
0.602
0.649
0.63
0.518
0.477
0.524
0.529
0.533
0.584
0.718
0.689
0.551
0.533
0.891
0.601
0.639
0.528
0.589
0.67
0.632
0.503
0.518
0.622
0.6
0.58
0.61
0.657
0.676
0.571
0.499
0.74
0.745
0.591
0.614
0.668
0.677
0.604
0.537
0.534
0.845
0.774
0.639
0.565
0.606
0.629
0.59
0.602
0.831
0.861
0.687
0.568
0.561
0.549
0.617
0.607
0.666
0.606
0.609
0.617
0.508
0.547
0.565
0.586
0.609
0.755
0.829
0.581
0.562
0.486
0.485
0.536
0.664
0.552
0.693
0.562
0.195
0.495
0.402
0.564
0.566
0.542
0.637
0.626
0.634
0.453
0.442
0.481
0.491
0.584
0.63
0.649
0.553
0.418
0.468
0.579
0.585
0.53
0.557
0.627
0.642
0.514
0.493
0.394
0.368
0.469
0.54
0.543
0.621
0.568
0.488
0.508
0.485
0.515
0.498
0.539
0.603
0.62
0.517
0.542
0.556
0.478
0.476
0.556
0.613
0.632
0.576
0.635
0.532
0.538
0.531
0.485
0.558
0.528
0.624
0.533
0.515
0.522
0.643
0.502
0.458
0.586
0.708
0.559
0.501
0.568
0.517
0.659
0.564
0.532
0.603
0.62
0.651
0.611
0.588
0.603
0.403
0.475
0.506
0.816
0.812
0.689
0.597
0.629
0.595
0.595
0.548
0.715
0.778
0.515
0.56
0.637
0.674
0.678
0.562
0.589
0.771
0.827
0.68
0.608
0.674
0.6
0.188
0.613
0.67
0.473
0.743
0.625
0.595
0.709
0.53
0.444
0.687
0.721
0.556
0.661
0.591
0.675
0.602
0.569
0.434
0.563
0.6
0.743
0.564
0.636
0.649
0.66
0.555
0.486
0.59
0.728
0.52
0.534
0.621
0.669
0.577
0.463
0.487
0.557
0.687
0.649
0.685
0.276
0.646
0.508
0.513
0.627
0.649
0.647
0.592
0.674
0.657
0.592
0.514
0.472
0.5
0.686
0.449
0.635
0.549
0.651
0.565
0.491
0.548
0.611
0.558
0.589
0.655
0.672
0.612
0.472
0.553
0.508
0.537
0.492
0.634
0.674
0.452
0.615
0.506
0.549
0.532
0.451
0.511
0.726
0.675
0.628
0.535
0.284
0.574
0.535
0.645
0.555
0.643
0.683
0.58
0.196
0.587
0.598
0.522
0.512
0.654
0.678
0.649
0.701
0.695
0.604
0.583
0.484
0.636
0.659
0.696
0.58
0.624
0.629
0.647
0.51
0.515
0.599
0.68
0.644
0.532
0.494
0.462
0.473
0.471
0.5
0.658
0.696
0.573
0.499
0.425
0.528
0.477
0.541
0.65
0.677
0.645
0.531
0.477
0.532
0.509
0.587
0.538
0.657
0.691
0.59
0.508
0.522
0.579
0.543
0.407
0.644
0.27
0.633
0.525
0.592
0.589
0.582
0.657
0.83
0.181
0.593
0.559
0.547
0.568
0.543
0.689
0.569
0.608
0.631
0.513
0.536
0.495
0.585
0.443
0.61
0.611
0.555
0.616
0.581
0.504
0.501
0.847
0.716
0.598
0.606
0.527
0.518
0.459
0.522
0.422
0.531
0.563
0.465
0.623
0.528
