0.222
0.48
0.612
0.384
0.368
0.392
0.555
0.37
0.373
0.326
0.44
0.443
0.327
0.29
0.438
0.385
0.459
0.32
0.359
0.274
0.335
0.343
0.467
0.416
0.295
0.199
0.298
0.254
0.221
0.357
0.308
0.362
0.422
0.369
0.331
0.448
0.439
0.343
0.332
0.297
0.315
0.324
0.458
0.24
0.366
0.331
0.389
0.435
0.339
0.382
0.436
0.394
0.255
0.35
0.401
0.326
0.513
0.426
0.331
0.411
0.436
0.32
0.306
0.336
0.475
0.329
0.229
0.216
0.348
0.415
0.335
0.29
0.195
0.356
0.319
0.41
0.183
0.45
0.249
0.319
0.371
0.434
0.403
0.314
0.351
0.352
0.271
0.359
0.3
0.443
0.135
0.386
0.338
0.27
0.344
0.33
0.476
0.306
0.446
0.247
0.317
0.399
0.385
0.437
0.218
0.284
0.277
0.372
0.186
0.214
0.212
0.3
0.305
0.273
0.298
0.353
0.35
0.227
0.334
0.244
0.193
0.338
0.134
0.095
0.333
0.471
0.32
0.343
0.278
0.384
0.126
0.251
0.268
0.369
0.256
0.215
0.325
0.275
0.297
0.262
0.467
0.188
0.376
0.245
0.421
0.323
0.311
0.491
0.283
0.31
0.213
0.285
0.36
0.313
0.421
0.22
0.337
0.225
0.276
0.382
0.259
0.247
0.247
0.158
0.245
0.294
0.271
0.371
0.265
0.209
0.293
0.378
0.221
0.28
0.265
0.216
0.268
0.349
0.257
0.24
0.159
0.248
0.316
0.381
0.389
0.484
0.53
0.281
0.313
0.431
0.314
0.424
0.257
0.326
0.269
0.205
0.244
0.236
0.293
0.352
0.245
0.159
0.24
0.302
0.24
0.237
0.277
0.227
0.225
0.338
0.125
0.389
0.21
0.299
0.225
0.191
0.302
0.264
0.268
0.339
0.253
0.474
0.276
0.358
0.289
0.241
0.302
0.273
0.41
0.283
0.222
0.202
0.272
0.274
0.224
0.256
0.371
0.316
0.408
0.272
0.255
0.274
0.202
0.254
0.252
0.19
0.368
0.17
0.381
0.311
0.313
0.27
0.33
0.265
0.3
0.122
0.286
0.372
0.247
0.268
0.205
0.301
0.191
0.26
0.264
0.246
0.25
0.244
0.269
0.208
0.311
0.09
0.127
0.216
0.222
0.168
0.327
0.318
0.504
0.326
0.51
0.314
0.253
0.216
0.316
0.152
0.31
0.426
0.323
0.278
0.354
0.304
0.26
0.261
0.316
0.21
0.263
0.231
0.492
0.429
0.316
0.266
0.331
0.262
0.368
0.305
0.376
0.359
0.383
0.299
0.362
0.343
0.347
0.358
0.332
0.447
0.252
0.35
0.34
0.371
0.559
0.375
0.404
0.278
0.365
0.425
0.368
0.429
0.32
0.503
0.303
0.366
0.333
0.38
0.395
0.311
0.309
0.557
0.247
0.388
0.549
0.602
0.447
0.422
0.361
0.281
0.396
0.352
0.422
0.432
0.435
0.309
0.289
0.301
0.355
0.277
0.397
0.409
0.312
0.333
0.328
0.323
0.331
0.284
0.343
0.398
0.304
0.327
0.38
0.312
0.639
0.464
0.411
0.349
0.35
0.274
0.321
0.39
0.489
0.477
0.431
0.422
0.332
0.249
0.29
0.47
0.353
0.405
0.342
0.343
0.372
0.229
0.325
0.275
0.397
0.279
0.419
0.408
0.267
0.352
0.346
0.304
0.16
0.59
0.362
0.569
0.349
0.335
0.308
0.373
0.264
0.464
0.406
0.334
0.371
0.415
0.259
0.377
0.373
0.337
0.294
0.496
0.29
0.406
0.321
0.308
0.418
0.304
0.334
0.361
0.433
0.365
0.463
0.34
0.271
0.387
0.362
0.605
0.439
0.575
0.552
0.34
0.302
0.267
0.279
0.337
0.408
0.464
0.469
0.388
0.351
0.395
0.334
0.346
0.523
0.544
0.408
0.533
0.344
0.424
0.316
0.33
0.461
0.377
0.294
0.372
0.438
0.337
0.345
0.371
0.305
0.371
0.422
0.389
0.301
0.303
0.353
0.389
0.324
0.402
0.487
0.32
0.452
0.305
0.3
0.33
0.272
0.287
0.427
0.582
0.416
0.268
0.286
0.313
0.316
0.308
0.332
0.671
0.327
0.393
0.29
0.366
0.315
0.305
0.332
0.197
0.548
0.248
0.298
0.315
0.314
0.32
0.249
0.021
0.206
0.422
0.496
0.381
0.37
0.359
0.239
0.324
0.236
0.386
0.377
0.521
0.344
0.393
0.271
0.183
0.445
0.171
0.502
0.08
0.209
0.328
0.357
0.266
0.379
0.368
0.401
0.28
0.346
0.322
0.277
0.401
0.363
0.421
0.156
0.536
0.342
0.142
0.374
0.317
0.469
0.357
0.432
0.304
0.316
0.301
0.26
0.392
0.286
0.438
0.316
0.321
0.261
0.156
0.362
0.338
0.315
0.317
0.325
0.53
0.422
0.375
0.309
0.334
0.267
0.296
0.291
0.38
0.275
0.344
0.322
0.346
0.362
0.341
0.384
0.374
0.332
0.348
0.368
0.271
0.326
0.295
0.313
0.355
0.307
0.3
0.333
0.362
0.321
0.353
0.385
0.394
0.349
0.354
0.424
0.299
0.338
0.291
0.344
0.401
0.183
0.455
0.319
0.437
0.433
0.274
0.29
0.406
0.345
0.391
0.17
0.24
0.182
0.191
0.485
0.376
0.358
0.403
0.443
0.435
0.341
0.326
0.396
0.364
0.58
0.373
0.367
0.289
0.373
0.37
0.615
0.543
0.675
0.576
0.355
0.371
0.259
0.498
0.359
0.355
0.202
0.331
0.279
0.449
0.405
0.266
0.368
0.297
0.366
0.425
0.569
0.509
0.444
0.297
0.339
0.281
0.339
0.384
0.458
0.434
0.469
0.342
0.386
0.427
0.342
0.353
0.494
0.381
0.47
0.307
0.35
0.381
0.439
0.341
0.286
0.363
0.363
0.364
0.212
0.103
0.169
0.328
0.212
0.487
0.33
0.294
0.292
0.369
0.364
0.381
0.422
0.364
0.322
0.355
0.276
0.325
0.264
0.404
0.343
0.366
0.402
0.576
0.366
0.362
0.366
0.306
0.346
0.362
0.379
0.397
0.335
0.367
0.32
0.378
0.335
0.529
0.373
0.444
0.408
0.24
0.271
0.276
0.36
0.35
0.35
0.393
0.464
0.374
0.416
0.279
0.326
0.348
0.645
0.297
0.289
0.4
0.407
0.36
0.362
0.391
0.44
0.201
0.547
0.372
0.356
0.252
0.194
0.28
0.293
0.314
0.307
0.417
0.37
0.289
0.276
0.332
0.248
0.325
0.604
0.597
0.497
0.34
0.286
0.308
0.313
0.376
0.239
0.447
0.469
0.31
0.331
0.331
0.273
0.314
0.296
0.351
0.189
0.265
0.338
0.282
0.314
0.299
0.305
0.282
0.323
0.341
0.519
0.317
0.428
0.218
0.346
0.387
0.388
0.359
0.37
0.503
0.299
0.14
0.273
0.366
0.299
0.379
0.409
0.273
0.35
0.296
0.184
0.31
0.342
0.333
0.483
0.165
0.346
0.302
0.139
0.233
0.351
0.14
0.563
0.327
0.328
0.318
0.321
0.255
0.168
0.351
0.326
0.309
0.307
0.263
0.317
0.348
0.319
0.282
0.192
0.433
0.393
0.339
0.34
0.289
0.313
0.16
0.189
0.293
0.219
0.315
0.419
0.41
0.306
0.338
0.288
0.372
0.315
0.293
0.239
0.273
0.263
0.311
0.242
0.341
0.278
0.263
0.301
0.276
0.437
0.291
0.292
0.364
0.22
0.261
0.41
0.424
0.394
0.355
0.263
0.273
0.26
0.318
0.334
0.246
0.222
0.495
0.245
0.395
0.262
0.31
0.221
0.391
0.41
0.359
0.315
0.304
0.316
0.401
0.378
0.401
0.406
0.414
0.315
0.451
0.087
0.366
0.353
0.275
0.241
0.321
0.079
0.278
0.221
0.285
0.332
0.359
0.298
0.288
0.314
0.138
0.297
0.318
0.237
0.359
0.327
0.386
0.317
0.235
0.267
0.387
0.256
0.238
0.217
0.205
0.239
0.318
0.24
0.302
0.143
0.118
0.214
0.108
0.186
0.29
0.172
0.231
0.251
0.221
0.301
0.311
0.249
0.329
0.251
0.26
0.258
0.376
0.418
0.684
0.38
0.39
0.448
0.349
0.328
0.364
0.472
0.493
0.666
0.376
0.354
0.352
0.377
0.335
0.369
0.395
0.498
0.382
0.378
0.344
0.313
0.415
0.453
0.598
0.346
0.29
0.249
0.429
0.313
0.285
0.302
0.348
0.36
0.438
0.496
0.488
0.33
0.263
0.336
0.317
0.416
0.363
0.535
0.493
0.401
0.341
0.419
0.336
0.407
0.402
0.435
0.366
0.382
0.371
0.432
0.37
0.391
