0.247
0.546
0.46
0.488
0.586
0.405
0.346
0.523
0.536
0.596
0.464
0.509
0.656
0.426
0.474
0.393
0.616
0.374
0.556
0.478
0.534
0.606
0.396
0.774
0.411
0.6
0.41
0.551
0.461
0.459
0.456
0.313
0.496
0.418
0.712
0.38
0.536
0.459
0.387
0.585
0.37
0.526
0.426
0.572
0.407
0.499
0.43
0.382
0.546
0.4
0.576
0.426
0.481
0.391
0.455
0.508
0.421
0.481
0.4
0.567
0.44
0.456
0.424
0.342
0.513
0.376
0.524
0.403
0.725
0.424
0.562
0.297
0.512
0.408
0.364
0.551
0.382
0.448
0.461
0.593
0.574
0.439
0.509
0.38
0.533
0.387
0.413
0.421
0.461
0.548
0.375
0.694
0.384
0.511
0.43
0.5
0.415
0.419
0.471
0.418
0.501
0.409
0.572
0.366
0.336
0.458
0.414
0.474
0.315
0.736
0.412
0.457
0.393
0.142
0.245
0.398
0.474
0.315
0.768
0.322
0.452
0.443
0.398
0.57
0.419
0.504
0.352
0.531
0.333
0.678
0.419
0.328
0.615
0.366
0.5
0.245
0.746
0.406
0.539
0.371
0.461
0.554
0.296
0.814
0.305
0.689
0.346
0.462
0.402
0.419
0.47
0.406
0.768
0.344
0.485
0.473
0.535
0.344
0.438
0.424
0.425
0.607
0.366
0.46
0.445
0.47
0.415
0.354
0.529
0.444
0.798
0.427
0.411
0.402
0.474
0.5
0.449
0.471
0.473
0.53
0.439
0.512
0.451
0.491
0.333
0.28
0.457
0.354
0.651
0.387
0.438
0.569
0.441
0.441
0.356
0.545
0.373
0.555
0.445
0.55
0.616
0.41
0.684
0.489
0.51
0.429
0.393
0.548
0.496
0.599
0.362
0.769
0.521
0.478
0.405
0.461
0.587
0.38
0.587
0.382
0.526
0.39
0.614
0.451
0.368
0.561
0.368
0.735
0.333
0.762
0.403
0.546
0.495
0.374
0.485
0.349
0.759
0.342
0.519
0.582
0.551
0.478
0.445
0.449
0.457
0.491
0.378
0.816
0.455
0.426
0.422
0.416
0.465
0.368
0.708
0.391
0.57
0.425
0.581
0.416
0.457
0.571
0.352
0.767
0.344
0.57
0.507
0.489
0.445
0.532
0.373
0.362
0.496
0.443
0.451
0.39
0.27
0.472
0.471
0.503
0.561
0.798
0.521
0.643
0.418
0.399
0.535
0.544
0.409
0.434
0.479
0.575
0.506
0.46
0.446
0.545
0.547
0.462
0.655
0.606
0.495
0.452
0.335
0.374
0.388
0.257
0.4
0.411
0.69
0.416
0.409
0.396
0.432
0.625
0.41
0.552
0.216
0.51
0.448
0.503
0.394
0.406
0.466
0.555
0.562
0.611
0.625
0.433
0.452
0.573
0.42
0.596
0.562
0.546
0.536
0.458
0.396
0.477
0.489
0.326
0.624
0.551
0.449
0.462
0.546
0.408
0.399
0.519
0.42
0.656
0.409
0.307
0.475
0.103
0.332
0.437
0.466
0.345
0.646
0.616
0.523
0.463
0.345
0.42
0.305
0.557
0.302
0.526
0.568
0.481
0.439
0.522
0.279
0.547
0.632
0.459
0.549
0.404
0.481
0.448
0.369
0.4
0.409
0.378
0.65
0.533
0.483
0.514
0.463
0.554
0.551
0.659
0.554
0.595
0.46
0.505
0.585
0.462
0.458
0.519
0.371
0.57
0.514
0.56
0.469
0.536
0.482
0.637
0.524
0.44
0.309
0.491
0.549
0.502
0.45
0.479
0.532
0.557
0.649
0.494
0.558
0.429
0.474
0.532
0.485
0.421
0.478
0.473
0.449
0.583
0.503
0.467
0.386
0.473
0.447
0.42
0.37
0.314
0.462
0.394
0.41
0.513
0.558
0.49
0.423
0.542
0.468
0.479
0.533
0.427
0.404
0.478
0.621
0.365
0.559
0.416
0.431
0.551
0.403
0.323
0.439
0.68
0.366
0.431
0.349
0.423
0.546
0.404
0.624
0.367
0.457
0.465
0.488
0.375
0.532
0.563
0.427
0.455
0.349
0.445
0.461
0.43
0.379
0.431
0.603
0.561
0.627
0.461
0.589
0.43
0.597
0.457
0.407
0.361
0.444
0.601
0.402
0.45
0.318
0.387
0.383
0.573
0.592
0.553
0.415
0.388
0.464
0.358
0.443
0.374
0.426
0.57
0.484
0.281
0.383
0.437
0.266
0.361
0.421
0.441
0.437
0.376
0.616
0.371
0.437
0.356
0.319
0.436
0.447
0.638
0.469
0.519
0.415
0.432
0.417
0.642
0.628
0.435
0.621
0.411
0.526
0.333
0.467
0.546
0.465
0.634
0.539
0.628
0.405
0.486
0.369
0.413
0.547
0.471
0.467
0.409
0.564
0.138
0.601
0.351
0.465
0.6
0.078
0.613
0.498
0.547
0.463
0.46
0.5
0.49
0.414
0.455
0.401
0.493
0.5
0.362
0.481
0.561
0.499
0.47
0.603
0.497
0.411
0.575
0.487
0.457
0.403
0.519
0.584
0.457
0.502
0.439
0.455
0.503
0.447
0.529
0.49
0.589
0.577
0.527
0.424
0.679
0.538
0.76
0.445
0.738
0.573
0.491
0.539
0.46
0.707
0.521
0.759
0.371
0.516
0.519
0.438
0.637
0.383
0.487
0.551
0.6
0.47
0.49
0.565
0.435
0.486
0.533
0.387
0.453
0.45
0.512
0.62
0.528
0.444
0.452
0.544
0.566
0.567
0.482
0.494
0.501
0.587
0.434
0.43
0.413
0.76
0.427
0.478
0.587
0.484
0.499
0.222
0.619
0.52
0.519
0.586
0.553
0.56
0.474
0.463
0.473
0.715
0.407
0.83
0.637
0.543
0.492
0.429
0.477
0.38
0.822
0.639
0.398
0.404
0.54
0.521
0.501
0.496
0.492
0.521
0.457
0.774
0.626
0.441
0.463
0.448
0.734
0.573
0.822
0.596
0.723
0.47
0.541
0.469
0.438
0.495
0.424
0.516
0.344
0.437
0.522
0.489
0.455
0.367
0.481
0.5
0.579
0.442
0.518
0.535
0.379
0.447
0.488
0.735
0.417
0.567
0.452
0.484
0.487
0.401
0.651
0.297
0.86
0.509
0.627
0.455
0.534
0.591
0.382
0.494
0.353
0.612
0.385
0.411
0.544
0.414
0.457
0.387
0.7
0.516
0.29
0.38
0.293
0.148
0.114
0.565
0.282
0.119
0.15
0.152
0.099
0.167
0.226
0.3
0.464
0.174
0.205
0.46
0.64
0.547
0.557
0.475
0.38
0.697
0.433
0.401
0.495
0.535
0.519
0.465
0.62
0.432
0.767
0.359
0.791
0.431
0.417
0.49
0.411
0.688
0.42
0.517
0.438
0.488
0.39
0.45
0.567
0.457
0.439
0.385
0.516
0.43
0.749
0.39
0.5
0.57
0.377
0.722
0.335
0.524
0.402
0.706
0.416
0.51
0.528
0.368
0.712
0.296
0.732
0.384
0.56
0.4
0.452
0.429
0.431
0.472
0.395
0.49
0.361
0.612
0.395
0.491
0.522
0.382
0.756
0.447
0.463
0.481
0.502
0.464
0.419
0.452
0.329
0.474
0.386
0.447
0.329
0.581
0.575
0.41
0.474
0.358
0.63
0.383
0.517
0.466
0.521
0.447
0.202
0.722
0.344
0.34
0.375
0.614
0.417
0.377
0.447
0.313
0.488
0.344
0.534
0.471
0.534
0.59
0.346
0.495
0.451
0.8
0.498
0.262
0.449
0.485
0.414
0.367
0.493
0.469
0.502
0.392
0.676
0.531
0.512
0.447
0.376
0.712
0.56
0.806
0.521
0.361
0.447
0.462
0.464
0.332
0.829
0.585
0.667
0.392
0.407
0.446
0.384
0.437
0.381
0.838
0.382
0.73
0.389
0.419
0.568
0.523
0.673
0.443
0.589
0.361
0.694
0.41
0.558
0.532
0.357
0.813
0.516
0.834
0.36
0.44
0.489
0.405
0.412
0.362
0.76
0.399
0.448
0.393
0.526
0.557
0.507
0.418
0.403
0.754
0.585
0.62
0.439
0.56
0.455
0.552
0.481
0.456
0.727
0.461
0.595
0.409
0.571
0.481
0.434
0.537
0.358
0.6
0.479
0.538
0.472
0.463
0.583
0.54
0.477
0.604
0.463
0.584
0.444
0.428
0.466
0.693
0.426
0.762
0.421
0.501
0.451
0.595
0.478
0.428
0.666
0.581
0.651
0.642
0.489
0.627
0.565
0.491
0.446
0.652
0.577
0.574
0.58
0.312
0.451
0.455
0.414
0.407
0.47
0.422
0.594
0.439
0.397
0.537
0.443
0.634
0.507
0.459
0.577
0.507
0.403
0.489
0.546
0.551
0.432
0.571
0.636
0.637
0.709
0.413
0.527
0.363
0.411
0.579
0.461
0.547
0.494
0.543
0.437
0.412
0.461
0.4
0.382
0.483
0.645
0.335
0.559
0.431
0.404
0.356
0.314
0.592
0.504
0.696
0.437
0.36
0.505
0.387
0.382
0.421
0.44
0.412
0.437
0.323
0.581
0.455
0.578
0.344
0.467
0.464
0.617
0.441
0.379
0.541
0.384
0.601
0.487
0.45
0.416
0.433
0.518
0.424
0.536
0.421
0.606
0.453
0.615
0.378
0.558
0.454
0.461
0.441
0.478
0.203
0.471
0.476
0.351
0.559
0.338
0.456
0.492
0.399
0.367
0.503
0.483
0.4
0.313
0.602
0.489
0.334
0.517
0.591
0.454
0.495
0.314
0.483
0.461
0.434
0.407
0.546
0.422
0.557
0.449
0.42
0.482
0.517
0.437
0.43
0.595
0.425
0.545
0.452
0.497
0.499
0.42
0.397
0.424
0.509
0.427
0.532
0.483
0.544
0.435
0.375
0.479
0.128
0.547
0.417
0.496
0.461
0.54
0.451
0.557
0.503
0.497
0.513
0.494
0.408
0.46
0.384
0.464
0.568
0.512
0.451
0.441
0.442
0.512
0.443
0.479
0.463
0.483
0.422
0.551
0.397
0.429
0.379
0.47
0.586
0.472
0.463
0.422
0.499
0.368
0.489
0.447
0.375
0.593
0.508
0.377
0.472
0.49
0.344
0.504
0.395
0.501
0.388
0.556
0.416
0.44
0.474
0.397
0.41
0.459
0.414
0.556
0.397
0.635
0.328
0.599
0.316
0.584
0.48
0.561
0.577
0.364
0.487
0.378
