0.324
0.233
0.273
0.258
0.302
0.291
0.379
0.368
0.284
0.324
0.288
0.322
0.345
0.291
0.308
0.375
0.354
0.311
0.341
0.238
0.279
0.241
0.279
0.295
0.367
0.318
0.232
0.307
0.312
0.281
0.242
0.245
0.26
0.287
0.327
0.305
0.299
0.257
0.289
0.309
0.202
0.257
0.304
0.312
0.352
0.186
0.25
0.262
0.24
0.201
0.295
0.337
0.327
0.332
0.301
0.247
0.268
0.313
0.182
0.297
0.296
0.227
0.246
0.244
0.228
0.285
0.23
0.276
0.32
0.255
0.235
0.231
0.27
0.256
0.261
0.29
0.27
0.266
0.244
0.236
0.262
0.318
0.25
0.303
0.271
0.26
0.217
0.242
0.313
0.307
0.248
0.258
0.29
0.274
0.246
0.249
0.161
0.215
0.182
0.248
0.259
0.253
0.284
0.262
0.271
0.239
0.267
0.301
0.308
0.333
0.309
0.283
0.253
0.253
0.289
0.321
0.321
0.318
0.318
0.291
0.296
0.253
0.274
0.326
0.305
0.314
0.323
0.332
0.298
0.266
0.289
0.268
0.305
0.309
0.286
0.289
0.275
0.316
0.273
0.291
0.253
0.299
0.337
0.306
0.184
0.209
0.298
0.299
0.234
0.303
0.26
0.296
0.315
0.294
0.262
0.293
0.303
0.294
0.28
0.267
0.299
0.287
0.306
0.23
0.276
0.289
0.274
0.256
0.283
0.316
0.317
0.295
0.249
0.284
0.305
0.26
0.322
0.302
0.293
0.324
0.304
0.247
0.335
0.208
0.259
0.245
0.259
0.296
0.302
0.316
0.261
0.322
0.303
0.224
0.24
0.298
0.274
0.377
0.316
0.237
0.277
0.253
0.327
0.252
0.214
0.254
0.227
0.299
0.277
0.278
0.291
0.261
0.279
0.233
0.223
0.26
0.294
0.29
0.273
0.277
0.296
0.27
0.314
0.24
0.319
0.294
0.264
0.307
0.264
0.364
0.322
0.306
0.27
0.276
0.272
0.292
0.285
0.259
0.352
0.279
0.376
0.252
0.235
0.296
0.288
0.274
0.331
0.216
0.254
0.311
0.278
0.275
0.279
0.32
0.288
0.247
0.27
0.268
0.316
0.243
0.282
0.27
0.3
0.285
0.29
0.37
0.217
0.273
0.264
0.294
0.274
0.29
0.181
0.27
0.239
0.254
0.249
0.263
0.286
0.316
0.307
0.287
0.259
0.311
0.251
0.329
0.294
0.316
0.306
0.325
0.298
0.286
0.259
0.273
0.283
0.304
0.284
0.317
0.334
0.307
0.29
0.256
0.254
0.338
0.307
0.292
0.333
0.249
0.262
0.307
0.261
0.253
0.213
0.289
0.332
0.271
0.259
0.339
0.257
0.31
0.237
0.261
0.339
0.344
0.324
0.265
0.345
0.29
0.244
0.291
0.305
0.277
0.307
0.333
0.267
0.312
0.301
0.292
0.322
0.247
0.272
0.142
0.291
0.284
0.315
0.306
0.277
0.243
0.306
0.261
0.291
0.332
0.198
0.229
0.322
0.333
0.26
0.264
0.249
0.246
0.293
0.12
0.355
0.269
0.256
0.278
0.278
0.245
0.242
0.371
0.289
0.334
0.345
0.375
0.319
0.283
0.242
0.256
0.289
0.271
0.322
0.337
0.274
0.334
0.175
0.255
0.217
0.342
0.26
0.334
0.334
0.277
0.241
0.246
0.167
0.232
0.225
0.344
0.25
0.292
0.283
0.312
0.275
0.279
0.257
0.275
0.255
0.305
0.273
0.328
0.3
0.197
0.343
0.233
0.262
0.292
0.322
0.267
0.217
0.366
0.25
0.301
0.269
0.266
0.278
0.362
0.279
0.232
0.339
0.285
0.228
0.252
0.21
0.247
0.25
0.333
0.332
0.331
0.223
0.23
0.231
0.265
0.278
0.283
0.314
0.242
0.341
0.261
0.248
0.264
0.231
0.259
0.234
0.226
0.316
0.406
0.239
0.255
0.181
0.27
0.243
0.258
0.228
0.249
0.257
0.321
0.322
0.305
0.296
0.267
0.245
0.415
0.222
0.327
0.277
0.199
0.244
0.235
0.263
0.273
0.36
0.341
0.271
0.298
0.336
0.306
0.302
0.227
0.234
0.297
0.243
0.381
0.329
0.255
0.322
0.303
0.269
0.28
0.313
0.281
0.357
0.293
0.315
0.271
0.311
0.293
0.283
0.292
0.304
0.365
0.301
0.44
0.406
0.398
0.23
0.292
0.297
0.324
0.319
0.362
0.344
0.336
0.275
0.268
0.273
0.31
0.318
0.355
0.313
0.307
0.415
0.394
0.339
0.321
0.313
0.316
0.341
0.369
0.31
0.377
0.31
0.342
0.305
0.318
0.307
0.312
0.318
0.176
0.367
0.349
0.357
0.34
0.328
0.309
0.347
0.35
0.236
0.282
0.298
0.274
0.273
0.309
0.311
0.246
0.268
0.264
0.364
0.346
0.284
0.275
0.306
0.316
0.289
0.304
0.268
0.41
0.273
0.391
0.256
0.33
0.287
0.276
0.313
0.258
0.289
0.31
0.289
0.296
0.315
0.273
0.273
0.303
0.26
0.375
0.3
0.361
0.355
0.27
0.291
0.286
0.299
0.244
0.364
0.325
0.306
0.289
0.265
0.275
0.306
0.303
0.295
0.352
0.261
0.43
0.362
0.363
0.282
0.295
0.295
0.284
0.329
0.239
0.425
0.418
0.294
0.297
0.295
0.288
0.235
0.245
0.265
0.289
0.269
0.363
0.333
0.325
0.252
0.285
0.315
0.254
0.279
0.266
0.302
0.307
0.258
0.261
0.272
0.247
0.31
0.324
0.394
0.406
0.275
0.3
0.28
0.276
0.251
0.331
0.255
0.386
0.273
0.326
0.274
0.331
0.276
0.246
0.222
0.392
0.327
0.217
0.38
0.321
0.291
0.279
0.239
0.307
0.308
0.308
0.31
0.376
0.282
0.313
0.291
0.279
0.25
0.284
0.326
0.308
0.397
0.285
0.292
0.259
0.195
0.275
0.194
0.36
0.306
0.37
0.322
0.356
0.258
0.37
0.33
0.243
0.318
0.315
0.386
0.327
0.335
0.254
0.246
0.252
0.211
0.315
0.306
0.379
0.325
0.322
0.291
0.275
0.249
0.235
0.289
0.211
0.322
0.234
0.306
0.277
0.272
0.266
0.296
0.295
0.282
0.359
0.326
0.216
0.323
0.286
0.322
0.225
0.279
0.292
0.271
0.349
0.356
0.295
0.294
0.232
0.249
0.328
0.26
0.364
0.25
0.361
0.307
0.24
0.229
0.272
0.276
0.285
0.334
0.294
0.254
0.231
0.264
0.284
0.241
0.22
0.207
0.155
0.248
0.294
0.223
0.252
