0.608
0.68
0.745
0.766
0.636
0.513
0.692
0.464
0.592
0.621
0.653
0.763
0.535
0.855
0.445
0.621
0.444
0.57
0.655
0.59
0.854
0.508
0.923
0.457
0.782
0.522
0.53
0.725
0.518
0.892
0.469
0.889
0.4
0.308
0.576
0.554
0.361
0.51
0.9
0.249
0.606
0.44
0.84
0.555
0.576
0.535
0.458
0.903
0.429
0.889
0.485
0.806
0.506
0.635
0.725
0.474
0.924
0.456
0.612
0.498
0.806
0.503
0.652
0.526
0.432
0.84
0.445
0.9
0.589
0.768
0.488
0.485
0.663
0.528
0.826
0.507
0.907
0.574
0.724
0.543
0.638
0.519
0.546
0.833
0.504
0.818
0.575
0.714
0.49
0.621
0.574
0.558
0.743
0.539
0.808
0.588
0.679
0.525
0.205
0.436
0.534
0.69
0.439
0.753
0.601
0.643
0.675
0.55
0.583
0.555
0.61
0.582
0.731
0.659
0.599
0.686
0.532
0.692
0.576
0.592
0.633
0.664
0.622
0.571
0.275
0.582
0.606
0.62
0.562
0.548
0.611
0.626
0.515
0.809
0.578
0.763
0.598
0.551
0.592
0.585
0.717
0.488
0.847
0.588
0.749
0.634
0.553
0.532
0.534
0.724
0.479
0.861
0.569
0.812
0.635
0.547
0.569
0.503
0.64
0.495
0.87
0.535
0.825
0.605
0.589
0.565
0.512
0.693
0.433
0.781
0.493
0.791
0.568
0.526
0.503
0.516
0.416
0.56
0.772
0.502
0.743
0.567
0.66
0.401
0.5
0.615
0.522
0.781
0.252
0.712
0.476
0.597
0.402
0.616
0.564
0.569
0.759
0.47
0.693
0.356
0.467
0.404
0.47
0.604
0.57
0.801
0.383
0.64
0.56
0.626
0.52
0.73
0.576
0.721
0.744
0.622
0.606
0.354
0.438
0.48
0.697
0.542
0.421
0.69
0.635
0.6
0.497
0.637
0.522
0.715
0.567
0.726
0.688
0.615
0.562
0.511
0.329
0.663
0.734
0.55
0.688
0.645
0.583
0.53
0.601
0.591
0.704
0.806
0.526
0.533
0.614
0.522
0.483
0.637
0.616
0.703
0.778
0.531
0.629
0.526
0.611
0.533
0.588
0.589
0.732
0.755
0.546
0.614
0.505
0.553
0.533
0.594
0.546
0.714
0.714
0.593
0.558
0.451
0.539
0.617
0.594
0.565
0.697
0.67
0.629
0.524
0.51
0.523
0.565
0.622
0.526
0.686
0.61
0.49
0.447
0.667
0.578
0.627
0.659
0.531
0.668
0.568
0.629
0.456
0.651
0.456
0.754
0.564
0.5
0.657
0.449
0.605
0.446
0.614
0.337
0.773
0.635
0.466
0.637
0.476
0.587
0.513
0.705
0.437
0.751
0.598
0.529
0.626
0.446
0.608
0.509
0.761
0.442
0.709
0.397
0.437
0.618
0.405
0.43
0.365
0.787
0.442
0.605
0.314
0.581
0.56
0.42
0.709
0.497
0.8
0.421
0.692
0.61
0.555
0.534
0.478
0.632
0.506
0.756
0.455
0.66
0.586
0.529
0.491
0.542
0.659
0.5
0.781
0.475
0.625
0.564
0.725
0.643
0.644
0.732
0.534
0.349
0.687
0.87
0.642
0.705
0.499
0.621
0.213
0.558
0.48
0.456
0.845
0.741
0.692
0.62
0.391
0.606
0.549
0.747
0.809
0.798
0.517
0.663
0.625
0.586
0.611
0.531
0.664
0.571
0.772
0.892
0.655
0.657
0.573
0.226
0.434
0.621
0.827
0.682
0.631
0.618
0.678
0.573
0.63
0.494
0.578
0.834
0.635
0.889
0.593
0.735
0.528
0.687
0.707
0.594
0.908
0.579
0.896
0.598
0.91
0.594
0.821
0.501
0.608
0.626
0.526
0.903
0.552
0.931
0.481
0.899
0.698
0.639
0.717
0.503
0.758
0.6
0.903
0.493
0.843
0.361
0.72
0.779
0.486
0.931
0.563
0.924
0.471
0.9
0.578
0.772
0.826
0.498
0.885
0.586
0.889
0.499
0.93
0.602
0.794
0.807
0.525
0.871
0.51
0.868
0.517
0.869
0.64
0.706
0.688
0.56
0.893
0.48
0.917
0.619
0.884
0.663
0.737
0.688
0.626
0.804
0.454
0.826
0.689
0.813
0.641
0.73
0.642
0.614
0.371
0.564
0.878
0.386
0.869
0.649
0.657
0.594
0.302
0.501
0.661
0.806
0.745
0.785
0.701
0.698
0.656
0.616
0.66
0.632
0.723
0.7
0.778
0.705
0.668
0.679
0.594
0.616
0.701
0.66
0.811
0.668
0.839
0.623
0.683
0.52
0.676
0.518
0.653
0.742
0.702
0.862
0.61
0.689
0.563
0.609
0.624
0.585
0.504
0.614
0.939
0.576
0.547
0.497
0.66
0.585
0.564
0.753
0.571
0.702
0.557
0.635
0.533
0.614
0.732
0.572
0.797
0.51
0.696
0.551
0.625
0.535
0.642
0.413
0.442
0.78
0.441
0.637
0.573
0.621
0.467
0.9
0.71
0.704
0.838
0.522
0.896
0.572
0.917
0.543
0.842
0.685
0.655
0.688
0.489
0.849
0.537
0.791
0.516
0.86
0.39
0.699
0.821
0.505
0.829
0.488
0.632
0.522
0.822
0.629
0.708
0.453
0.536
0.822
0.519
0.864
0.535
0.778
0.603
0.66
0.695
0.566
0.568
0.286
0.536
0.534
0.803
0.599
0.624
0.62
0.507
0.73
0.566
0.766
0.625
0.75
0.487
0.593
0.62
0.501
0.667
0.381
0.775
0.787
0.713
0.367
0.578
0.585
0.396
0.617
0.595
0.463
0.645
0.665
0.707
0.532
0.607
0.513
0.507
0.597
0.646
0.798
0.629
0.869
0.501
0.721
0.506
0.538
0.617
0.562
0.639
0.582
0.602
0.47
0.668
0.513
0.576
0.248
0.531
0.825
0.555
0.855
0.459
0.82
0.517
0.652
0.725
0.49
0.896
0.509
0.855
0.42
0.853
0.501
0.702
0.687
0.48
0.796
0.506
0.954
0.422
0.914
0.509
0.716
0.766
0.456
0.954
0.469
0.862
0.497
0.846
0.512
0.729
0.714
0.494
0.884
0.445
0.83
0.51
0.862
0.466
0.694
0.643
0.524
0.636
0.447
0.683
0.401
0.46
0.408
0.665
0.504
0.549
0.672
0.455
0.762
0.484
0.624
0.392
0.622
0.609
0.51
0.365
0.477
0.844
0.391
0.734
