0.464
0.446
0.623
0.506
0.485
0.558
0.558
0.56
0.482
0.455
0.401
0.387
0.429
0.308
0.454
0.332
0.382
0.325
0.552
0.531
0.444
0.33
0.448
0.541
0.237
0.785
0.336
0.622
0.463
0.37
0.499
0.547
0.594
0.411
0.778
0.554
0.335
0.416
0.62
0.683
0.614
0.636
0.739
0.823
0.647
0.584
0.583
0.68
0.634
0.643
0.582
0.838
0.732
0.577
0.558
0.434
0.628
0.681
0.745
0.661
0.656
0.758
0.667
0.562
0.222
0.629
0.535
0.367
0.575
0.743
0.496
0.42
0.435
0.387
0.6
0.651
0.677
0.616
0.709
0.551
0.484
0.359
0.633
0.643
0.812
0.581
0.815
0.64
0.494
0.547
0.49
0.67
0.738
0.787
0.693
0.704
0.573
0.343
0.456
0.514
0.716
0.616
0.766
0.609
0.4
0.465
0.49
0.624
0.517
0.67
0.709
0.817
0.733
0.579
0.484
0.437
0.503
0.445
0.674
0.421
0.84
0.577
0.543
0.484
0.479
0.493
0.577
0.808
0.817
0.611
0.592
0.523
0.604
0.508
0.625
0.5
0.841
0.538
0.676
0.605
0.516
0.525
0.502
0.511
0.528
0.632
0.745
0.521
0.529
0.595
0.565
0.549
0.502
0.813
0.783
0.684
0.557
0.49
0.584
0.54
0.575
0.826
0.843
0.714
0.651
0.364
0.606
0.64
0.596
0.451
0.755
0.88
0.728
0.619
0.624
0.574
0.649
0.498
0.661
0.686
0.685
0.715
0.514
0.572
0.683
0.55
0.658
0.589
0.864
0.609
0.652
0.647
0.581
0.302
0.701
0.626
0.73
0.713
0.665
0.625
0.697
0.725
0.567
0.434
0.619
0.907
0.692
0.584
0.646
0.674
0.542
0.333
0.556
0.641
0.78
0.618
0.635
0.817
0.512
0.599
0.536
0.516
0.916
0.707
0.619
0.768
0.561
0.652
0.521
0.482
0.578
0.69
0.683
0.631
0.587
0.603
0.6
0.539
0.471
0.885
0.663
0.599
0.594
0.668
0.681
0.56
0.51
0.581
0.499
0.635
0.616
0.643
0.733
0.622
0.522
0.609
0.551
0.588
0.636
0.754
0.711
0.698
0.592
0.497
0.559
0.535
0.544
0.616
0.665
0.75
0.587
0.474
0.542
0.624
0.541
0.715
0.896
0.669
0.691
0.613
0.57
0.606
0.583
0.568
0.549
0.65
0.669
0.587
0.582
0.592
0.551
0.704
0.512
0.61
0.691
0.663
0.525
0.789
0.517
0.611
0.507
0.791
0.682
0.617
0.664
0.597
0.636
0.641
0.55
0.487
0.568
0.682
0.638
0.616
0.664
0.735
0.613
0.484
0.525
0.575
0.695
0.629
0.697
0.403
0.644
0.6
0.703
0.451
0.683
0.613
0.855
0.637
0.662
0.608
0.495
0.462
0.848
0.655
0.631
0.681
0.63
0.638
0.526
0.486
0.513
0.609
0.673
0.623
0.63
0.622
0.616
0.503
0.505
0.628
0.566
0.604
0.729
0.451
0.677
0.766
0.585
0.608
0.733
0.673
0.531
0.684
0.492
0.605
0.504
0.415
0.623
0.617
0.668
0.577
0.657
0.465
0.58
0.459
0.468
0.519
0.43
0.602
0.491
0.834
0.546
0.512
0.593
0.549
0.616
0.663
0.527
0.63
0.801
0.462
0.466
0.568
0.544
0.515
0.626
0.67
0.515
0.405
0.616
0.556
0.527
0.594
0.68
0.851
0.556
0.646
0.424
0.504
0.489
0.512
0.785
0.77
0.582
0.725
0.599
0.511
0.516
0.439
0.863
0.67
0.892
0.813
0.628
0.55
0.449
0.495
0.408
0.57
0.757
0.864
0.73
0.519
0.484
0.476
0.454
0.412
