0.571
0.469
0.557
0.679
0.489
0.614
0.491
0.182
0.576
0.566
0.557
0.572
0.605
0.467
0.568
0.525
0.404
0.71
0.573
0.579
0.547
0.542
0.488
0.548
0.535
0.557
0.762
0.581
0.596
0.529
0.55
0.492
0.276
0.55
0.471
0.671
0.594
0.594
0.502
0.515
0.532
0.622
0.56
0.495
0.722
0.614
0.673
0.499
0.483
0.562
0.574
0.553
0.59
0.768
0.604
0.961
0.455
0.498
0.562
0.602
0.719
0.547
0.826
0.573
0.669
0.446
0.821
0.594
0.686
0.74
0.462
0.785
0.545
0.644
0.192
0.653
0.266
0.4
0.711
0.481
0.752
0.501
0.621
0.428
0.683
0.518
0.715
0.806
0.496
0.859
0.483
0.628
0.456
0.645
0.497
0.716
0.236
0.427
0.591
0.486
0.889
0.296
0.877
0.52
0.786
0.765
0.601
0.855
0.445
0.91
0.619
0.808
0.517
0.404
0.708
0.611
0.829
0.451
0.915
0.588
0.875
0.523
0.733
0.672
0.583
0.76
0.467
0.622
0.681
0.821
0.604
0.696
0.511
0.583
0.688
0.589
0.816
0.599
0.798
0.674
0.663
0.592
0.563
0.641
0.554
0.741
0.503
0.799
0.701
0.644
0.518
0.551
0.626
0.481
0.662
0.701
0.607
0.877
0.61
0.695
0.518
0.585
0.64
0.624
0.594
0.68
0.916
0.565
0.809
0.487
0.598
0.627
0.582
0.869
0.641
0.855
0.56
0.798
0.531
0.675
0.6
0.599
0.841
0.554
0.843
0.37
0.868
0.461
0.746
0.726
0.528
0.849
0.205
0.843
0.488
0.903
0.452
0.777
0.6
0.352
0.84
0.444
0.924
0.489
0.939
0.392
0.795
0.683
0.595
0.783
0.418
0.946
0.488
0.946
0.396
0.823
0.615
0.587
0.931
0.383
0.476
0.433
0.907
0.428
0.397
0.592
0.596
0.822
0.413
0.945
0.46
0.698
0.539
0.75
0.544
0.495
0.454
0.43
0.877
0.52
0.571
0.547
0.73
0.413
0.566
0.693
0.463
0.426
0.528
0.815
0.668
0.698
0.59
0.516
0.658
0.462
0.571
0.518
0.755
0.734
0.651
0.686
0.507
0.604
0.443
0.333
0.542
0.742
0.495
0.573
0.661
0.481
0.554
0.423
0.491
0.607
0.689
0.771
0.556
0.726
0.479
0.679
0.493
0.588
0.56
0.668
0.782
0.494
0.772
0.476
0.7
0.499
0.559
0.695
0.598
0.739
0.481
0.829
0.329
0.739
0.588
0.531
0.565
0.552
0.825
0.454
0.903
0.218
0.769
0.478
0.525
0.493
0.53
0.621
0.386
0.669
0.438
0.364
0.532
0.542
0.448
0.5
0.621
0.532
0.744
0.448
0.205
0.432
0.638
0.474
0.459
0.668
0.434
0.6
0.501
0.827
0.474
0.946
0.481
0.379
0.608
0.494
0.717
0.486
0.765
0.43
0.633
0.448
0.589
0.639
0.486
0.808
0.423
0.684
0.512
0.561
0.397
0.587
0.626
0.533
0.792
0.425
0.435
0.439
0.587
0.409
0.556
0.499
0.549
0.754
0.413
0.612
0.494
0.601
0.55
0.558
0.586
0.575
0.733
0.408
0.57
0.477
0.556
0.508
0.571
0.578
0.602
0.742
0.504
0.578
0.797
0.575
0.603
0.573
0.55
0.186
0.667
0.531
0.526
0.516
0.573
0.703
0.657
0.54
0.561
0.544
0.604
0.498
0.573
0.633
0.694
0.38
0.508
0.589
0.542
0.513
0.468
0.797
0.588
0.707
0.666
0.507
0.556
0.528
0.539
0.467
0.63
0.594
0.816
0.62
0.569
0.463
0.352
0.503
0.412
0.585
0.503
0.613
0.505
0.598
0.467
0.45
0.521
0.496
0.783
0.568
0.648
0.596
0.585
0.532
0.542
0.599
0.572
0.806
0.513
0.723
0.587
0.596
0.49
0.426
0.648
0.578
0.827
0.507
0.691
0.567
0.961
0.474
0.649
0.648
0.685
0.774
0.487
0.653
0.513
0.569
0.46
0.518
0.638
0.707
0.456
0.532
0.598
0.368
0.548
0.458
0.626
0.519
0.791
0.685
0.578
0.619
0.537
0.613
0.366
0.757
0.548
0.804
0.668
0.621
0.588
0.484
0.681
0.532
0.192
0.549
0.778
0.664
0.599
0.572
0.564
0.267
0.642
0.734
0.504
0.707
0.625
0.579
0.491
0.614
0.674
0.667
0.815
0.499
0.684
0.581
0.642
0.464
0.51
0.628
0.658
0.837
0.471
0.71
0.544
0.633
0.347
0.575
0.604
0.626
0.832
0.507
0.708
0.549
0.609
0.505
0.583
0.566
0.627
0.471
0.55
0.673
0.522
0.599
0.55
0.646
0.62
0.469
0.707
0.603
0.648
0.576
0.604
0.604
0.616
0.635
0.619
0.639
0.642
0.607
0.59
0.552
0.387
0.641
0.505
0.534
0.175
0.341
0.239
0.609
0.374
0.708
0.569
0.516
0.603
0.518
0.51
0.43
0.622
0.459
0.802
0.29
0.494
0.619
0.335
0.624
0.503
0.647
0.421
0.644
0.51
0.559
0.605
0.439
0.483
0.504
0.685
0.358
0.733
0.506
0.577
0.558
0.422
0.679
0.416
0.743
0.433
0.73
0.537
0.585
0.525
0.433
0.691
0.459
0.796
0.436
0.679
0.51
0.562
0.479
0.456
0.692
0.462
0.737
0.473
0.666
0.506
0.544
0.446
0.492
0.676
0.494
0.759
0.265
0.653
0.545
0.384
0.448
0.508
0.623
0.543
0.732
0.37
0.601
0.518
0.517
0.502
0.537
0.583
0.498
0.675
0.465
0.57
0.521
0.515
0.545
0.501
0.578
0.438
0.633
0.516
0.58
0.559
0.516
0.592
0.546
0.55
0.483
0.62
0.505
0.543
0.56
0.409
0.466
0.491
0.332
0.474
0.452
0.451
0.448
0.588
0.519
0.517
0.52
0.415
0.475
0.47
0.569
0.453
0.694
0.518
0.567
0.473
0.46
0.453
0.563
0.561
0.434
0.567
0.337
0.576
0.418
0.418
0.472
0.503
0.59
0.427
0.752
0.576
0.604
0.439
0.863
0.54
0.656
0.651
0.507
0.755
0.528
0.621
0.265
0.672
0.467
0.7
0.607
0.496
0.895
0.49
0.363
0.458
0.691
0.438
0.771
0.559
0.498
0.924
0.45
0.946
0.486
0.454
0.426
0.616
0.555
0.317
0.557
