0.441
0.323
0.324
0.286
0.389
0.397
0.464
0.302
0.688
0.32
0.354
0.266
0.406
0.256
0.288
0.443
0.342
0.31
0.39
0.34
0.255
0.376
0.344
0.405
0.499
0.395
0.498
0.443
0.373
0.377
0.277
0.462
0.395
0.623
0.455
0.443
0.397
0.37
0.402
0.478
0.371
0.5
0.481
0.421
0.346
0.472
0.452
0.389
0.375
0.087
0.179
0.372
0.459
0.444
0.417
0.329
0.349
0.256
0.24
0.253
0.259
0.216
0.372
0.372
0.35
0.285
0.308
0.461
0.426
0.419
0.552
0.394
0.353
0.272
0.24
0.157
0.356
0.361
0.318
0.372
0.273
0.575
0.305
0.227
0.148
0.219
0.235
0.234
0.242
0.288
0.215
0.415
0.252
0.297
0.275
0.335
0.296
0.22
0.434
0.328
0.456
0.401
0.251
0.227
0.434
0.332
0.399
0.398
0.428
0.225
0.416
0.228
0.301
0.2
0.241
0.217
0.33
0.542
0.183
0.272
0.224
0.307
0.224
0.272
0.272
0.266
0.204
0.257
0.39
0.284
0.279
0.367
0.252
0.208
0.221
0.25
0.478
0.25
0.415
0.461
0.326
0.376
0.343
0.22
0.27
0.282
0.194
0.451
0.613
0.245
0.285
0.346
0.271
0.304
0.231
0.305
0.581
0.629
0.449
0.403
0.407
0.385
0.436
0.437
0.493
0.641
0.469
0.395
0.348
0.155
0.42
0.495
0.376
0.458
0.462
0.383
0.314
0.385
0.419
0.117
0.448
0.411
0.507
0.323
0.257
0.315
0.199
0.329
0.507
0.506
0.352
0.365
0.356
0.338
0.393
0.395
0.437
0.434
0.301
0.287
0.338
0.278
0.374
0.241
0.407
0.313
0.209
0.594
0.413
0.278
0.427
0.45
0.517
0.371
0.521
0.444
0.385
0.438
0.367
0.706
0.591
0.436
0.347
0.53
0.387
0.425
0.454
0.423
0.481
0.445
0.386
0.279
0.452
0.506
0.337
0.219
0.405
0.208
0.332
0.312
0.465
0.305
0.272
0.254
0.53
0.376
0.372
0.345
0.308
0.287
0.387
0.417
0.405
0.4
0.463
0.363
0.496
0.275
0.436
0.481
0.459
0.416
0.451
0.382
0.37
0.411
0.446
0.452
0.468
0.505
0.44
0.451
0.449
0.42
0.447
0.44
0.469
0.613
0.594
0.582
0.409
0.394
0.465
0.465
0.427
0.529
0.681
0.522
0.298
0.435
0.446
0.483
0.353
0.401
0.503
0.558
0.575
0.468
0.271
0.429
0.378
0.548
0.421
0.419
0.615
0.245
0.377
0.638
0.416
0.499
0.426
0.461
0.168
0.525
0.507
0.525
0.484
0.379
0.412
0.465
0.619
0.585
0.597
0.364
0.42
0.413
0.461
0.471
0.232
0.696
0.682
0.469
0.462
0.563
0.428
0.39
0.267
0.423
0.44
0.456
0.536
0.463
0.47
0.464
0.382
0.332
0.513
0.55
0.362
0.514
0.408
0.379
0.464
0.454
0.421
0.454
0.279
0.435
0.441
0.322
0.237
0.416
0.476
0.493
0.554
0.527
0.381
0.165
0.379
0.369
0.439
0.5
0.624
0.481
0.552
0.378
0.367
0.328
0.338
0.448
0.492
0.498
0.421
0.489
0.462
0.443
0.44
0.271
0.417
0.547
0.523
0.445
0.385
0.474
0.404
0.545
0.505
0.489
0.429
0.274
0.301
0.398
0.377
0.284
0.35
0.262
0.358
0.412
0.322
0.277
0.52
0.428
0.47
0.426
0.311
0.443
0.292
0.295
0.517
0.346
0.284
0.465
0.548
0.504
0.511
0.484
0.422
0.45
0.395
0.408
0.397
0.585
0.527
0.2
0.331
0.476
0.368
0.387
0.404
0.427
0.471
0.362
0.553
0.508
0.209
0.529
0.396
0.272
0.285
0.269
0.298
0.405
0.479
0.449
0.329
0.333
0.188
0.483
0.418
0.489
0.455
0.53
0.403
0.44
0.415
0.402
0.495
0.421
0.58
0.476
0.395
0.365
0.365
0.332
0.391
0.438
0.607
0.682
0.625
0.467
0.296
0.405
0.284
0.288
0.352
0.358
0.487
0.355
0.381
0.349
0.437
0.532
0.646
0.628
0.335
0.319
0.484
0.305
0.444
0.402
0.418
0.413
0.518
0.317
0.474
0.363
0.345
0.379
0.432
0.252
0.49
0.363
0.44
0.384
0.401
0.408
0.409
0.406
0.42
0.602
0.493
0.449
0.414
0.614
0.572
0.379
0.268
0.65
0.388
0.487
0.539
0.435
0.41
0.446
0.532
0.161
0.228
0.408
0.562
0.564
0.436
0.602
0.485
0.447
0.531
0.294
0.524
0.435
0.536
0.566
0.528
0.432
0.36
0.375
0.471
0.563
0.498
0.526
0.519
0.444
0.327
0.447
0.451
0.439
0.48
0.579
0.162
0.428
0.13
0.468
0.436
0.452
0.482
0.553
0.504
0.628
0.503
0.446
0.33
0.428
0.399
0.492
0.641
0.247
0.57
0.366
0.564
0.399
0.45
0.434
0.529
0.542
0.626
0.661
0.468
0.384
0.438
0.463
0.452
0.655
0.727
0.589
0.451
0.398
0.471
0.406
0.445
0.62
0.683
0.692
0.397
0.4
0.373
0.377
0.355
0.174
0.677
0.492
0.598
0.411
0.479
0.476
0.4
0.518
0.523
0.636
0.664
0.556
0.372
0.288
0.441
0.441
0.381
0.557
0.504
0.516
0.421
0.392
0.172
0.411
0.467
0.509
0.637
0.646
0.495
0.379
0.356
0.272
0.334
0.461
0.39
0.48
0.596
0.536
0.39
0.452
0.348
0.639
0.527
0.675
0.598
0.553
0.565
0.461
0.447
0.46
0.534
0.59
0.434
0.473
0.652
0.549
0.518
0.394
0.526
0.486
0.659
0.533
0.302
0.457
0.488
0.236
0.423
0.548
0.626
0.392
0.44
0.363
0.37
0.417
0.39
0.505
0.58
0.596
0.553
0.489
0.362
0.435
0.458
0.443
0.578
0.781
0.418
0.442
0.456
0.479
0.471
0.342
0.392
0.666
0.65
0.508
0.415
0.452
0.461
0.438
0.464
0.554
0.593
0.641
0.413
0.482
0.334
0.401
0.328
0.365
0.411
0.432
0.485
0.47
0.393
0.41
0.369
0.42
0.343
0.428
0.485
0.541
0.386
0.403
0.437
0.366
0.391
0.47
0.356
0.489
0.503
0.495
0.489
0.418
0.531
0.403
0.47
0.457
0.407
0.557
0.344
0.301
0.344
0.439
0.339
0.418
0.375
0.535
0.073
0.411
0.196
0.417
0.438
0.583
0.539
0.411
0.653
0.513
0.254
0.386
0.42
0.431
0.532
0.349
0.459
0.481
0.464
0.398
0.406
0.373
0.373
0.475
0.276
0.42
0.302
0.252
0.253
0.415
0.298
0.363
0.284
0.443
0.236
0.351
0.352
0.289
0.336
0.46
0.296
0.474
0.374
0.311
0.436
0.304
0.164
0.237
0.249
0.234
0.35
0.442
0.264
0.379
0.391
0.317
0.556
0.334
0.379
0.406
0.38
0.374
0.307
0.345
0.569
0.449
0.417
0.377
0.504
0.488
0.348
0.338
0.577
0.55
0.519
0.506
0.367
0.497
0.384
0.392
0.417
0.46
0.503
0.463
0.478
0.37
0.336
0.492
0.357
0.537
0.645
0.443
0.298
0.368
0.373
0.344
0.132
0.554
0.523
0.598
0.481
0.346
0.217
0.472
0.382
0.519
0.209
0.635
0.484
0.376
0.431
0.335
0.204
0.497
0.125
0.438
0.553
0.417
0.258
0.42
0.429
0.312
0.354
0.631
0.343
0.368
0.194
0.361
0.279
0.29
0.277
0.414
0.454
0.478
0.37
0.328
0.34
0.334
0.34
0.504
0.578
0.216
0.356
0.286
0.432
0.33
0.38
0.329
0.39
0.395
0.448
0.443
0.297
0.359
0.264
0.475
0.422
0.499
0.498
0.318
0.43
0.33
0.298
0.312
0.5
0.603
0.45
0.439
0.441
0.253
0.287
0.37
0.356
0.392
0.436
0.319
0.397
0.339
0.368
0.322
0.44
0.416
0.351
0.653
0.56
0.405
0.42
0.413
0.328
0.328
0.308
0.617
0.609
0.534
0.485
0.412
0.419
0.426
0.36
0.374
0.429
0.459
0.435
0.437
0.397
0.388
0.397
0.379
0.336
0.571
0.405
0.466
0.473
0.428
0.448
0.321
0.5
0.452
0.498
0.422
0.409
0.417
0.508
0.414
0.457
0.436
0.688
0.489
0.355
0.469
0.389
0.369
0.371
0.504
0.394
0.45
0.488
0.411
0.591
0.329
0.384
0.235
0.541
0.517
0.567
0.463
0.417
0.354
0.334
0.348
0.425
0.464
0.646
0.506
0.39
0.39
0.482
0.386
0.442
0.609
0.469
0.481
0.469
0.281
0.335
0.318
0.34
0.422
0.549
0.554
0.472
0.451
0.345
0.335
0.337
0.401
0.564
0.427
0.531
0.392
0.34
0.411
0.301
0.407
0.399
0.49
0.465
0.498
0.589
0.198
0.402
0.524
0.465
0.406
0.493
0.494
0.443
0.414
0.34
0.331
0.326
0.445
0.453
0.552
0.532
0.45
0.36
0.478
0.521
0.415
0.449
0.442
0.433
0.486
0.394
0.415
0.399
0.332
0.318
0.391
0.465
0.39
0.454
0.396
0.422
0.305
0.351
0.408
0.423
0.372
0.38
0.375
0.32
0.383
0.284
0.418
0.352
0.423
0.394
0.39
0.412
0.269
0.386
0.4
0.431
0.461
0.36
0.451
0.307
0.343
0.432
0.311
0.374
0.218
0.339
0.333
0.642
0.562
0.662
0.378
0.507
0.53
0.577
0.435
0.348
0.543
0.404
0.341
0.399
0.401
0.316
0.487
0.429
0.507
0.329
0.436
0.447
0.406
0.407
0.437
0.446
0.385
0.35
0.315
0.394
0.345
0.305
0.47
0.617
0.433
0.359
0.401
0.412
0.459
0.395
0.442
0.303
0.437
0.407
0.353
0.404
0.329
0.318
0.397
0.457
0.626
0.479
0.361
0.325
0.299
0.388
0.449
0.498
0.624
0.38
0.349
0.386
0.307
0.488
0.426
0.325
0.453
0.51
0.56
0.367
0.378
0.32
0.299
0.291
0.448
0.42
0.636
0.436
0.358
0.364
0.45
0.325
0.495
0.651
0.582
0.425
0.407
0.381
0.401
0.349
0.465
0.608
0.516
0.488
0.422
0.323
0.401
0.334
0.419
0.365
0.539
0.603
0.497
0.409
0.356
0.302
0.381
0.39
0.346
0.613
0.232
0.433
0.576
0.479
0.201
0.387
0.455
0.778
0.535
0.57
0.398
0.304
0.427
0.361
0.519
0.413
0.561
0.427
0.474
0.372
0.535
0.467
0.419
0.631
