0.556
0.439
0.375
0.734
0.416
0.717
0.469
0.428
0.436
0.439
0.393
0.323
0.658
0.308
0.601
0.291
0.319
0.419
0.392
0.412
0.309
0.677
0.297
0.539
0.349
0.397
0.393
0.377
0.45
0.088
0.498
0.484
0.775
0.353
0.428
0.061
0.423
0.437
0.396
0.807
0.334
0.569
0.417
0.598
0.38
0.313
0.44
0.435
0.845
0.438
0.68
0.462
0.57
0.438
0.52
0.682
0.485
0.822
0.433
0.629
0.513
0.535
0.435
0.523
0.696
0.38
0.581
0.428
0.655
0.529
0.561
0.436
0.381
0.666
0.531
0.6
0.366
0.592
0.42
0.457
0.426
0.538
0.446
0.42
0.682
0.434
0.518
0.409
0.528
0.462
0.408
0.408
0.596
0.532
0.507
0.516
0.386
0.557
0.624
0.561
0.549
0.582
0.61
0.542
0.412
0.434
0.604
0.634
0.414
0.517
0.587
0.597
0.544
0.455
0.675
0.543
0.711
0.461
0.497
0.587
0.636
0.566
0.437
0.48
0.505
0.747
0.665
0.488
0.56
0.54
0.319
0.358
0.792
0.54
0.786
0.635
0.514
0.626
0.429
0.61
0.454
0.798
0.566
0.742
0.556
0.547
0.552
0.536
0.671
0.495
0.762
0.498
0.701
0.586
0.598
0.539
0.538
0.612
0.525
0.799
0.51
0.666
0.565
0.595
0.49
0.554
0.499
0.588
0.779
0.401
0.609
0.469
0.552
0.447
0.63
0.654
0.501
0.76
0.474
0.516
0.521
0.544
0.417
0.577
0.576
0.686
0.601
0.437
0.602
0.39
0.426
0.447
0.681
0.538
0.683
0.662
0.465
0.584
0.507
0.587
0.326
0.653
0.395
0.429
0.623
0.504
0.269
0.507
0.525
0.517
0.545
0.44
0.507
0.477
0.447
0.5
0.487
0.431
0.155
0.44
0.317
0.429
0.435
0.483
0.42
0.397
0.685
0.412
0.447
0.441
0.515
0.529
0.477
0.357
0.5
0.401
0.514
0.524
0.386
0.436
0.389
0.43
0.341
0.606
0.568
0.522
0.574
0.38
0.512
0.481
0.393
0.47
0.442
0.398
0.47
0.503
0.503
0.503
0.604
0.471
0.508
0.529
0.539
0.549
0.437
0.422
0.394
0.508
0.5
0.481
0.473
0.498
0.571
0.517
0.466
0.421
0.596
0.491
0.608
0.567
0.483
0.463
0.511
0.456
0.441
0.461
0.362
0.596
0.465
0.463
0.562
0.456
0.372
0.495
0.386
0.481
0.6
0.4
0.449
0.567
0.454
0.534
0.441
0.686
0.421
0.706
0.482
0.415
0.49
0.474
0.415
0.449
0.56
0.392
0.61
0.472
0.497
0.369
0.443
0.436
0.414
0.708
0.385
0.63
0.471
0.562
0.345
0.475
0.612
0.47
0.617
0.342
0.582
0.493
0.499
0.457
0.493
0.39
0.483
0.605
0.393
0.571
0.396
0.41
0.437
0.535
0.693
0.47
0.373
0.449
0.591
0.473
0.507
0.401
0.442
0.575
0.407
0.638
0.379
0.453
0.581
0.539
0.289
0.386
0.58
0.247
0.594
0.32
0.567
0.435
0.402
0.291
0.457
0.428
0.456
0.462
0.431
0.455
0.402
0.563
0.269
0.368
0.324
0.489
0.642
0.444
0.234
0.339
0.561
0.602
0.502
0.409
0.478
0.517
0.628
0.466
0.486
0.405
0.518
0.505
0.475
0.418
0.586
0.562
0.447
0.5
0.589
0.664
0.45
0.461
0.37
0.417
0.63
0.429
0.695
0.586
0.64
0.366
0.382
0.455
0.635
0.566
0.435
0.694
0.547
0.565
0.413
0.61
0.345
0.658
0.614
0.3
0.619
0.397
0.541
0.419
0.647
0.433
0.637
0.417
0.403
0.647
0.249
0.478
0.369
0.383
0.291
0.475
0.298
0.408
0.466
0.319
0.57
0.344
0.578
0.381
0.695
0.621
0.38
0.486
0.381
0.661
0.593
0.66
0.436
0.731
0.694
0.628
0.63
0.429
0.619
0.476
0.265
0.42
0.739
0.599
0.591
0.58
0.494
0.579
0.554
0.497
0.281
0.726
0.576
0.558
0.278
0.416
0.591
0.556
0.636
0.316
0.608
0.386
0.545
0.49
0.548
0.571
0.349
0.783
0.49
0.669
0.12
0.523
0.335
0.573
0.475
0.564
0.449
0.507
0.443
0.426
0.517
0.522
0.378
0.336
0.616
0.54
0.538
0.506
0.435
0.398
0.332
0.414
0.493
0.687
0.099
0.423
0.482
0.488
0.399
0.621
0.599
0.34
0.671
0.601
0.603
0.447
0.353
0.293
0.431
0.401
0.321
0.696
0.383
0.636
0.412
0.643
0.394
0.743
0.508
0.553
0.461
0.391
0.524
0.463
0.515
0.426
0.498
0.576
0.294
0.586
0.371
0.536
0.484
0.651
0.319
0.723
0.433
0.42
0.461
0.462
0.461
0.472
0.738
0.324
0.532
0.479
0.524
0.545
0.332
0.634
0.387
0.797
0.413
0.724
0.552
0.533
0.547
0.418
0.477
0.399
0.464
0.395
0.579
0.518
0.624
0.546
0.462
0.562
0.503
0.722
0.493
0.462
0.473
0.441
0.521
0.489
0.426
0.27
0.544
0.464
0.55
0.432
0.537
0.57
0.381
0.541
0.351
0.473
0.547
0.424
0.434
0.511
0.526
0.475
0.474
0.525
0.475
0.53
0.629
0.403
0.381
0.432
0.454
0.452
0.429
0.481
0.446
0.593
0.398
0.362
0.462
0.441
0.479
0.506
0.431
0.534
0.49
0.41
0.14
0.577
0.473
0.495
0.5
0.527
0.206
0.477
0.434
0.356
0.492
0.475
0.484
0.413
0.396
0.561
0.444
0.491
0.354
0.713
0.474
0.574
0.474
0.443
0.45
0.437
0.7
0.352
0.492
0.407
0.434
0.486
0.357
0.599
0.377
0.492
0.28
0.571
0.423
0.543
0.458
0.443
0.285
0.443
0.71
0.402
0.595
0.434
0.356
0.392
0.397
0.631
0.463
0.725
0.326
0.468
0.424
0.511
0.382
0.393
0.445
0.419
0.418
0.373
0.612
0.359
0.445
0.122
0.329
0.581
0.381
0.767
0.229
0.457
0.446
0.368
0.43
0.388
0.563
0.402
0.489
0.358
0.351
0.168
0.511
0.436
0.323
0.718
0.338
0.66
0.399
0.528
0.384
0.438
0.514
0.452
0.508
0.467
0.386
0.426
0.444
0.556
0.487
0.461
0.472
0.718
0.377
0.527
0.265
0.44
0.591
0.46
0.674
0.494
0.564
0.439
0.442
0.435
0.405
0.57
0.414
0.548
0.521
0.564
0.56
0.475
0.441
0.459
0.437
0.498
0.807
0.539
0.304
0.503
0.455
0.539
0.421
0.673
0.308
0.222
0.367
0.528
0.52
0.404
0.493
0.395
0.608
0.271
0.484
0.413
0.464
0.495
0.375
0.6
0.539
0.48
0.582
0.814
0.428
0.645
0.45
0.536
0.612
0.53
0.491
0.359
0.631
0.519
0.598
0.423
0.353
0.367
0.419
0.494
0.396
0.666
0.447
0.461
0.458
0.636
0.581
0.553
0.559
0.495
0.523
0.442
0.523
0.454
0.541
0.572
0.432
0.773
0.53
0.637
0.551
0.549
0.152
0.612
0.568
0.651
0.634
0.54
0.594
0.508
0.56
0.382
0.436
0.394
0.635
0.358
0.34
0.471
0.562
0.566
0.613
0.633
0.468
0.458
0.261
0.486
0.427
0.507
0.357
0.42
0.446
0.502
0.221
0.547
0.538
0.399
0.402
0.556
0.502
0.6
0.459
0.643
0.455
0.496
0.464
0.638
0.495
0.623
0.602
0.417
0.527
0.457
0.481
0.399
0.53
0.358
0.61
0.386
0.441
0.574
0.467
0.545
0.459
0.379
0.454
0.593
0.405
0.617
0.546
0.476
0.487
0.597
0.662
0.382
0.733
0.565
0.424
0.427
0.373
0.417
0.581
0.554
0.297
0.407
0.347
0.468
0.401
0.452
0.38
0.564
0.562
0.377
0.55
0.434
0.485
0.443
0.424
0.391
0.448
0.442
0.534
0.41
0.478
0.399
0.401
0.566
0.417
0.602
0.525
0.431
0.44
0.407
0.494
0.549
0.617
0.51
0.615
0.563
0.401
0.562
0.492
0.573
0.394
0.433
0.432
0.469
0.523
0.4
0.432
0.458
0.403
0.167
0.697
0.513
0.457
0.6
0.551
0.553
0.454
0.564
0.444
0.554
0.475
0.455
0.47
0.533
0.388
0.483
0.551
0.533
0.619
0.161
0.465
0.448
0.373
0.525
0.427
0.783
0.511
0.322
0.438
0.528
0.427
0.459
0.516
0.504
0.597
0.468
0.636
0.424
0.512
0.395
0.49
0.45
0.443
0.497
0.498
0.605
0.291
0.421
0.54
0.409
0.465
0.458
0.486
0.52
0.56
0.524
0.49
0.391
0.471
0.579
0.47
0.415
0.46
0.487
0.476
0.415
0.413
0.48
0.622
0.496
0.716
0.449
0.565
0.451
0.401
0.564
0.398
0.445
0.482
0.469
0.418
0.571
0.558
0.541
0.438
0.483
0.67
0.432
0.506
0.467
0.514
0.596
0.389
0.467
0.416
0.379
0.423
0.644
0.411
0.433
0.547
0.524
0.582
0.462
0.647
0.399
0.518
0.439
0.429
0.547
0.399
0.519
0.446
0.694
0.379
0.563
0.364
0.47
0.579
0.553
0.62
0.424
0.572
0.383
0.545
0.397
0.443
0.458
0.57
0.53
0.44
0.501
0.385
0.589
0.419
0.414
0.416
