0.654
0.819
0.583
0.961
0.57
0.701
0.773
0.609
0.931
0.597
0.903
0.574
0.862
0.576
0.822
0.835
0.667
0.855
0.511
0.868
0.954
0.541
0.686
0.741
0.606
0.924
0.491
0.896
0.602
0.917
0.458
0.843
0.66
0.709
0.711
0.451
0.657
0.415
0.868
0.469
0.835
0.616
0.735
0.878
0.473
0.837
0.438
0.882
0.435
0.884
0.574
0.772
0.826
0.528
0.841
0.529
0.675
0.564
0.875
0.583
0.679
0.752
0.386
0.86
0.569
0.78
0.535
0.839
0.618
0.421
0.665
0.628
0.819
0.577
0.842
0.661
0.819
0.585
0.705
0.621
0.643
0.747
0.378
0.867
0.718
0.791
0.645
0.676
0.455
0.587
0.665
0.704
0.789
0.777
0.76
0.702
0.651
0.654
0.564
0.618
0.606
0.704
0.846
0.782
0.774
0.656
0.645
0.629
0.648
0.701
0.659
0.793
0.727
0.811
0.637
0.716
0.384
0.608
0.664
0.605
0.849
0.648
0.946
0.53
0.801
0.606
0.599
0.654
0.572
0.931
0.617
0.961
0.5
0.791
0.541
0.674
0.667
0.576
0.954
0.581
0.903
0.478
0.903
0.599
0.692
0.82
0.492
0.849
0.521
0.875
0.53
0.875
0.496
0.786
0.788
0.492
0.843
0.459
0.946
0.466
0.412
0.499
0.894
0.742
0.525
0.839
0.456
0.868
0.568
0.875
0.47
0.616
0.663
0.782
0.848
0.508
0.924
0.488
0.798
0.409
0.71
0.636
0.56
0.833
0.471
0.907
0.516
0.329
0.555
0.69
0.623
0.538
0.448
0.463
0.899
0.49
0.761
0.533
0.647
0.61
0.453
0.691
0.505
0.775
0.651
0.758
0.675
0.618
0.585
0.49
0.629
0.494
0.715
0.562
0.725
0.744
0.608
0.673
0.487
0.626
0.544
0.665
0.644
0.718
0.735
0.57
0.644
0.475
0.598
0.528
0.602
0.662
0.64
0.861
0.538
0.719
0.516
0.648
0.612
0.557
0.66
0.61
0.82
0.523
0.785
0.193
0.651
0.62
0.411
0.712
0.592
0.887
0.486
0.875
0.504
0.308
0.265
0.517
0.682
0.593
0.829
0.447
0.841
0.141
0.463
0.584
0.524
0.808
0.571
0.855
0.414
0.878
0.561
0.862
0.594
0.731
0.401
0.717
0.837
0.522
0.889
0.546
0.939
0.544
0.854
0.78
0.642
0.825
0.498
0.939
0.558
0.882
0.503
0.877
0.554
0.685
0.938
0.479
0.903
0.565
0.862
0.476
0.35
0.666
0.744
0.855
0.48
0.695
0.553
0.969
0.553
0.876
0.652
0.91
0.827
0.549
0.843
0.572
0.885
0.52
0.833
0.657
0.722
0.708
0.643
0.892
0.535
0.946
0.278
0.863
0.62
0.725
0.67
0.647
0.791
0.547
0.9
0.688
0.864
0.642
0.713
0.66
0.457
0.718
0.602
0.791
0.73
0.843
0.611
0.699
0.546
0.606
0.61
0.604
0.797
0.845
0.66
0.746
0.648
0.645
0.643
0.613
0.627
0.484
0.765
0.566
0.665
0.664
0.611
0.624
0.614
0.646
0.493
0.891
0.753
0.793
0.636
0.779
0.634
0.62
0.744
0.646
0.851
0.672
0.954
0.593
0.695
0.602
0.707
0.782
0.587
0.829
0.636
0.849
0.57
0.769
0.622
0.746
0.693
0.411
0.93
0.488
0.855
0.572
0.648
0.307
0.589
0.75
0.426
0.939
0.523
0.579
0.572
0.566
0.531
0.653
0.726
0.532
0.91
0.523
0.862
0.589
0.903
0.471
0.72
0.757
0.671
0.893
0.471
0.889
0.251
0.882
0.479
0.907
0.529
0.713
0.7
0.482
0.597
0.577
0.889
0.474
0.763
0.658
0.755
0.827
0.543
0.877
0.55
0.868
0.553
0.9
0.626
0.745
0.717
0.589
0.893
0.241
0.868
0.547
0.892
0.595
0.732
0.583
0.628
0.567
0.568
0.557
0.57
0.462
0.521
0.703
0.56
0.591
0.535
0.633
0.765
0.677
0.84
0.482
0.687
0.62
0.596
0.517
0.605
0.735
0.686
0.807
0.494
0.658
0.642
0.58
0.658
0.649
0.719
0.907
0.798
0.34
0.652
0.635
0.615
0.59
0.356
0.671
0.789
0.392
0.833
0.632
0.392
0.572
0.618
0.624
0.595
0.676
0.679
0.595
0.61
0.718
0.571
0.58
0.628
0.578
0.924
0.642
0.605
0.578
0.665
0.557
0.581
0.917
0.565
0.969
0.563
0.917
0.467
0.738
0.597
0.969
0.519
0.3
0.546
0.862
0.558
0.848
0.647
0.969
0.474
0.868
0.589
0.862
0.49
0.922
0.722
0.685
0.877
0.257
0.7
0.567
0.806
0.477
0.848
0.692
0.754
0.827
0.39
0.954
0.559
0.896
0.36
0.892
0.638
0.756
0.816
0.53
0.826
0.496
0.825
0.545
0.758
0.584
0.759
0.726
0.534
0.885
0.57
0.868
0.645
0.777
0.58
0.718
0.649
0.525
0.811
0.582
0.827
0.68
0.862
0.56
0.713
0.631
0.593
0.744
0.581
0.87
0.816
0.84
0.71
0.654
0.604
0.633
0.635
0.601
0.831
0.526
0.771
0.712
0.585
0.67
0.57
0.633
0.704
0.726
0.686
0.637
0.402
0.605
0.537
0.581
0.637
0.662
0.59
0.739
0.776
0.628
0.748
0.605
0.681
0.665
0.569
0.825
0.613
0.91
0.6
0.718
0.619
0.711
0.676
0.598
0.672
0.516
0.607
0.567
0.892
0.577
0.671
0.813
0.567
0.868
0.566
0.931
0.529
0.557
0.446
0.764
0.497
0.598
0.759
0.499
0.946
0.481
0.954
0.427
0.608
0.534
0.711
0.464
0.868
0.506
0.939
0.399
0.922
0.561
0.682
0.449
0.843
0.467
0.491
0.892
0.703
0.726
0.885
0.54
0.819
0.525
0.882
0.479
0.884
0.647
