0.907
0.814
0.62
0.659
0.602
0.628
0.696
0.652
0.823
0.732
0.785
0.616
0.64
0.639
0.59
0.651
0.685
0.753
0.856
0.757
0.684
0.634
0.669
0.574
0.613
0.727
0.678
0.853
0.727
0.733
0.604
0.653
0.609
0.644
0.633
0.889
0.705
0.907
0.596
0.695
0.625
0.669
0.561
0.597
0.656
0.671
0.737
0.77
0.433
0.5
0.687
0.826
0.569
0.924
0.625
0.91
0.529
0.915
0.616
0.384
0.764
0.572
0.458
0.576
0.903
0.55
0.843
0.573
0.56
0.807
0.582
0.954
0.523
0.843
0.541
0.939
0.533
0.876
0.74
0.635
0.843
0.45
0.843
0.511
0.875
0.53
0.694
0.756
0.677
0.877
0.534
0.946
0.481
0.896
0.435
0.899
0.712
0.343
0.76
0.532
0.557
0.582
0.855
0.527
0.834
0.649
0.706
0.782
0.588
0.923
0.571
0.896
0.515
0.807
0.627
0.435
0.711
0.62
0.82
0.564
0.83
0.656
0.795
0.576
0.678
0.655
0.602
0.368
0.529
0.922
0.748
0.776
0.59
0.647
0.614
0.602
0.721
0.661
0.837
0.752
0.753
0.73
0.643
0.669
0.591
0.63
0.649
0.757
0.877
0.757
0.667
0.668
0.696
0.538
0.664
0.783
0.677
0.923
0.731
0.682
0.613
0.661
0.635
0.642
0.731
0.59
0.91
0.719
0.886
0.608
0.726
0.605
0.591
0.718
0.584
0.882
0.661
0.868
0.562
0.746
0.589
0.727
0.79
0.568
0.83
0.601
0.924
0.536
0.901
0.53
0.729
0.818
0.573
0.924
0.529
0.923
0.519
0.939
0.58
0.838
0.83
0.611
0.373
0.538
0.875
0.419
0.855
0.53
0.667
0.819
0.636
0.924
0.488
0.931
0.528
0.924
0.528
0.862
0.637
0.669
0.833
0.574
0.931
0.586
0.91
0.502
0.849
0.707
0.723
0.816
0.537
0.938
0.62
0.379
0.526
0.786
0.647
0.677
0.759
0.536
0.862
0.602
0.946
0.633
0.848
0.601
0.69
0.285
0.603
0.842
0.669
0.907
0.662
0.79
0.607
0.636
0.646
0.601
0.76
0.605
0.807
0.745
0.748
0.617
0.663
0.695
0.831
0.779
0.772
0.662
0.648
0.581
0.423
0.648
0.695
0.377
0.843
0.745
0.774
0.647
0.648
0.882
0.605
0.724
0.328
0.902
0.7
0.826
0.624
0.644
0.642
0.616
0.764
0.608
0.939
0.671
0.851
0.588
0.712
0.633
0.607
0.743
0.531
0.849
0.668
0.855
0.56
0.573
0.586
0.565
0.79
0.496
0.969
0.565
0.931
0.421
0.939
0.542
0.709
0.877
0.57
0.787
0.534
0.889
0.507
0.862
0.576
0.793
0.868
0.463
0.868
0.46
0.843
0.414
0.849
0.55
0.713
0.712
0.44
0.938
0.462
0.868
0.5
0.863
0.5
0.688
0.763
0.483
0.9
0.396
0.931
0.341
0.917
0.478
0.885
0.721
0.724
0.664
0.523
0.875
0.617
0.794
0.515
0.641
0.395
0.696
0.358
0.589
0.631
0.273
0.733
0.619
0.334
0.651
0.68
0.708
0.588
0.833
0.791
0.907
0.607
0.6
0.634
0.471
0.646
0.519
0.745
0.622
0.649
0.714
0.541
0.445
0.703
0.635
0.624
0.695
0.969
0.816
0.724
0.817
0.631
0.862
0.582
0.931
0.649
0.684
0.751
0.811
0.827
0.754
0.629
0.583
0.669
0.616
0.687
0.651
0.889
0.812
0.819
0.892
0.664
0.875
0.65
0.931
0.613
0.969
0.739
0.814
0.836
0.699
0.903
0.611
0.699
0.591
0.969
0.67
0.882
0.559
0.805
0.498
0.704
0.803
0.562
0.796
0.6
0.862
0.518
0.814
0.641
0.757
0.862
0.542
0.924
0.54
0.795
0.462
0.676
0.587
0.532
0.845
0.543
0.871
0.474
0.868
0.53
0.924
0.533
0.825
0.816
0.617
0.874
0.185
0.946
0.59
0.939
0.532
0.798
0.762
0.662
0.899
0.474
0.9
0.523
0.91
0.443
0.861
0.379
0.709
0.782
0.497
0.873
0.592
0.875
0.535
0.576
0.645
0.71
0.758
0.574
0.631
0.664
0.584
0.626
0.625
0.624
0.299
0.603
0.446
0.602
0.616
0.811
0.591
0.679
0.319
0.628
0.743
0.642
0.767
0.687
0.782
0.689
0.645
0.31
0.59
0.527
0.662
0.59
0.763
0.698
0.401
0.52
0.501
0.653
0.56
0.678
0.526
0.853
0.689
0.609
0.609
0.493
0.61
0.517
0.213
0.48
0.833
0.714
0.744
0.587
0.499
0.607
0.6
0.705
0.51
0.862
0.695
0.689
0.597
0.515
0.592
0.643
0.481
0.507
0.821
0.656
0.663
0.564
0.518
0.589
0.613
0.809
0.52
0.776
0.579
0.644
0.523
0.626
0.587
0.667
0.312
0.554
0.731
0.58
0.604
0.523
0.627
0.592
0.672
0.629
0.438
0.711
0.491
0.616
0.49
0.619
0.535
0.786
0.763
0.622
0.664
0.481
0.655
0.537
0.698
0.505
0.518
0.739
0.664
0.61
0.445
0.646
0.453
0.736
0.487
0.413
0.691
0.712
0.601
0.543
0.645
0.412
0.692
0.512
0.857
0.628
0.686
0.554
0.62
0.658
0.687
0.776
0.408
0.726
0.555
0.674
0.521
0.591
0.596
0.588
0.8
0.485
0.811
0.518
0.689
0.509
0.591
0.292
0.643
0.447
0.564
0.788
0.52
0.655
0.533
0.656
0.55
0.072
0.368
0.608
0.745
0.509
0.609
0.561
0.676
0.536
0.676
0.739
0.678
0.737
0.502
0.627
0.548
0.591
0.579
0.625
0.669
0.65
0.711
0.594
0.692
0.618
0.614
0.762
0.609
0.868
0.692
0.896
0.591
0.713
0.703
0.737
0.486
0.917
0.636
0.83
0.551
0.431
0.564
0.68
0.648
0.556
0.931
