0.595
0.411
0.676
0.369
0.724
0.61
0.523
0.714
0.484
0.658
0.45
0.603
0.388
0.669
0.725
0.597
0.467
0.693
0.373
0.572
0.513
0.6
0.708
0.618
0.781
0.463
0.512
0.46
0.527
0.592
0.41
0.807
0.573
0.868
0.403
0.793
0.406
0.621
0.628
0.498
0.824
0.542
0.896
0.425
0.624
0.438
0.662
0.359
0.488
0.892
0.486
0.595
0.434
0.682
0.425
0.54
0.673
0.348
0.632
0.449
0.677
0.448
0.57
0.607
0.684
0.47
0.771
0.373
0.633
0.474
0.515
0.39
0.598
0.659
0.506
0.738
0.372
0.939
0.399
0.899
0.439
0.709
0.67
0.524
0.556
0.346
0.893
0.558
0.86
0.5
0.674
0.634
0.513
0.658
0.501
0.831
0.562
0.815
0.408
0.624
0.598
0.475
0.701
0.475
0.823
0.401
0.775
0.579
0.588
0.656
0.443
0.63
0.466
0.747
0.679
0.72
0.616
0.543
0.593
0.43
0.644
0.474
0.676
0.645
0.674
0.846
0.511
0.67
0.436
0.523
0.594
0.61
0.481
0.646
0.628
0.466
0.666
0.401
0.625
0.411
0.483
0.589
0.585
0.465
0.43
0.745
0.245
0.627
0.471
0.505
0.524
0.552
0.802
0.403
0.931
0.374
0.716
0.485
0.469
0.705
0.504
0.785
0.333
0.924
0.362
0.596
0.465
0.457
0.665
0.452
0.885
0.374
0.915
0.362
0.771
0.503
0.475
0.761
0.388
0.834
0.298
0.23
0.365
0.651
0.489
0.515
0.55
0.1
0.149
0.318
0.88
0.406
0.708
0.444
0.418
0.721
0.326
0.922
0.337
0.834
0.442
0.665
0.517
0.485
0.712
0.411
0.646
0.33
0.694
0.528
0.621
0.348
0.475
0.679
0.256
0.788
0.392
0.744
0.573
0.569
0.495
0.416
0.612
0.358
0.527
0.439
0.363
0.527
0.531
0.593
0.392
0.659
0.365
0.683
0.427
0.656
0.658
0.491
0.427
0.377
0.607
0.361
0.46
0.501
0.622
0.557
0.363
0.491
0.291
0.568
0.13
0.431
0.507
0.584
0.586
0.435
0.538
0.364
0.621
0.456
0.515
0.648
0.53
0.827
0.386
0.82
0.37
0.682
0.091
0.461
0.655
0.502
0.869
0.35
0.93
0.372
0.701
0.44
0.467
0.623
0.442
0.781
0.372
0.847
0.389
0.737
0.505
0.46
0.691
0.417
0.87
0.379
0.879
0.417
0.712
0.495
0.486
0.647
0.379
0.931
0.366
0.679
0.426
0.645
0.481
0.518
0.651
0.404
0.938
0.472
0.81
0.455
0.641
0.481
0.516
0.626
0.405
0.884
0.452
0.764
0.424
0.591
0.494
0.46
0.274
0.42
0.81
0.442
0.724
0.437
0.558
0.528
0.447
0.57
0.469
0.734
0.468
0.699
0.475
0.517
0.621
0.45
0.541
0.446
0.485
0.541
0.633
0.48
0.277
0.362
0.461
0.558
0.369
0.563
0.51
0.612
0.657
0.445
0.674
0.456
0.516
0.505
0.557
0.543
0.545
0.647
0.448
0.757
0.379
0.642
0.511
0.492
0.528
0.503
0.639
0.407
0.744
0.342
0.647
0.536
0.467
0.644
0.478
0.569
0.416
0.702
0.508
0.676
0.549
0.433
0.59
0.465
0.632
0.377
0.801
0.49
0.712
0.579
0.445
0.602
0.455
0.659
0.444
0.778
0.461
0.703
0.586
0.47
0.638
0.451
0.625
0.531
0.765
0.427
0.655
0.607
0.496
0.37
0.41
0.708
0.201
0.203
0.438
0.439
0.625
0.474
0.532
0.474
0.716
0.648
0.727
0.459
0.572
0.601
0.455
0.5
0.569
0.629
0.646
0.628
0.489
0.537
0.604
0.447
0.473
0.574
0.628
0.634
0.657
0.483
0.314
0.552
0.485
0.503
0.644
0.579
0.685
0.613
0.578
0.476
0.579
0.499
0.481
0.665
0.527
0.67
0.564
0.626
0.441
0.292
0.42
0.527
0.173
0.494
0.674
0.534
0.643
0.454
0.537
0.556
0.449
0.691
0.454
0.736
0.485
0.621
0.397
0.521
0.402
0.485
0.682
0.454
0.725
0.523
0.593
0.32
0.618
0.326
0.413
0.49
0.427
0.725
0.369
0.539
0.342
0.518
0.279
0.552
0.378
0.361
0.454
0.42
0.635
0.36
0.594
0.372
0.554
0.763
0.372
0.602
0.453
0.597
0.502
0.571
0.537
0.526
0.721
0.473
0.623
0.291
0.593
0.429
0.5
0.497
0.519
0.65
0.498
0.616
0.377
0.566
0.446
0.513
0.367
0.529
0.467
0.44
0.61
0.479
0.55
0.542
0.493
0.385
0.479
0.467
0.425
0.597
0.422
0.532
0.497
0.474
0.63
0.448
0.485
0.4
0.604
0.486
0.481
0.714
0.462
0.66
0.454
0.528
0.355
0.5
0.46
0.444
0.653
0.451
0.509
0.234
0.513
0.577
0.496
0.686
0.39
0.864
0.408
0.767
0.424
0.42
0.39
0.419
0.536
0.334
0.586
0.4
0.568
0.385
0.44
0.344
0.54
0.418
0.721
0.369
0.791
0.354
0.574
0.396
0.57
0.375
0.739
0.431
0.77
0.295
0.428
0.391
0.393
0.634
0.382
0.787
0.394
0.761
0.41
0.598
0.402
0.432
0.543
0.335
0.798
0.403
0.709
0.395
0.56
0.395
0.446
0.582
0.325
0.47
0.373
0.703
0.52
0.546
0.553
0.277
0.672
0.363
0.367
0.36
0.557
0.4
0.498
0.49
0.426
0.524
0.393
0.693
0.414
0.639
0.421
0.382
0.575
0.378
0.473
0.348
0.638
0.409
0.625
0.53
0.471
0.608
0.351
0.604
0.376
0.571
0.397
0.528
0.544
0.447
0.556
0.361
0.614
0.375
0.427
0.537
0.559
0.611
0.413
0.499
0.353
0.332
0.386
0.449
0.465
0.537
0.51
0.374
0.848
0.349
0.499
0.389
0.479
0.503
0.316
0.504
0.383
0.868
0.363
0.666
0.598
0.49
0.821
0.324
0.91
0.504
0.908
0.805
0.605
0.48
0.678
0.395
0.837
0.399
0.609
0.412
0.794
0.559
0.573
0.81
0.362
0.862
0.408
0.595
0.457
0.752
0.451
0.612
0.817
0.325
0.907
0.328
0.853
0.495
0.736
0.561
0.566
0.745
0.41
0.835
0.388
0.787
0.496
0.696
0.551
0.532
0.555
0.395
0.804
0.354
0.837
0.469
0.665
0.545
0.495
0.35
0.252
0.65
0.436
0.76
0.479
0.611
0.622
0.451
0.59
0.349
0.682
0.39
0.664
0.528
0.567
0.666
0.429
0.551
0.321
0.607
0.399
0.685
0.541
0.542
0.757
0.4
0.228
0.342
0.575
0.528
0.514
0.556
0.492
0.778
0.272
0.788
0.389
0.544
0.544
0.557
0.65
0.488
0.794
0.38
0.454
0.287
0.533
0.538
0.49
0.459
0.437
0.718
0.345
0.829
0.431
0.505
0.521
0.43
0.765
0.372
0.608
0.316
0.602
0.539
0.65
0.418
0.841
0.133
0.151
0.417
0.599
0.611
0.357
0.896
0.419
0.885
0.451
