0.591
0.889
0.619
0.868
0.532
0.874
0.659
0.757
0.568
0.633
0.448
0.619
0.552
0.766
0.526
0.401
0.564
0.675
0.615
0.53
0.663
0.566
0.745
0.507
0.892
0.604
0.642
0.645
0.489
0.639
0.587
0.862
0.672
0.593
0.574
0.395
0.546
0.496
0.732
0.581
0.922
0.422
0.246
0.571
0.748
0.592
0.509
0.678
0.524
0.855
0.45
0.894
0.649
0.734
0.769
0.59
0.735
0.419
0.849
0.44
0.392
0.703
0.43
0.633
0.833
0.562
0.844
0.844
0.548
0.682
0.683
0.615
0.68
0.617
0.787
0.746
0.809
0.64
0.675
0.619
0.615
0.464
0.681
0.781
0.676
0.641
0.621
0.554
0.663
0.606
0.674
0.843
0.701
0.869
0.615
0.646
0.49
0.609
0.623
0.645
0.639
0.888
0.597
0.637
0.724
0.946
0.862
0.586
0.786
0.678
0.472
0.75
0.594
0.843
0.603
0.538
0.909
0.615
0.764
0.59
0.837
0.538
0.924
0.519
0.903
0.461
0.745
0.603
0.529
0.931
0.496
0.868
0.292
0.899
0.533
0.638
0.776
0.466
0.842
0.472
0.849
0.424
0.876
0.732
0.69
0.878
0.46
0.843
0.617
0.896
0.489
0.86
0.692
0.746
0.842
0.514
0.852
0.571
0.889
0.483
0.865
0.623
0.693
0.783
0.501
0.878
0.637
0.882
0.585
0.866
0.619
0.699
0.706
0.601
0.834
0.618
0.842
0.615
0.78
0.586
0.695
0.579
0.632
0.749
0.608
0.855
0.681
0.811
0.609
0.662
0.395
0.509
0.679
0.357
0.823
0.778
0.786
0.676
0.643
0.624
0.625
0.421
0.692
0.729
0.803
0.751
0.676
0.66
0.611
0.64
0.611
0.654
0.636
0.945
0.764
0.833
0.595
0.629
0.615
0.627
0.752
0.62
0.862
0.671
0.908
0.603
0.796
0.589
0.646
0.724
0.608
0.849
0.362
0.954
0.564
0.819
0.552
0.692
0.775
0.563
0.917
0.601
0.896
0.523
0.882
0.63
0.704
0.362
0.554
0.875
0.354
0.939
0.508
0.903
0.576
0.51
0.793
0.593
0.931
0.507
0.855
0.509
0.862
0.511
0.847
0.849
0.623
0.961
0.467
0.969
0.638
0.939
0.499
0.838
0.741
0.689
0.922
0.499
0.903
0.6
0.454
0.484
0.857
0.662
0.734
0.774
0.512
0.818
0.651
0.872
0.613
0.819
0.615
0.669
0.669
0.604
0.543
0.586
0.946
0.547
0.789
0.62
0.697
0.647
0.627
0.829
0.682
0.8
0.704
0.804
0.64
0.819
0.406
0.602
0.704
0.687
0.753
0.65
0.692
0.667
0.644
0.663
0.618
0.681
0.536
0.445
0.78
0.633
0.6
0.363
0.649
0.479
0.625
0.656
0.557
0.829
0.779
0.74
0.529
0.604
0.487
0.19
0.757
0.493
0.499
0.451
0.804
0.317
0.621
0.479
0.519
0.568
0.473
0.896
0.485
0.684
0.442
0.68
0.501
0.501
0.785
0.445
0.917
0.525
0.583
0.53
0.655
0.568
0.553
0.547
0.813
0.609
0.749
0.609
0.875
0.494
0.671
0.479
0.72
0.459
0.862
0.676
0.871
0.417
0.837
0.422
0.811
0.479
0.678
0.679
0.655
0.768
0.583
0.798
0.424
0.785
0.649
0.547
0.556
0.573
0.713
0.546
0.892
0.363
0.745
0.702
0.373
0.689
0.517
0.416
0.493
0.846
0.648
0.72
0.573
0.446
0.67
0.501
0.759
0.536
0.795
0.648
0.676
0.567
0.263
0.241
0.507
0.66
0.558
0.797
0.297
0.667
0.717
0.566
0.663
0.511
0.616
0.617
0.727
0.715
0.869
0.771
0.799
0.589
0.533
0.597
0.622
0.67
0.661
0.562
0.86
0.523
0.48
0.531
0.581
0.418
0.599
0.66
0.496
0.938
0.514
0.744
0.538
0.56
0.591
0.552
0.73
0.518
0.866
0.733
0.804
0.64
0.658
0.647
0.514
0.731
0.469
0.961
0.623
0.845
0.597
0.609
0.593
0.653
0.71
0.451
0.197
0.483
0.827
0.546
0.456
0.624
0.499
0.763
0.491
0.873
0.493
0.559
0.538
0.677
0.536
0.603
0.757
0.567
0.892
0.479
0.607
0.513
0.639
0.576
0.58
0.771
0.603
0.832
0.5
0.733
0.537
0.601
0.541
0.489
0.766
0.629
0.93
0.501
0.706
0.61
0.652
0.489
0.84
0.744
0.694
0.476
0.566
0.862
0.501
0.695
0.37
0.828
0.639
0.894
0.601
0.875
0.522
0.849
0.645
0.691
0.692
0.602
0.819
0.621
0.907
0.712
0.83
0.645
0.671
0.657
0.582
0.302
0.643
0.831
0.682
0.795
0.634
0.652
0.622
0.527
0.67
0.7
0.815
