0.604
0.954
0.666
0.882
0.579
0.826
0.622
0.708
0.756
0.596
0.843
0.596
0.903
0.551
0.878
0.599
0.799
0.917
0.544
0.946
0.531
0.849
0.562
0.784
0.779
0.91
0.488
0.843
0.544
0.843
0.516
0.938
0.788
0.471
0.849
0.464
0.849
0.498
0.818
0.516
0.446
0.559
0.477
0.855
0.499
0.93
0.651
0.776
0.486
0.885
0.728
0.725
0.857
0.503
0.888
0.574
0.977
0.482
0.857
0.667
0.413
0.794
0.56
0.93
0.522
0.802
0.605
0.847
0.605
0.687
0.725
0.621
0.787
0.649
0.849
0.729
0.84
0.596
0.703
0.65
0.592
0.765
0.681
0.839
0.827
0.642
0.692
0.639
0.57
0.694
0.706
0.748
0.738
0.491
0.483
0.649
0.583
0.636
0.646
0.725
0.685
0.854
0.759
0.654
0.641
0.583
0.583
0.653
0.709
0.708
0.832
0.584
0.758
0.604
0.704
0.567
0.603
0.808
0.51
0.969
0.617
0.828
0.574
0.701
0.615
0.608
0.791
0.582
0.954
0.663
0.889
0.552
0.586
0.654
0.649
0.736
0.585
0.924
0.593
0.946
0.384
0.868
0.622
0.767
0.834
0.573
0.924
0.535
0.931
0.544
0.946
0.565
0.658
0.757
0.609
0.875
0.486
0.855
0.529
0.802
0.53
0.83
0.679
0.648
0.511
0.476
0.924
0.533
0.924
0.497
0.728
0.732
0.688
0.93
0.574
0.701
0.582
0.954
0.486
0.636
0.683
0.75
0.827
0.495
0.923
0.603
0.903
0.632
0.832
0.662
0.73
0.751
0.562
0.625
0.528
0.868
0.545
0.797
0.632
0.744
0.682
0.599
0.84
0.611
0.938
0.608
0.832
0.572
0.696
0.648
0.594
0.769
0.608
0.871
0.689
0.84
0.577
0.672
0.611
0.642
0.699
0.717
0.831
0.822
0.764
0.661
0.676
0.629
0.597
0.663
0.657
0.731
0.768
0.779
0.49
0.656
0.559
0.587
0.659
0.57
0.681
0.885
0.759
0.791
0.609
0.616
0.655
0.572
0.767
0.614
0.777
0.686
0.871
0.606
0.746
0.583
0.669
0.757
0.592
0.862
0.636
0.868
0.577
0.675
0.608
0.668
0.737
0.586
0.939
0.552
0.924
0.51
0.494
0.61
0.574
0.74
0.537
0.849
0.382
0.825
0.546
0.855
0.573
0.792
0.728
0.508
0.969
0.525
0.566
0.585
0.946
0.513
0.862
0.77
0.554
0.939
0.483
0.862
0.586
0.91
0.489
0.751
0.708
0.694
0.466
0.488
0.595
0.556
0.623
0.473
0.885
0.698
0.752
0.848
0.52
0.938
0.618
0.862
0.558
0.819
0.653
0.727
0.784
0.593
0.825
0.59
0.696
0.502
0.672
0.6
0.601
0.65
0.567
0.914
0.629
0.764
0.616
0.672
0.657
0.658
0.76
0.683
0.907
0.749
0.811
0.642
0.681
0.628
0.585
0.696
0.613
0.83
0.839
0.79
0.645
0.685
0.664
0.59
0.636
0.616
0.649
0.415
0.778
0.67
0.642
0.627
0.638
0.599
0.653
0.688
0.953
0.757
0.752
0.608
0.664
0.596
0.611
0.754
0.628
0.834
0.716
0.879
0.593
0.713
0.578
0.623
0.794
0.602
0.939
0.669
0.91
0.579
0.76
0.623
0.709
0.77
0.588
0.837
0.6
0.753
0.561
0.808
0.589
0.651
0.769
0.573
0.813
0.554
0.961
0.526
0.868
0.576
0.846
0.763
0.533
0.961
0.521
0.924
0.565
0.868
0.522
0.862
0.778
0.621
0.888
0.493
0.896
0.544
0.889
0.51
0.791
0.732
0.668
0.798
0.545
0.843
0.577
0.946
0.496
0.715
0.69
0.744
0.802
0.513
0.923
0.603
0.917
0.457
0.87
0.401
0.705
0.751
0.567
0.863
0.553
0.826
0.535
0.869
0.532
0.692
0.595
0.604
0.834
0.433
0.945
0.491
0.839
0.535
0.687
0.609
0.551
0.758
0.651
0.631
0.659
0.682
0.686
0.637
0.823
0.809
0.794
0.637
0.633
0.63
0.595
0.678
0.744
0.85
0.604
0.598
0.634
0.651
0.543
0.604
0.677
0.676
0.903
0.726
0.693
0.614
0.653
0.473
0.618
0.872
0.666
0.875
0.548
0.617
0.585
0.518
0.837
0.48
0.875
0.525
0.459
0.498
0.715
0.579
0.917
0.875
0.552
0.391
0.839
0.615
0.309
0.383
0.917
0.507
0.938
0.537
0.799
0.685
0.566
0.858
0.389
0.852
0.642
0.478
0.864
0.734
0.609
0.559
0.829
0.626
0.86
0.704
0.595
0.532
0.663
0.571
0.764
0.692
0.815
0.692
0.658
0.585
0.505
0.931
0.393
0.592
0.654
0.647
0.726
0.591
0.939
0.479
0.588
0.534
0.617
0.645
0.69
0.894
0.546
0.758
0.509
0.614
0.476
0.597
0.689
0.672
0.818
0.652
0.433
0.643
0.554
0.575
0.682
0.509
0.931
0.305
0.698
0.534
0.882
0.478
0.954
0.439
0.772
0.559
0.811
0.486
0.924
0.499
0.849
0.799
0.56
0.55
0.752
0.393
0.903
0.428
0.837
0.522
0.58
0.816
0.371
0.91
0.389
0.922
0.466
0.78
0.611
0.741
0.369
0.853
0.377
0.552
0.754
0.583
0.725
0.401
0.922
0.381
0.873
0.606
0.697
0.516
0.598
0.687
0.527
0.813
0.553
0.833
0.569
0.683
0.581
0.574
0.641
0.768
0.563
0.798
0.564
0.631
0.624
0.594
0.615
0.678
0.483
0.765
0.531
0.64
0.621
0.464
0.435
0.638
0.728
0.7
0.605
0.762
0.58
0.626
0.425
0.585
0.55
0.666
0.755
0.429
0.635
0.624
0.67
0.474
0.502
0.882
0.6
0.882
0.494
0.862
0.487
0.655
0.885
0.528
0.603
0.509
0.671
0.411
0.879
0.447
0.745
0.474
0.519
0.596
0.468
0.73
0.843
0.575
0.851
0.487
0.576
0.65
0.468
0.75
0.448
0.859
0.462
0.805
0.567
0.629
0.593
0.571
0.819
0.572
0.945
0.457
0.446
0.466
0.626
0.593
0.54
0.739
0.465
0.491
0.524
0.72
0.385
0.572
0.528
0.4
0.801
0.559
0.856
0.5
0.714
0.487
0.616
0.489
0.76
0.642
0.812
0.471
0.651
