0.528
0.299
0.373
0.44
0.386
0.529
0.274
0.376
0.403
0.4
0.408
0.553
0.298
0.496
0.378
0.38
0.281
0.339
0.51
0.524
0.572
0.498
0.418
0.573
0.505
0.504
0.455
0.532
0.53
0.559
0.49
0.452
0.541
0.506
0.485
0.451
0.618
0.536
0.495
0.533
0.551
0.453
0.538
0.534
0.616
0.44
0.606
0.578
0.566
0.534
0.508
0.107
0.075
0.126
0.484
0.412
0.599
0.489
0.559
0.535
0.454
0.538
0.562
0.47
0.584
0.426
0.55
0.516
0.209
0.513
0.632
0.659
0.57
0.438
0.529
0.571
0.594
0.639
0.476
0.325
0.315
0.494
0.387
0.405
0.473
0.448
0.399
0.103
0.146
0.119
0.144
0.147
0.177
0.288
0.092
0.116
0.084
0.097
0.096
0.125
0.108
0.113
0.118
0.147
0.111
0.151
0.143
0.124
0.153
0.104
0.103
0.107
0.113
0.332
0.141
0.232
0.451
0.082
0.087
0.09
0.055
0.094
0.118
0.346
0.231
0.092
0.216
0.061
0.131
0.065
0.187
0.104
0.245
0.085
0.074
0.131
0.041
0.226
0.153
0.234
0.173
0.098
0.069
0.134
0.127
0.127
0.181
0.217
0.119
0.497
0.089
0.212
0.065
0.102
0.094
0.206
0.25
0.085
0.056
0.099
0.197
0.054
0.187
0.148
0.127
0.212
0.246
0.261
0.284
0.231
0.148
0.137
0.3
0.125
0.102
0.118
0.155
0.066
0.072
0.14
0.123
0.101
0.172
0.082
0.159
0.14
0.147
0.119
0.066
0.101
0.083
0.108
0.155
0.043
0.262
0.302
0.207
0.07
0.29
0.23
0.559
0.223
0.146
0.202
0.23
0.233
0.249
0.144
0.203
0.162
0.193
0.178
0.186
0.236
0.471
0.306
0.276
0.059
0.298
0.322
0.241
0.204
0.058
0.114
0.456
0.256
0.248
0.176
0.184
0.149
0.167
0.246
0.106
0.132
0.223
0.088
0.133
0.107
0.152
0.13
0.281
0.141
0.037
0.151
0.093
0.059
0.151
0.174
0.125
0.163
0.157
0.14
0.097
0.246
0.178
0.26
0.215
0.112
0.125
0.121
0.16
0.222
0.137
0.3
0.089
0.112
0.073
0.156
0.061
0.246
0.186
0.168
0.144
0.206
0.207
0.203
0.086
0.245
0.148
0.164
0.302
0.174
0.085
0.164
0.072
0.222
0.294
0.064
0.327
0.157
0.137
0.16
0.1
0.083
0.152
0.095
0.101
0.167
0.227
0.087
0.072
0.296
0.063
0.142
0.231
0.068
0.062
0.096
0.092
0.354
0.076
0.085
0.243
0.3
0.134
0.468
0.071
0.064
0.139
0.12
0.104
0.095
0.117
0.166
0.195
0.253
0.173
0.102
0.16
0.07
0.171
0.152
0.105
0.106
0.099
0.122
0.095
0.055
0.125
0.159
0.095
0.199
0.062
0.16
0.334
0.088
0.102
0.276
0.091
0.218
0.107
0.227
0.139
0.103
0.4
0.11
0.063
0.254
0.286
0.138
0.184
0.179
0.183
0.065
0.321
0.306
0.173
0.571
0.285
0.031
0.288
0.062
0.623
0.19
0.223
0.241
0.244
0.292
0.167
0.321
0.218
0.12
0.064
0.04
0.251
0.068
0.286
0.367
0.292
0.258
0.305
0.116
0.244
0.262
0.112
0.223
0.127
0.204
0.3
0.249
0.238
0.464
0.259
0.199
0.254
0.292
0.222
0.247
0.279
0.121
0.171
0.209
0.29
0.65
0.305
0.262
0.295
0.202
0.264
0.283
0.121
0.247
0.171
0.712
0.578
0.364
0.146
0.228
0.197
0.303
0.267
0.061
0.207
0.157
0.089
0.157
0.1
0.118
0.229
0.151
0.16
0.157
0.092
0.069
0.285
0.373
0.157
0.158
0.259
0.205
0.129
0.365
0.169
0.292
0.245
0.206
0.061
0.171
0.119
0.121
0.145
0.12
0.186
0.279
0.078
0.233
0.09
0.181
0.059
0.112
0.153
0.369
0.124
0.076
0.067
0.13
0.071
0.14
0.156
0.064
0.093
0.072
0.302
0.139
0.295
0.174
0.041
0.166
0.268
0.127
0.237
0.113
0.199
0.089
0.133
0.218
0.097
0.294
0.579
0.268
0.299
0.228
0.402
0.055
0.122
0.132
0.157
0.219
0.084
0.192
0.133
0.263
0.054
0.154
0.077
0.132
0.142
0.137
0.08
0.049
0.292
0.109
0.302
0.093
0.263
0.127
0.089
0.248
0.29
0.212
0.296
0.185
0.308
0.083
0.253
0.158
0.437
0.22
0.127
0.079
0.186
0.08
0.046
0.086
0.194
0.057
0.153
0.199
0.094
0.115
0.07
0.134
0.079
0.308
0.141
0.152
0.228
0.223
0.068
0.13
0.19
0.312
0.404
0.128
0.495
0.233
0.117
0.246
0.219
0.165
0.123
0.153
0.452
0.383
0.258
0.334
0.094
0.187
0.069
0.364
0.481
0.226
0.113
0.22
0.17
0.237
0.207
0.243
0.524
0.213
0.331
0.517
0.158
0.217
0.223
0.358
0.336
0.272
0.207
0.082
0.086
0.453
0.214
0.261
0.272
0.224
0.12
0.174
0.187
0.126
0.281
0.337
0.089
0.24
0.162
0.224
0.137
0.328
0.096
0.114
0.085
0.087
0.069
0.092
0.144
0.071
0.153
0.356
0.086
0.169
0.156
0.107
0.069
0.115
0.432
0.08
0.057
0.215
0.455
0.137
0.313
0.187
0.298
0.104
0.036
0.259
0.326
0.209
0.083
0.073
0.562
0.112
0.124
0.177
0.158
0.221
0.21
0.077
0.172
0.194
0.208
0.256
0.245
0.055
0.245
0.049
0.12
0.187
0.309
0.214
0.318
0.226
0.15
0.069
0.304
0.109
0.089
0.264
0.061
0.158
0.107
0.175
0.272
0.093
0.251
0.066
0.255
0.086
0.103
0.079
0.048
0.072
0.188
0.13
0.283
0.31
0.097
0.146
0.083
0.323
0.139
0.127
0.196
0.245
0.066
0.075
0.072
0.17
0.12
0.377
0.153
0.103
0.1
0.24
0.056
0.082
0.177
0.222
0.09
0.384
0.142
0.255
0.133
0.097
0.082
0.174
0.052
0.181
0.074
0.205
0.321
0.388
0.193
0.375
0.228
0.494
0.222
0.43
0.283
0.356
0.364
0.568
0.371
0.317
0.322
0.357
0.37
0.396
0.273
0.268
0.238
0.448
0.528
0.343
0.464
0.319
0.3
0.325
0.398
0.255
0.329
0.284
0.268
0.239
0.204
0.35
0.201
0.196
0.339
0.3
0.299
0.47
0.28
0.4
0.353
0.371
0.335
0.274
0.211
0.257
0.353
0.388
0.334
0.226
0.288
0.251
0.293
0.273
0.285
0.329
0.221
0.312
0.232
0.393
0.328
0.392
0.217
0.324
0.2
0.422
0.553
0.445
0.275
0.217
0.384
0.303
0.278
0.456
0.254
0.262
0.242
0.269
0.498
0.382
0.308
0.322
0.296
0.259
0.388
0.263
0.23
0.298
0.311
0.462
0.262
0.328
0.231
0.398
0.359
0.574
0.516
0.357
0.347
0.413
0.38
0.494
0.498
0.221
0.479
0.296
0.357
0.356
0.376
0.394
0.387
0.349
0.331
0.305
0.46
0.42
0.337
0.453
0.421
0.456
0.356
0.544
0.517
0.244
0.526
0.49
0.598
0.346
0.469
0.341
0.468
0.457
0.377
0.293
0.377
0.354
0.303
0.183
0.271
0.263
0.386
0.518
0.293
0.483
0.327
0.405
0.365
0.251
0.523
0.514
0.572
0.534
0.353
0.497
0.439
0.413
0.153
0.249
0.342
0.25
0.113
0.134
0.079
0.046
0.074
0.083
0.203
0.061
0.148
0.059
0.089
0.062
0.069
0.067
0.057
0.085
0.045
0.082
0.091
0.074
0.093
0.064
0.138
0.107
0.049
0.11
0.09
0.095
0.052
0.072
0.088
0.2
0.201
0.167
0.132
0.198
0.095
0.24
0.095
0.08
0.086
0.118
0.089
0.101
0.092
0.177
0.107
0.177
0.141
0.192
0.117
0.098
0.133
0.087
0.087
0.087
0.074
0.124
0.125
0.833
0.666
0.513
0.428
0.4
0.532
0.726
0.807
0.922
0.758
0.598
0.456
0.137
0.176
0.159
0.469
0.146
0.159
0.099
0.463
0.687
0.529
0.112
0.089
0.201
0.099
0.236
0.107
0.13
0.117
0.1
0.139
0.085
0.627
0.176
0.086
0.128
0.195
0.16
0.104
0.192
0.1
0.123
0.111
0.276
0.145
0.125
0.086
0.117
0.143
0.713
0.563
0.453
0.459
0.597
0.529
0.598
0.817
0.671
0.641
0.548
0.481
0.467
0.461
0.39
0.629
0.808
0.727
0.364
0.58
0.54
0.454
0.483
0.639
0.749
0.52
0.693
0.545
0.495
0.564
0.54
0.635
0.718
0.647
0.565
0.489
0.584
0.515
0.484
0.559
0.646
0.831
0.617
0.694
0.503
0.532
0.445
0.563
0.391
0.644
0.673
0.581
0.469
0.554
0.518
0.577
0.488
0.624
0.736
0.842
0.71
0.623
0.502
0.617
0.536
0.546
0.714
0.605
0.582
0.665
0.465
0.482
0.48
0.488
0.516
0.759
0.808
0.528
0.472
0.487
0.453
0.478
0.466
0.578
0.72
0.8
0.49
0.568
0.515
0.136
0.282
0.552
0.74
0.721
0.477
0.503
0.48
0.53
0.526
0.557
0.656
0.502
0.682
0.476
0.47
0.54
0.521
0.544
0.587
0.669
0.559
0.63
0.452
0.469
0.552
0.542
0.619
0.679
0.57
0.493
0.564
0.543
0.566
0.578
0.604
0.583
0.606
0.438
0.499
0.59
0.596
0.647
0.455
0.6
0.569
0.163
0.481
0.584
0.516
0.673
0.629
0.562
0.575
0.516
0.457
0.534
0.6
0.677
0.591
0.477
0.529
0.465
0.481
0.482
0.576
0.688
0.709
0.551
0.526
0.514
0.431
0.496
0.568
0.66
0.742
0.643
0.579
0.431
0.53
0.489
0.554
0.574
0.878
0.772
0.641
0.321
0.433
0.475
0.467
0.389
0.692
0.789
0.747
0.498
0.522
0.485
0.481
0.513
0.554
0.687
0.841
0.675
0.556
0.517
0.469
0.263
0.543
0.605
0.788
0.765
0.65
0.527
0.399
0.491
0.499
0.462
0.698
0.803
0.753
0.599
0.529
0.464
0.465
0.52
0.669
0.834
0.865
0.714
0.584
0.505
0.445
0.533
0.566
0.657
0.907
0.831
0.665
0.578
0.479
0.451
0.531
0.688
0.832
0.907
0.772
0.648
0.549
0.444
0.466
0.524
0.713
0.845
0.831
0.742
0.619
0.553
0.413
0.482
0.59
0.55
0.846
0.824
0.688
0.585
0.484
0.472
0.607
0.82
0.894
0.915
0.762
0.456
0.516
0.452
0.592
0.657
0.779
0.969
0.863
0.7
0.564
0.449
0.444
0.62
0.706
0.916
0.877
0.775
0.632
0.486
0.406
0.451
0.665
0.803
0.903
0.83
0.558
0.416
0.465
0.547
0.734
0.831
0.842
0.787
0.616
0.495
0.387
0.478
0.577
0.717
0.903
0.877
0.712
0.575
0.427
0.394
0.321
0.715
0.915
0.864
0.798
0.494
0.498
0.464
0.391
0.669
0.795
0.917
0.82
0.734
0.601
0.417
0.449
0.508
0.648
0.915
0.85
0.788
0.469
0.56
0.496
0.508
0.669
0.687
0.723
0.851
0.512
0.58
0.512
0.495
0.603
0.696
0.796
0.863
0.8
0.656
0.564
0.475
0.571
0.578
0.81
0.896
0.835
0.733
0.582
0.51
0.497
0.552
0.277
0.806
0.916
0.815
0.575
0.478
0.512
0.372
0.545
0.49
0.849
0.747
0.628
0.445
0.473
0.508
0.555
0.708
0.923
0.813
0.671
0.494
0.47
0.453
0.335
0.684
0.792
0.784
0.752
0.634
0.499
0.459
0.521
0.546
0.731
0.75
0.792
0.671
0.573
0.43
0.297
0.433
0.538
0.637
0.855
0.759
0.647
0.538
0.461
0.428
0.452
0.611
0.779
0.832
0.676
0.594
0.427
0.387
0.473
0.565
0.494
0.774
0.755
0.662
0.547
0.479
0.52
0.496
0.605
0.682
0.654
0.691
0.467
0.391
0.536
0.591
0.494
0.586
0.712
0.77
0.573
0.548
0.485
0.565
0.507
0.523
0.724
0.686
0.687
0.588
0.51
0.516
0.5
0.531
0.649
0.612
0.678
0.348
0.492
0.488
0.222
0.531
0.586
0.561
0.552
0.647
0.524
0.426
0.399
0.532
0.563
0.644
0.634
0.613
0.63
0.476
0.518
0.534
0.583
0.61
0.621
0.593
0.588
0.553
0.402
0.572
0.615
0.543
0.44
0.586
0.563
0.571
0.557
0.327
0.588
0.663
0.649
0.501
0.599
0.546
0.563
0.519
0.514
0.529
0.761
0.704
0.633
0.407
0.54
0.603
0.464
0.623
0.608
0.713
0.701
0.598
0.523
0.525
0.523
0.509
0.699
0.697
0.756
0.638
0.551
0.512
0.529
0.54
0.528
0.681
0.801
0.75
0.635
0.51
0.527
0.518
0.495
0.569
0.651
0.816
0.719
0.569
0.482
0.496
0.497
0.435
0.695
0.824
0.813
0.666
0.529
0.508
0.471
0.516
0.698
0.654
0.85
0.796
0.558
0.504
0.491
0.478
0.556
0.685
0.878
0.806
0.723
0.606
0.509
0.475
0.496
0.588
0.804
0.872
0.846
0.618
0.475
0.316
0.478
0.6
0.681
0.37
0.884
0.812
0.657
0.52
0.477
0.488
0.623
0.481
0.6
0.691
0.759
0.62
0.446
0.505
0.523
0.673
0.878
0.939
0.693
0.538
0.51
0.461
0.546
0.672
0.749
0.663
0.506
0.614
0.492
0.47
0.493
0.534
0.638
0.802
0.869
0.712
0.57
0.58
0.452
0.467
0.584
0.793
0.751
0.86
0.625
0.645
0.531
0.375
0.506
0.406
0.788
0.448
0.438
0.579
0.466
0.404
0.479
0.572
0.787
0.798
0.766
0.639
0.49
0.427
0.402
0.477
0.642
0.82
0.917
0.494
0.425
0.36
0.436
0.645
0.878
0.853
0.636
0.609
0.673
0.424
0.334
0.47
0.554
0.8
0.858
0.886
0.764
0.63
0.494
0.524
0.605
0.689
0.611
0.805
0.645
0.521
0.617
0.359
0.493
0.526
0.569
0.814
0.735
0.575
0.525
0.478
0.462
0.407
0.721
0.855
0.809
0.658
0.518
0.465
0.318
0.534
0.496
0.624
0.907
0.732
0.587
0.491
0.483
0.518
0.637
0.662
0.801
0.811
0.686
0.523
0.6
0.464
0.517
0.592
0.617
0.809
0.749
0.605
0.519
0.462
0.478
0.54
0.583
0.768
0.597
0.665
0.529
0.496
0.47
0.475
0.51
0.627
0.719
0.737
0.592
0.547
0.48
0.489
0.495
0.559
0.368
0.744
0.424
0.529
0.492
0.446
0.47
0.535
0.388
0.675
0.716
0.598
0.542
0.485
0.502
0.539
0.465
0.649
0.682
0.677
0.536
0.512
0.477
0.517
0.507
0.509
0.635
0.635
0.326
0.452
0.468
0.492
0.544
0.527
0.638
0.614
0.611
0.533
0.486
0.504
0.56
0.474
0.537
0.661
0.592
0.603
0.496
0.381
0.486
0.348
0.546
0.602
0.539
0.567
0.569
0.48
0.477
0.528
0.54
0.554
0.625
0.553
0.51
0.533
0.458
0.52
0.539
0.585
0.598
0.583
0.503
0.52
0.51
0.468
0.36
0.58
0.601
0.62
0.532
0.281
0.496
0.481
0.503
0.598
0.662
0.625
0.603
0.377
0.448
0.493
0.503
0.526
0.585
0.681
0.428
0.55
0.461
0.524
0.485
0.509
0.629
0.674
0.689
0.491
0.5
0.431
0.458
0.472
0.557
0.677
0.716
0.73
0.584
0.58
0.438
0.495
0.489
0.555
0.674
0.742
0.703
0.542
0.429
0.431
0.484
0.533
0.616
0.758
0.206
0.624
0.507
0.443
0.46
0.494
0.502
0.629
0.768
0.738
0.585
0.449
0.479
0.457
0.517
0.629
0.713
0.86
0.708
0.56
0.471
0.442
0.49
0.557
0.662
0.78
0.83
0.667
0.522
0.48
0.445
0.526
0.651
0.702
0.79
0.77
0.621
0.492
0.502
0.51
0.561
0.617
0.8
0.915
0.753
0.57
0.464
0.544
0.517
0.613
0.524
0.654
0.793
0.507
0.502
0.389
0.473
0.546
0.659
0.483
0.915
0.733
0.532
0.516
0.422
0.51
0.333
0.77
0.907
0.824
0.65
0.527
0.491
0.458
0.636
0.631
0.774
0.922
0.742
0.575
0.472
0.459
0.546
0.671
0.687
0.915
0.833
0.657
0.528
0.469
0.467
0.547
0.699
0.789
0.862
0.749
0.1
0.169
0.068
0.136
0.144
0.159
0.096
0.11
0.084
0.1
0.073
0.124
0.236
0.103
0.083
0.075
0.206
0.106
0.087
0.116
0.112
0.208
0.11
0.09
0.122
0.131
0.138
0.074
0.1
0.096
0.114
0.077
0.12
0.125
0.12
0.148
0.157
0.19
0.085
0.097
0.154
0.083
0.106
0.093
0.117
0.161
0.102
0.251
0.104
0.186
0.1
0.091
0.081
0.098
0.164
0.17
0.612
0.618
0.58
0.552
0.63
0.647
0.784
0.826
0.695
0.588
0.676
0.642
0.657
0.63
0.698
0.945
0.597
0.657
0.62
0.622
0.658
0.615
0.595
0.825
0.856
0.718
0.617
0.3
0.643
0.632
0.619
0.697
0.854
0.769
0.642
0.599
0.615
0.622
0.544
0.628
0.698
0.784
0.701
0.644
0.682
0.571
0.613
0.576
0.644
0.717
0.781
0.666
0.503
0.639
0.63
0.538
0.564
0.595
0.433
0.737
0.615
0.686
0.617
0.618
0.54
0.547
0.667
0.745
0.657
0.665
0.612
0.652
0.558
0.529
0.509
0.691
0.697
0.653
0.659
0.526
0.621
0.542
0.535
0.626
0.627
0.646
0.661
0.856
0.706
0.582
0.675
0.571
0.655
0.693
0.908
0.795
0.543
0.619
0.546
0.501
0.631
0.604
0.597
0.6
0.652
0.627
0.577
0.528
0.551
0.632
0.591
0.647
0.631
0.637
0.651
0.578
0.541
0.624
0.571
0.565
0.601
0.661
0.641
0.581
0.58
0.551
0.578
0.472
0.587
0.638
0.694
0.639
0.608
0.574
0.638
0.597
0.514
0.598
0.644
0.65
0.658
0.612
0.485
0.605
0.531
0.527
0.674
0.798
0.659
0.583
0.63
0.645
0.582
0.525
0.606
0.613
0.629
0.637
0.654
0.662
0.646
0.359
0.493
0.567
0.626
0.696
0.634
0.679
0.699
0.619
0.517
0.541
0.324
0.705
0.639
0.617
0.719
0.7
0.567
0.493
0.584
0.629
0.668
0.639
0.731
0.744
0.661
0.545
0.298
0.632
0.637
0.609
0.624
0.748
0.758
0.608
0.529
0.555
0.609
0.665
0.601
0.734
0.831
0.313
0.559
0.497
0.566
0.634
0.652
0.64
0.761
0.854
0.685
0.588
0.592
0.632
0.649
0.602
0.726
0.831
0.816
0.574
0.606
0.632
0.629
0.619
0.532
0.754
0.861
0.709
0.645
0.585
0.619
0.636
0.588
0.662
0.811
0.834
0.714
0.633
0.597
0.568
0.629
0.77
0.759
0.907
0.676
0.614
0.535
0.571
0.581
0.632
0.664
0.708
0.783
0.645
0.572
0.554
0.542
0.617
0.653
0.688
0.295
0.78
0.617
0.531
0.517
0.541
0.581
0.699
0.76
0.87
0.702
0.555
0.539
0.475
0.547
0.612
0.691
0.891
0.794
0.629
0.532
0.411
0.469
0.512
0.677
0.251
0.877
0.705
0.573
0.478
0.326
0.515
0.591
0.768
0.861
0.798
0.662
0.526
0.482
0.483
0.52
0.68
0.752
0.831
0.678
0.579
0.503
0.457
0.48
0.547
0.521
0.743
0.593
0.647
0.448
0.474
0.463
0.474
0.692
0.769
0.849
0.725
0.634
0.522
0.465
0.547
0.509
0.524
0.876
0.805
0.663
0.585
0.513
0.499
0.515
0.581
0.776
0.886
0.732
0.635
0.576
0.509
0.559
0.562
0.637
0.593
0.812
0.661
0.654
0.586
0.542
0.571
0.621
0.731
0.734
0.74
0.601
0.591
0.662
0.663
0.482
0.699
0.669
0.692
0.672
0.591
0.584
0.7
0.614
0.679
0.777
0.833
0.75
0.623
0.619
0.611
0.647
0.613
0.685
0.876
0.426
0.676
0.616
0.632
0.619
0.588
0.632
0.777
0.877
0.754
0.639
0.603
0.857
0.646
0.528
0.606
0.766
0.855
0.749
0.837
0.873
