0.554
0.479
0.39
0.513
0.606
0.521
0.409
0.421
0.544
0.367
0.48
0.306
0.376
0.453
0.69
0.413
0.508
0.464
0.431
0.549
0.53
0.384
0.11
0.311
0.184
0.165
0.514
0.305
0.099
0.461
0.387
0.508
0.493
0.461
0.366
0.592
0.387
0.454
0.42
0.414
0.447
0.459
0.309
0.288
0.389
0.476
0.466
0.587
0.457
0.526
0.473
0.672
0.534
0.423
0.351
0.543
0.445
0.797
0.523
0.423
0.484
0.371
0.461
0.449
0.398
0.502
0.609
0.442
0.487
0.472
0.458
0.522
0.402
0.428
0.528
0.791
0.485
0.4
0.452
0.338
0.435
0.451
0.465
0.509
0.46
0.457
0.343
0.567
0.497
0.441
0.527
0.407
0.503
0.523
0.563
0.318
0.518
0.468
0.639
0.443
0.785
0.44
0.61
0.535
0.393
0.465
0.41
0.5
0.431
0.802
0.442
0.461
0.438
0.45
0.428
0.404
0.684
0.463
0.613
0.534
0.424
0.489
0.396
0.295
0.469
0.467
0.271
0.706
0.398
0.483
0.513
0.466
0.524
0.444
0.576
0.39
0.511
0.525
0.42
0.454
0.349
0.487
0.251
0.173
0.37
0.495
0.405
0.412
0.478
0.362
0.595
0.461
0.678
0.292
0.468
0.461
0.389
0.403
0.389
0.473
0.322
0.437
0.356
0.475
0.446
0.36
0.463
0.44
0.459
0.413
0.621
0.393
0.439
0.493
0.306
0.379
0.486
0.646
0.365
0.239
0.409
0.416
0.43
0.413
0.41
0.479
0.603
0.417
0.445
0.512
0.411
0.663
0.393
0.429
0.343
0.402
0.432
0.394
0.516
0.455
0.698
0.352
0.454
0.346
0.366
0.348
0.455
0.535
0.425
0.684
0.451
0.562
0.394
0.44
0.371
0.346
0.467
0.323
0.539
0.449
0.484
0.3
0.415
0.412
0.349
0.609
0.219
0.684
0.381
0.431
0.428
0.332
0.374
0.385
0.612
0.283
0.54
0.34
0.443
0.403
0.385
0.437
0.349
0.69
0.371
0.754
0.354
0.434
0.372
0.501
0.4
0.285
0.678
0.349
0.523
0.442
0.469
0.355
0.387
0.285
0.512
0.471
0.37
0.521
0.397
0.27
0.372
0.366
0.498
0.539
0.313
0.394
0.605
0.402
0.405
0.299
0.4
0.358
0.297
0.529
0.451
0.655
0.354
0.474
0.351
0.378
0.422
0.371
0.631
0.406
0.556
0.303
0.425
0.558
0.588
0.333
0.555
0.594
0.491
0.503
0.364
0.503
0.469
0.585
0.464
0.404
0.413
0.489
0.463
0.527
0.284
0.472
0.636
0.472
0.59
0.55
0.53
0.409
0.552
0.426
0.702
0.281
0.646
0.557
0.569
0.487
0.555
0.57
0.335
0.486
0.699
0.358
0.554
0.385
0.466
0.38
0.452
0.454
0.534
0.632
0.626
0.458
0.366
0.238
0.599
0.459
0.306
0.599
0.685
0.291
0.437
0.42
0.171
0.561
0.493
0.488
0.47
0.596
0.349
0.441
0.422
0.439
0.587
0.527
0.452
0.523
0.535
0.454
0.419
0.58
0.457
0.442
0.439
0.454
0.458
0.47
0.487
0.535
0.396
0.408
0.67
0.66
0.464
0.449
0.469
0.397
0.457
0.486
0.442
0.419
0.603
0.43
0.491
0.466
0.486
0.38
0.447
0.399
0.442
0.439
0.557
0.475
0.309
0.313
0.472
0.67
0.571
0.619
0.627
0.531
0.503
0.456
0.359
0.494
0.461
0.395
0.602
0.432
0.484
0.52
0.424
0.575
0.393
0.714
0.634
0.447
0.497
0.517
0.378
0.488
0.41
0.434
0.621
0.434
0.632
0.599
0.432
0.473
0.515
0.459
0.434
0.706
0.505
0.587
0.312
0.258
0.575
0.474
0.468
0.594
0.618
0.514
0.474
0.456
0.459
0.525
0.294
0.277
0.457
0.587
0.498
0.512
0.345
0.44
0.478
