0.463
0.321
0.399
0.271
0.255
0.609
0.46
0.672
0.119
0.607
0.447
0.53
0.456
0.497
0.319
0.467
0.442
0.146
0.522
0.408
0.567
0.427
0.455
0.323
0.512
0.405
0.487
0.569
0.649
0.601
0.493
0.476
0.518
0.868
0.527
0.781
0.562
0.61
0.638
0.475
0.659
0.458
0.687
0.513
0.636
0.556
0.587
0.632
0.456
0.678
0.427
0.755
0.526
0.681
0.57
0.543
0.57
0.385
0.773
0.436
0.841
0.405
0.655
0.483
0.517
0.497
0.393
0.658
0.311
0.749
0.423
0.309
0.528
0.495
0.458
0.421
0.731
0.433
0.742
0.382
0.552
0.556
0.428
0.685
0.497
0.776
0.489
0.71
0.517
0.557
0.653
0.472
0.712
0.439
0.722
0.524
0.561
0.461
0.496
0.583
0.306
0.796
0.281
0.671
0.442
0.508
0.394
0.465
0.71
0.351
0.556
0.425
0.46
0.393
0.577
0.447
0.414
0.432
0.384
0.71
0.492
0.471
0.376
0.576
0.403
0.455
0.675
0.53
0.717
0.526
0.548
0.399
0.409
0.452
0.347
0.487
0.405
0.496
0.359
0.554
0.304
0.398
0.431
0.548
0.785
0.365
0.626
0.403
0.662
0.482
0.483
0.606
0.539
0.336
0.418
0.458
0.444
0.406
0.383
0.407
0.726
0.424
0.829
0.413
0.46
0.314
0.308
0.412
0.397
0.444
0.568
0.714
0.505
0.577
0.437
0.529
0.594
0.434
0.544
0.599
0.639
0.393
0.493
0.552
0.456
0.356
0.386
0.459
0.505
0.538
0.44
0.454
0.454
0.408
0.495
0.407
0.492
0.33
0.436
0.422
0.506
0.403
0.532
0.473
0.569
0.682
0.427
0.502
0.379
0.532
0.608
0.43
0.522
0.44
0.439
0.443
0.428
0.554
0.531
0.629
0.566
0.491
0.47
0.371
0.552
0.468
0.434
0.41
0.444
0.4
0.591
0.474
0.407
0.486
0.409
0.632
0.428
0.5
0.567
0.582
0.372
0.474
0.493
0.461
0.673
0.338
0.484
0.614
0.66
0.533
0.397
0.473
0.383
0.687
0.426
0.699
0.646
0.707
0.508
0.395
0.623
0.394
0.615
0.36
0.596
0.625
0.562
0.528
0.415
0.629
0.368
0.471
0.449
0.487
0.434
0.515
0.466
0.423
0.523
0.436
0.672
0.519
0.651
0.507
0.604
0.472
0.462
0.351
0.429
0.311
0.506
0.704
0.364
0.485
0.493
0.498
0.364
0.584
0.659
0.435
0.707
0.42
0.567
0.402
0.49
0.362
0.742
0.592
0.625
0.543
0.408
0.647
0.36
0.717
0.398
0.657
0.564
0.537
0.505
0.394
0.646
0.399
0.431
0.46
0.755
0.562
0.443
0.567
0.425
0.401
0.396
0.471
0.414
0.719
0.521
0.436
0.419
0.434
0.277
0.4
0.671
0.545
0.617
0.454
0.417
0.418
0.415
0.464
0.266
0.637
0.432
0.579
0.364
0.449
0.376
0.428
0.319
0.547
0.446
0.48
0.544
0.332
0.507
0.575
0.546
0.368
0.583
0.684
0.602
0.341
0.451
0.491
0.449
0.242
0.419
0.466
0.662
0.561
0.479
0.497
0.459
0.53
0.496
0.454
0.579
0.571
0.579
0.499
0.626
0.428
0.63
0.577
0.45
0.572
0.541
0.571
0.48
0.596
0.239
0.636
0.517
0.543
0.549
0.48
0.581
0.424
0.617
0.373
0.734
0.482
0.558
0.53
0.476
0.608
0.449
0.704
0.439
0.514
0.505
0.597
0.531
0.477
0.562
0.428
0.642
0.469
0.744
0.492
0.68
0.519
0.453
0.57
0.443
0.632
0.483
0.73
0.451
0.64
0.386
0.491
0.596
0.451
0.474
0.476
0.729
0.366
0.35
0.34
0.504
0.386
0.414
0.64
0.376
0.463
0.369
0.39
0.364
0.502
0.522
0.536
0.518
0.438
0.4
0.325
0.469
0.546
0.544
0.393
0.531
0.629
0.244
0.487
0.441
0.5
0.426
0.547
0.431
0.536
0.512
0.349
0.571
0.513
0.523
0.571
0.556
0.425
0.441
0.518
0.323
0.581
0.447
0.446
0.646
0.546
0.492
0.525
0.395
0.389
0.535
0.523
0.441
0.46
0.426
0.461
0.486
0.521
0.402
0.447
0.33
0.543
0.346
0.611
0.495
0.488
0.457
0.476
0.384
0.451
0.615
0.684
0.601
0.673
0.375
0.445
0.403
0.47
0.483
0.508
0.431
0.391
0.466
0.418
0.452
0.518
0.487
0.578
0.372
0.542
0.55
0.632
0.455
0.432
0.354
0.573
0.49
0.394
0.628
0.533
0.525
0.407
0.509
0.343
0.356
0.621
0.408
0.539
0.513
0.554
0.371
0.464
0.394
0.444
0.44
0.418
0.493
0.422
0.473
0.394
0.639
0.363
0.676
0.685
0.413
0.466
0.435
0.497
0.334
0.461
0.358
0.698
0.44
0.462
0.496
0.44
0.652
0.418
0.337
0.398
0.693
0.459
0.484
0.543
0.413
0.583
0.4
0.483
0.379
0.663
0.469
0.503
0.468
0.503
0.46
0.433
0.323
0.47
0.622
0.505
0.534
0.512
0.583
0.609
0.428
0.092
0.46
0.581
0.512
0.364
0.454
0.526
0.463
0.429
0.7
0.525
0.315
0.51
0.164
0.478
0.564
0.405
0.447
0.689
0.513
0.451
0.447
0.392
0.488
0.644
0.393
0.611
0.632
0.461
0.622
0.563
0.393
0.549
0.647
0.532
0.419
0.707
0.577
0.569
0.534
0.552
0.632
0.603
0.551
0.679
0.151
0.503
0.427
0.409
0.568
0.451
0.495
0.474
0.607
0.416
0.607
0.38
0.66
0.584
0.459
0.55
0.389
0.46
0.507
0.549
0.502
0.659
0.475
0.561
0.474
0.537
0.533
0.446
0.488
0.409
0.27
0.31
0.48
0.592
0.418
0.51
0.359
0.422
0.462
0.461
0.338
0.19
0.367
0.545
0.484
0.382
0.485
0.373
0.7
0.356
0.764
0.61
0.563
0.561
0.368
0.644
0.504
0.751
0.356
0.708
0.464
0.532
0.512
0.37
0.641
0.471
0.745
0.411
0.651
0.504
0.514
0.47
0.183
0.647
0.521
0.795
0.44
0.616
0.509
0.424
0.42
0.414
0.504
0.299
0.757
0.485
0.59
0.559
0.456
0.471
0.455
0.486
0.462
0.54
0.462
0.555
0.512
0.414
0.387
0.415
0.397
0.43
0.657
0.479
0.523
0.567
0.378
0.596
0.473
0.409
0.44
0.548
0.445
0.427
0.425
0.369
0.443
0.45
0.431
0.463
0.476
0.561
0.5
0.619
0.327
0.352
0.484
0.509
0.462
0.57
0.49
0.436
0.49
0.427
0.443
0.435
0.529
0.451
0.496
0.567
0.349
0.505
0.413
0.778
0.442
0.56
0.439
0.485
0.625
0.41
0.681
0.412
0.779
0.449
0.648
0.473
0.416
0.621
0.426
0.725
0.481
0.764
0.448
0.632
0.429
0.489
0.658
0.423
0.793
0.449
0.673
0.485
0.478
0.463
0.459
0.638
0.442
0.786
0.453
0.434
0.488
0.562
0.455
0.493
0.579
0.463
0.727
0.424
0.341
0.428
0.523
0.421
0.493
0.576
0.384
0.371
0.399
0.578
0.505
0.518
0.356
0.359
0.596
0.431
0.673
0.444
0.569
0.588
0.517
0.489
0.25
0.575
0.538
0.352
0.419
0.514
0.288
0.507
0.628
0.529
0.558
0.506
0.434
0.526
0.484
0.641
0.549
0.655
0.56
0.543
0.535
0.67
0.509
0.743
0.395
0.563
0.655
0.609
0.408
0.517
0.622
0.545
0.495
0.62
0.585
0.726
0.597
0.521
0.524
0.531
0.51
0.492
0.662
0.696
0.166
0.547
0.533
0.481
0.575
0.682
0.477
0.791
0.531
0.792
0.555
0.694
0.498
0.536
0.628
0.606
0.784
0.683
0.374
0.623
0.604
0.517
0.64
0.65
0.532
0.861
0.59
0.685
0.55
0.924
0.512
0.633
0.476
0.559
0.499
0.496
0.609
0.56
0.561
0.478
0.522
0.487
0.441
0.723
0.471
0.59
0.305
0.127
0.499
0.629
0.685
0.685
0.687
0.475
0.558
0.522
0.496
0.42
0.397
0.623
0.738
0.715
0.502
0.604
0.551
0.545
0.486
0.314
0.498
0.556
0.564
0.479
0.413
0.578
0.582
0.6
0.684
0.532
