00 FF FF 00 10 0D 22 93 00 00 02 00 00 10 10 E4 0C 00 00 18 BD 
00 FF FF 00 10 0D 22 93 00 00 02 00 00 10 10 E6 0C 00 00 30 44 
00 FF FF 00 10 0D 22 93 00 00 02 00 00 10 10 E7 0C 00 00 2B 6B 
00 FF FF 00 10 0D 22 93 00 00 02 00 00 10 10 E8 0C 00 00 2D 74 
00 FF FF 00 10 0D 22 93 00 00 02 00 00 10 10 E9 0C 00 00 2C CA 
00 FF FF 00 10 0D 22 93 00 00 02 00 00 10 10 EA 0C 00 00 31 C4 
00 FF FF 00 10 0D 22 93 00 00 02 00 00 10 10 EC 0C 00 00 31 C4 
00 FF FF 00 10 0D 22 93 00 00 02 00 00 10 10 ED 0C 00 00 3C 14 
00 FF FF 00 10 0D 22 93 00 00 02 00 00 10 10 EE 0C 00 00 31 02 
00 FF FF 00 10 0D 22 93 00 00 02 00 00 10 10 F0 0C 00 00 37 82 
00 FF FF 00 10 0D 22 93 00 00 02 00 00 10 10 F2 0C 00 00 36 A4 
00 FF FF 00 10 0D 22 93 00 00 02 00 00 10 10 F4 0C 00 00 36 A4 
00 FF FF 00 10 0D 22 93 00 00 02 00 00 10 10 F5 0C 00 00 37 82 
00 FF FF 00 10 0D 22 93 00 00 02 00 00 10 10 F6 0C 00 00 3C 14 
00 FF FF 00 10 0D 22 93 00 00 02 00 00 10 10 F7 0C 00 00 30 44 
00 FF FF 00 10 0D 22 93 00 00 02 00 00 10 10 F8 0C 00 00 2E 22 
00 FF FF 00 10 0D 22 93 00 00 02 00 00 10 10 F9 0C 00 00 2F 8A 
00 FF FF 00 10 0D 22 93 00 00 02 00 00 10 10 FA 0C 00 00 19 3B 
00 FF FF 00 10 0D 22 93 00 00 02 00 00 10 10 FC 0C 00 00 24 C2 
00 FF FF 00 10 0D 22 93 00 00 02 00 00 10 10 FD 0C 00 00 1D 36 
00 FF FF 00 10 0D 22 93 00 00 02 00 00 10 10 FE 0C 00 00 33 54 
00 FF FF 00 10 0D 22 93 00 00 02 00 00 10 10 FF 0C 00 00 2F CD 
00 FF FF 00 10 0D 22 93 00 00 02 00 00 10 11 00 0C 00 00 34 22 
00 FF FF 00 10 0D 22 93 00 00 02 00 00 10 11 01 0C 00 00 2E 19 
00 FF FF 00 10 0D 22 93 00 00 02 00 00 10 11 02 0C 00 00 21 D1 
00 FF FF 00 10 0D 22 93 00 00 02 00 00 10 11 03 0C 00 00 1C C5 
00 FF FF 00 10 0D 22 93 00 00 02 00 00 10 11 04 0C 00 00 1D CE 
00 FF FF 00 10 0D 22 93 00 00 02 00 00 10 11 05 0C 00 00 2C B1 
00 FF FF 00 10 0D 22 93 00 00 02 00 00 10 11 06 0C 00 00 38 64 
00 FF FF 00 10 0D 22 93 00 00 02 00 00 10 11 07 0C 00 00 37 82 
00 FF FF 00 10 0D 22 93 00 00 02 00 00 10 11 08 0C 00 00 31 02 
00 FF FF 00 10 0D 22 93 00 00 02 00 00 10 11 09 0C 00 00 30 25 
00 FF FF 00 10 0D 22 93 00 00 02 00 00 10 11 0A 0C 00 00 2A 9B 
00 FF FF 00 10 0D 22 93 00 00 02 00 00 10 11 0B 0C 00 00 15 64 
00 FF FF 00 10 0D 22 93 00 00 02 00 00 10 11 0C 0C 00 00 19 7D 
00 FF FF 00 10 0D 22 93 00 00 02 00 00 10 11 0D 0C 00 00 23 F9 
00 FF FF 00 10 0D 22 93 00 00 02 00 00 10 11 0E 0C 00 00 38 45 
00 FF FF 00 10 0D 22 93 00 00 02 00 00 10 11 0F 0C 00 00 29 25 
00 FF FF 00 10 0D 22 93 00 00 02 00 00 10 11 11 0C 00 00 17 76 
00 FF FF 00 10 0D 22 93 00 00 02 00 00 10 11 12 0C 00 00 35 93 
00 FF FF 00 10 0D 22 93 00 00 02 00 00 10 11 13 0C 00 00 22 79 
00 FF FF 00 10 0D 22 93 00 00 02 00 00 10 11 14 0C 00 00 19 01 
00 FF FF 00 10 0D 22 93 00 00 02 00 00 10 11 15 0C 00 00 1A 81 
00 FF FF 00 10 0D 22 93 00 00 02 00 00 10 11 16 0C 00 00 25 54 
00 FF FF 00 10 0D 22 93 00 00 02 00 00 10 11 17 0C 00 00 2F 8A 
00 FF FF 00 10 0D 22 93 00 00 02 00 00 10 11 18 0C 00 00 3A 34 
00 FF FF 00 10 0D 22 93 00 00 02 00 00 10 11 19 0C 00 00 12 7E 
00 FF FF 00 10 0D 22 93 00 00 02 00 00 10 11 1A 0C 00 00 2D FD 
00 FF FF 00 10 0D 22 93 00 00 02 00 00 10 11 1B 0C 00 00 2B 02 
00 FF FF 00 10 0D 22 93 00 00 02 00 00 10 11 1C 0C 00 00 13 BF 
00 FF FF 00 10 0D 22 93 00 00 02 00 00 10 11 1D 0C 00 00 1C 0D 
00 FF FF 00 10 0D 22 93 00 00 02 00 00 10 11 1E 0C 00 00 1B 09 
00 FF FF 00 10 0D 22 93 00 00 02 00 00 10 11 1F 0C 00 00 34 A4 
00 FF FF 00 10 0D 22 93 00 00 02 00 00 10 11 20 0C 00 00 33 54 
00 FF FF 00 10 0D 22 93 00 00 02 00 00 10 11 21 0C 00 00 34 F4 
00 FF FF 00 10 0D 22 93 00 00 02 00 00 10 11 22 0C 00 00 35 CA 
00 FF FF 00 10 0D 22 93 00 00 02 00 00 10 11 23 0C 00 00 2E D3 
00 FF FF 00 10 0D 22 93 00 00 02 00 00 10 11 24 0C 00 00 23 2D 
00 FF FF 00 10 0D 22 93 00 00 02 00 00 10 11 25 0C 00 00 1A 55 
00 FF FF 00 10 0D 22 93 00 00 02 00 00 10 11 26 0C 00 00 1A 45 
00 FF FF 00 10 0D 22 93 00 00 02 00 00 10 11 27 0C 00 00 26 D5 
00 FF FF 00 10 0D 22 93 00 00 02 00 00 10 11 28 0C 00 00 25 41 
00 FF FF 00 10 0D 22 93 00 00 02 00 00 10 11 29 0C 00 00 38 64 
00 FF FF 00 10 0D 22 93 00 00 02 00 00 10 11 2A 0C 00 00 38 64 
00 FF FF 00 10 0D 22 93 00 00 02 00 00 10 11 2B 0C 00 00 33 54 
00 FF FF 00 10 0D 22 93 00 00 02 00 00 10 11 2C 0C 00 00 36 A4 
00 FF FF 00 10 0D 22 93 00 00 02 00 00 10 11 2D 0C 00 00 39 4A 
00 FF FF 00 10 0D 22 93 00 00 02 00 00 10 11 2E 0C 00 00 30 44 
00 FF FF 00 10 0D 22 93 00 00 02 00 00 10 11 2F 0C 00 00 31 02 
00 FF FF 00 10 0D 22 93 00 00 02 00 00 10 11 30 0C 00 00 32 8A 
00 FF FF 00 10 0D 22 93 00 00 02 00 00 10 11 31 0C 00 00 31 02 
00 FF FF 00 10 0D 22 93 00 00 02 00 00 10 11 32 0C 00 00 32 8A 
00 FF FF 00 10 0D 22 93 00 00 02 00 00 10 11 33 0C 00 00 2D 74 
00 FF FF 00 10 0D 22 93 00 00 02 00 00 10 11 34 0C 00 00 2E D4 
00 FF FF 00 10 0D 22 93 00 00 02 00 00 10 11 35 0C 00 00 2E 22 
00 FF FF 00 10 0D 22 93 00 00 02 00 00 10 11 36 0C 00 00 35 CA 
00 FF FF 00 10 0D 22 93 00 00 02 00 00 10 11 37 0C 00 00 34 22 
00 FF FF 00 10 0D 22 93 00 00 02 00 00 10 11 38 0C 00 00 31 C4 
00 FF FF 00 10 0D 22 93 00 00 02 00 00 10 11 39 0C 00 00 3B 22 
00 FF FF 00 10 0D 22 93 00 00 02 00 00 10 11 3A 0C 00 00 31 C4 
00 FF FF 00 10 0D 22 93 00 00 02 00 00 10 11 3B 0C 00 00 36 A4 
00 FF FF 00 10 0D 22 93 00 00 02 00 00 10 11 3C 0C 00 00 2E D4 
00 FF FF 00 10 0D 22 93 00 00 02 00 00 10 11 3D 0C 00 00 34 F4 
00 FF FF 00 10 0D 22 93 00 00 02 00 00 10 11 3E 0C 00 00 3B 22 
00 FF FF 00 10 0D 22 93 00 00 02 00 00 10 11 3F 0C 00 00 3A 34 
00 FF FF 00 10 0D 22 93 00 00 02 00 00 10 11 40 0C 00 00 31 C4 
00 FF FF 00 10 0D 22 93 00 00 02 00 00 10 11 41 0C 00 00 30 62 
00 FF FF 00 10 0D 22 93 00 00 02 00 00 10 11 42 0C 00 00 38 64 
00 FF FF 00 10 0D 22 93 00 00 02 00 00 10 11 43 0C 00 00 31 02 
00 FF FF 00 10 0D 22 93 00 00 02 00 00 10 11 44 0C 00 00 1F DD 
00 FF FF 00 10 0D 22 93 00 00 02 00 00 10 11 45 0C 00 00 2D 3B 
00 FF FF 00 10 0D 22 93 00 00 02 00 00 10 11 46 0C 00 00 1B 7C 
00 FF FF 00 10 0D 22 93 00 00 02 00 00 10 11 47 0C 00 00 18 4D 
00 FF FF 00 10 0D 22 93 00 00 02 00 00 10 11 48 0C 00 00 1A 4B 
00 FF FF 00 10 0D 22 93 00 00 02 00 00 10 11 49 0C 00 00 28 41 
00 FF FF 00 10 0D 22 93 00 00 02 00 00 10 11 4A 0C 00 00 34 22 
00 FF FF 00 10 0D 22 93 00 00 02 00 00 10 11 4B 0C 00 00 31 C4 
00 FF FF 00 10 0D 22 93 00 00 02 00 00 10 11 4C 0C 00 00 31 02 
00 FF FF 00 10 0D 22 93 00 00 02 00 00 10 11 4D 0C 00 00 35 CA 
00 FF FF 00 10 0D 22 93 00 00 02 00 00 10 11 4E 0C 00 00 2D 05 
00 FF FF 00 10 0D 22 93 00 00 02 00 00 10 11 4F 0C 00 00 1D 99 
00 FF FF 00 10 0D 22 93 00 00 02 00 00 10 11 50 0C 00 00 17 FD 
00 FF FF 00 10 0D 22 93 00 00 02 00 00 10 11 51 0C 00 00 22 11 
00 FF FF 00 10 0D 22 93 00 00 02 00 00 10 11 53 0C 00 00 12 A5 
00 FF FF 00 10 0D 22 93 00 00 02 00 00 10 11 54 0C 00 00 34 F4 
00 FF FF 00 10 0D 22 93 00 00 02 00 00 10 11 55 0C 00 00 3B 22 
00 FF FF 00 10 0D 22 93 00 00 02 00 00 10 11 56 0C 00 00 2E CD 
00 FF FF 00 10 0D 22 93 00 00 02 00 00 10 11 57 0C 00 00 25 2B 
00 FF FF 00 10 0D 22 93 00 00 02 00 00 10 11 58 0C 00 00 10 32 
00 FF FF 00 10 0D 22 93 00 00 02 00 00 10 11 59 0C 00 00 18 71 
00 FF FF 00 10 0D 22 93 00 00 02 00 00 10 11 5A 0C 00 00 27 CB 
00 FF FF 00 10 0D 22 93 00 00 02 00 00 10 11 5C 0C 00 00 3B 22 
00 FF FF 00 10 0D 22 93 00 00 02 00 00 10 11 5D 0C 00 00 39 4A 
00 FF FF 00 10 0D 22 93 00 00 02 00 00 10 11 5E 0C 00 00 2D 74 
00 FF FF 00 10 0D 22 93 00 00 02 00 00 10 11 5F 0C 00 00 26 33 
00 FF FF 00 10 0D 22 93 00 00 02 00 00 10 11 60 0C 00 00 1F 29 
00 FF FF 00 10 0D 22 93 00 00 02 00 00 10 11 61 0C 00 00 18 53 
00 FF FF 00 10 0D 22 93 00 00 02 00 00 10 11 63 0C 00 00 3B 22 
00 FF FF 00 10 0D 22 93 00 00 02 00 00 10 11 64 0C 00 00 34 22 
00 FF FF 00 10 0D 22 93 00 00 02 00 00 10 11 66 0C 00 00 2F 8A 
00 FF FF 00 10 0D 22 93 00 00 02 00 00 10 11 67 0C 00 00 31 02 
00 FF FF 00 10 0D 22 93 00 00 02 00 00 10 11 68 0C 00 00 2D 74 
00 FF FF 00 10 0D 22 93 00 00 02 00 00 10 11 69 0C 00 00 2C CA 
00 FF FF 00 10 0D 22 93 00 00 02 00 00 10 11 6A 0C 00 00 2E D4 
00 FF FF 00 10 0D 22 93 00 00 02 00 00 10 11 6B 0C 00 00 39 4A 
00 FF FF 00 10 0D 22 93 00 00 02 00 00 10 11 6D 0C 00 00 33 54 
00 FF FF 00 10 0D 22 93 00 00 02 00 00 10 11 6E 0C 00 00 31 02 
00 FF FF 00 10 0D 22 93 00 00 02 00 00 10 11 6F 0C 00 00 34 F4 
00 FF FF 00 10 0D 22 93 00 00 02 00 00 10 11 70 0C 00 00 35 CA 
00 FF FF 00 10 0D 22 93 00 00 02 00 00 10 11 71 0C 00 00 30 44 
00 FF FF 00 10 0D 22 93 00 00 02 00 00 10 11 72 0C 00 00 33 54 
00 FF FF 00 10 0D 22 93 00 00 02 00 00 10 11 73 0C 00 00 31 02 
00 FF FF 00 10 0D 22 93 00 00 02 00 00 10 11 74 0C 00 00 35 CA 
00 FF FF 00 10 0D 22 93 00 00 02 00 00 10 11 75 0C 00 00 35 CA 
00 FF FF 00 10 0D 22 93 00 00 02 00 00 10 11 76 0C 00 00 3C 14 
00 FF FF 00 10 0D 22 93 00 00 02 00 00 10 11 77 0C 00 00 2E D4 
00 FF FF 00 10 0D 22 93 00 00 02 00 00 10 11 78 0C 00 00 3B 22 
00 FF FF 00 10 0D 22 93 00 00 02 00 00 10 11 79 0C 00 00 3A 34 
00 FF FF 00 10 0D 22 93 00 00 02 00 00 10 11 7A 0C 00 00 3B 22 
00 FF FF 00 10 0D 22 93 00 00 02 00 00 10 11 7B 0C 00 00 39 4A 
00 FF FF 00 10 0D 22 93 00 00 02 00 00 10 11 7C 0C 00 00 2D 74 
00 FF FF 00 10 0D 22 93 00 00 02 00 00 10 11 7D 0C 00 00 3C 14 
00 FF FF 00 10 0D 22 93 00 00 02 00 00 10 11 7E 0C 00 00 35 CA 
00 FF FF 00 10 0D 22 93 00 00 02 00 00 10 11 7F 0C 00 00 33 54 
00 FF FF 00 10 0D 22 93 00 00 02 00 00 10 11 80 0C 00 00 36 A4 
00 FF FF 00 10 0D 22 93 00 00 02 00 00 10 11 81 0C 00 00 2C CA 
00 FF FF 00 10 0D 22 93 00 00 02 00 00 10 11 82 0C 00 00 38 64 
00 FF FF 00 10 0D 22 93 00 00 02 00 00 10 11 83 0C 00 00 35 CA 
00 FF FF 00 10 0D 22 93 00 00 02 00 00 10 11 84 0C 00 00 3C 14 
00 FF FF 00 10 0D 22 93 00 00 02 00 00 10 11 85 0C 00 00 37 82 
00 FF FF 00 10 0D 22 93 00 00 02 00 00 10 11 87 0C 00 00 2E D4 
00 FF FF 00 10 0D 22 93 00 00 02 00 00 10 11 88 0C 00 00 32 8A 
00 FF FF 00 10 0D 22 93 00 00 02 00 00 10 11 89 0C 00 00 2E D4 
00 FF FF 00 10 0D 22 93 00 00 02 00 00 10 11 8A 0C 00 00 3B 22 
00 FF FF 00 10 0D 22 93 00 00 02 00 00 10 11 8B 0C 00 00 30 44 
00 FF FF 00 10 0D 22 93 00 00 02 00 00 10 11 8C 0C 00 00 3C 14 
00 FF FF 00 10 0D 22 93 00 00 02 00 00 10 11 8D 0C 00 00 31 C4 
00 FF FF 00 10 0D 22 93 00 00 02 00 00 10 11 8E 0C 00 00 35 CA 
00 FF FF 00 10 0D 22 93 00 00 02 00 00 10 11 8F 0C 00 00 2F 8A 
00 FF FF 00 10 0D 22 93 00 00 02 00 00 10 11 90 0C 00 00 3C 14 
00 FF FF 00 10 0D 22 93 00 00 02 00 00 10 11 91 0C 00 00 3C 14 
00 FF FF 00 10 0D 22 93 00 00 02 00 00 10 11 92 0C 00 00 2D 74 
00 FF FF 00 10 0D 22 93 00 00 02 00 00 10 11 93 0C 00 00 35 CA 
00 FF FF 00 10 0D 22 93 00 00 02 00 00 10 11 95 0C 00 00 35 CA 
00 FF FF 00 10 0D 22 93 00 00 02 00 00 10 11 96 0C 00 00 31 C4 
00 FF FF 00 10 0D 22 93 00 00 02 00 00 10 11 98 0C 00 00 31 C4 
00 FF FF 00 10 0D 22 93 00 00 02 00 00 10 11 99 0C 00 00 31 02 
00 FF FF 00 10 0D 22 93 00 00 02 00 00 10 11 9A 0C 00 00 34 F4 
00 FF FF 00 10 0D 22 93 00 00 02 00 00 10 11 9B 0C 00 00 27 11 
00 FF FF 00 10 0D 22 93 00 00 02 00 00 10 11 9C 0C 00 00 14 2E 
00 FF FF 00 10 0D 22 93 00 00 02 00 00 10 11 9D 0C 00 00 1C C1 
00 FF FF 00 10 0D 22 93 00 00 02 00 00 10 11 9E 0C 00 00 24 99 
00 FF FF 00 10 0D 22 93 00 00 02 00 00 10 11 9F 0C 00 00 19 49 
00 FF FF 00 10 0D 22 93 00 00 02 00 00 10 11 A0 0C 00 00 2E D4 
00 FF FF 00 10 0D 22 93 00 00 02 00 00 10 11 A1 0C 00 00 2C CA 
00 FF FF 00 10 0D 22 93 00 00 02 00 00 10 11 A2 0C 00 00 3C 14 
00 FF FF 00 10 0D 22 93 00 00 02 00 00 10 11 A3 0C 00 00 2C C9 
00 FF FF 00 10 0D 22 93 00 00 02 00 00 10 11 A4 0C 00 00 20 21 
00 FF FF 00 10 0D 22 93 00 00 02 00 00 10 11 A5 0C 00 00 17 B1 
00 FF FF 00 10 0D 22 93 00 00 02 00 00 10 11 A6 0C 00 00 1D 25 
00 FF FF 00 10 0D 22 93 00 00 02 00 00 10 11 A7 0C 00 00 16 38 
00 FF FF 00 10 0D 22 93 00 00 02 00 00 10 11 A8 0C 00 00 3C 14 
00 FF FF 00 10 0D 22 93 00 00 02 00 00 10 11 A9 0C 00 00 34 F4 
00 FF FF 00 10 0D 22 93 00 00 02 00 00 10 11 AA 0C 00 00 3C 14 
00 FF FF 00 10 0D 22 93 00 00 02 00 00 10 11 AC 0C 00 00 28 0B 
00 FF FF 00 10 0D 22 93 00 00 02 00 00 10 11 AD 0C 00 00 1B 99 
00 FF FF 00 10 0D 22 93 00 00 02 00 00 10 11 AE 0C 00 00 18 F5 
00 FF FF 00 10 0D 22 93 00 00 02 00 00 10 11 AF 0C 00 00 1F 3D 
00 FF FF 00 10 0D 22 93 00 00 02 00 00 10 11 B0 0C 00 00 2D FD 
00 FF FF 00 10 0D 22 93 00 00 02 00 00 10 11 B1 0C 00 00 2E 22 
00 FF FF 00 10 0D 22 93 00 00 02 00 00 10 11 B2 0C 00 00 36 A4 
00 FF FF 00 10 0D 22 93 00 00 02 00 00 10 11 B3 0C 00 00 2A AB 
00 FF FF 00 10 0D 22 93 00 00 02 00 00 10 11 B4 0C 00 00 2D 86 
00 FF FF 00 10 0D 22 93 00 00 02 00 00 10 11 B5 0C 00 00 33 54 
00 FF FF 00 10 0D 22 93 00 00 02 00 00 10 11 B6 0C 00 00 2F 8A 
00 FF FF 00 10 0D 22 93 00 00 02 00 00 10 11 B7 0C 00 00 32 8A 
00 FF FF 00 10 0D 22 93 00 00 02 00 00 10 11 B8 0C 00 00 3A 34 
00 FF FF 00 10 0D 22 93 00 00 02 00 00 10 11 B9 0C 00 00 34 F4 
00 FF FF 00 10 0D 22 93 00 00 02 00 00 10 11 BA 0C 00 00 34 22 
00 FF FF 00 10 0D 22 93 00 00 02 00 00 10 11 BB 0C 00 00 3D 0A 
00 FF FF 00 10 0D 22 93 00 00 02 00 00 10 11 BC 0C 00 00 35 CA 
00 FF FF 00 10 0D 22 93 00 00 02 00 00 10 11 BD 0C 00 00 33 54 
00 FF FF 00 10 0D 22 93 00 00 02 00 00 10 11 BE 0C 00 00 36 A4 
00 FF FF 00 10 0D 22 93 00 00 02 00 00 10 11 BF 0C 00 00 2E D4 
00 FF FF 00 10 0D 22 93 00 00 02 00 00 10 11 C0 0C 00 00 34 22 
00 FF FF 00 10 0D 22 93 00 00 02 00 00 10 11 C1 0C 00 00 3B 22 
00 FF FF 00 10 0D 22 93 00 00 02 00 00 10 11 C2 0C 00 00 3B 22 
00 FF FF 00 10 0D 22 93 00 00 02 00 00 10 11 C3 0C 00 00 33 54 
00 FF FF 00 10 0D 22 93 00 00 02 00 00 10 11 C4 0C 00 00 31 02 
00 FF FF 00 10 0D 22 93 00 00 02 00 00 10 11 C5 0C 00 00 2E 3D 
00 FF FF 00 10 0D 22 93 00 00 02 00 00 10 11 C6 0C 00 00 21 35 
00 FF FF 00 10 0D 22 93 00 00 02 00 00 10 11 C7 0C 00 00 18 CB 
00 FF FF 00 10 0D 22 93 00 00 02 00 00 10 11 C8 0C 00 00 19 25 
00 FF FF 00 10 0D 22 93 00 00 02 00 00 10 11 C9 0C 00 00 2C 8D 
00 FF FF 00 10 0D 22 93 00 00 02 00 00 10 11 CA 0C 00 00 3D 0A 
00 FF FF 00 10 0D 22 93 00 00 02 00 00 10 11 CB 0C 00 00 2E D4 
00 FF FF 00 10 0D 22 93 00 00 02 00 00 10 11 CC 0C 00 00 34 22 
00 FF FF 00 10 0D 22 93 00 00 02 00 00 10 11 CD 0C 00 00 30 B1 
00 FF FF 00 10 0D 22 93 00 00 02 00 00 10 11 CE 0C 00 00 29 BD 
00 FF FF 00 10 0D 22 93 00 00 02 00 00 10 11 CF 0C 00 00 1C C1 
00 FF FF 00 10 0D 22 93 00 00 02 00 00 10 11 D0 0C 00 00 13 D4 
00 FF FF 00 10 0D 22 93 00 00 02 00 00 10 11 D1 0C 00 00 21 D5 
00 FF FF 00 10 0D 22 93 00 00 02 00 00 10 11 D2 0C 00 00 34 0D 
00 FF FF 00 10 0D 22 93 00 00 02 00 00 10 11 D3 0C 00 00 39 4A 
00 FF FF 00 10 0D 22 93 00 00 02 00 00 10 11 D4 0C 00 00 34 F4 
00 FF FF 00 10 0D 22 93 00 00 02 00 00 10 11 D5 0C 00 00 2E 22 
00 FF FF 00 10 0D 22 93 00 00 02 00 00 10 11 D6 0C 00 00 2F D5 
00 FF FF 00 10 0D 22 93 00 00 02 00 00 10 11 D7 0C 00 00 22 35 
00 FF FF 00 10 0D 22 93 00 00 02 00 00 10 11 D8 0C 00 00 16 FD 
00 FF FF 00 10 0D 22 93 00 00 02 00 00 10 11 D9 0C 00 00 18 39 
00 FF FF 00 10 0D 22 93 00 00 02 00 00 10 11 DA 0C 00 00 2A 41 
00 FF FF 00 10 0D 22 93 00 00 02 00 00 10 11 DB 0C 00 00 1D 71 
00 FF FF 00 10 0D 22 93 00 00 02 00 00 10 11 DC 0C 00 00 2D 74 
00 FF FF 00 10 0D 22 93 00 00 02 00 00 10 11 DD 0C 00 00 35 CA 
00 FF FF 00 10 0D 22 93 00 00 02 00 00 10 11 DE 0C 00 00 32 5A 
00 FF FF 00 10 0D 22 93 00 00 02 00 00 10 11 DF 0C 00 00 3B 22 
00 FF FF 00 10 0D 22 93 00 00 02 00 00 10 11 E0 0C 00 00 31 C4 
00 FF FF 00 10 0D 22 93 00 00 02 00 00 10 11 E1 0C 00 00 3B 22 
00 FF FF 00 10 0D 22 93 00 00 02 00 00 10 11 E2 0C 00 00 30 44 
00 FF FF 00 10 0D 22 93 00 00 02 00 00 10 11 E3 0C 00 00 39 4A 
00 FF FF 00 10 0D 22 93 00 00 02 00 00 10 11 E4 0C 00 00 37 82 
00 FF FF 00 10 0D 22 93 00 00 02 00 00 10 11 E5 0C 00 00 30 44 
00 FF FF 00 10 0D 22 93 00 00 02 00 00 10 11 E6 0C 00 00 33 54 
00 FF FF 00 10 0D 22 93 00 00 02 00 00 10 11 E7 0C 00 00 2E D4 
00 FF FF 00 10 0D 22 93 00 00 02 00 00 10 11 E8 0C 00 00 34 F4 
00 FF FF 00 10 0D 22 93 00 00 02 00 00 10 11 E9 0C 00 00 2F 8A 
00 FF FF 00 10 0D 22 93 00 00 02 00 00 10 11 EA 0C 00 00 2E 22 
00 FF FF 00 10 0D 22 93 00 00 02 00 00 10 11 EB 0C 00 00 3C 14 
00 FF FF 00 10 0D 22 93 00 00 02 00 00 10 11 EC 0C 00 00 3C 14 
00 FF FF 00 10 0D 22 93 00 00 02 00 00 10 11 ED 0C 00 00 3C 14 
00 FF FF 00 10 0D 22 93 00 00 02 00 00 10 11 EE 0C 00 00 3A 34 
00 FF FF 00 10 0D 22 93 00 00 02 00 00 10 11 EF 0C 00 00 2D 74 
00 FF FF 00 10 0D 22 93 00 00 02 00 00 10 11 F0 0C 00 00 38 64 
00 FF FF 00 10 0D 22 93 00 00 02 00 00 10 11 F1 0C 00 00 36 A4 
00 FF FF 00 10 0D 22 93 00 00 02 00 00 10 11 F2 0C 00 00 31 C4 
00 FF FF 00 10 0D 22 93 00 00 02 00 00 10 11 F3 0C 00 00 37 82 
00 FF FF 00 10 0D 22 93 00 00 02 00 00 10 11 F4 0C 00 00 31 02 
00 FF FF 00 10 0D 22 93 00 00 02 00 00 10 11 F5 0C 00 00 2E 22 
00 FF FF 00 10 0D 22 93 00 00 02 00 00 10 11 F6 0C 00 00 2F 8A 
00 FF FF 00 10 0D 22 93 00 00 02 00 00 10 11 F7 0C 00 00 31 02 
00 FF FF 00 10 0D 22 93 00 00 02 00 00 10 11 F8 0C 00 00 3C 14 
00 FF FF 00 10 0D 22 93 00 00 02 00 00 10 11 F9 0C 00 00 39 4A 
00 FF FF 00 10 0D 22 93 00 00 02 00 00 10 11 FA 0C 00 00 3A 34 
00 FF FF 00 10 0D 22 93 00 00 02 00 00 10 11 FB 0C 00 00 2E D4 
00 FF FF 00 10 0D 22 93 00 00 02 00 00 10 11 FC 0C 00 00 39 4A 
00 FF FF 00 10 0D 22 93 00 00 02 00 00 10 11 FD 0C 00 00 31 02 
00 FF FF 00 10 0D 22 93 00 00 02 00 00 10 11 FE 0C 00 00 34 F4 
00 FF FF 00 10 0D 22 93 00 00 02 00 00 10 12 00 0C 00 00 3C 14 
00 FF FF 00 10 0D 22 93 00 00 02 00 00 10 12 01 0C 00 00 2E 22 
00 FF FF 00 10 0D 22 93 00 00 02 00 00 10 12 02 0C 00 00 3D 0A 
00 FF FF 00 10 0D 22 93 00 00 02 00 00 10 12 03 0C 00 00 2C CA 
00 FF FF 00 10 0D 22 93 00 00 02 00 00 10 12 04 0C 00 00 34 22 
00 FF FF 00 10 0D 22 93 00 00 02 00 00 10 12 05 0C 00 00 2D 05 
00 FF FF 00 10 0D 22 93 00 00 02 00 00 10 12 06 0C 00 00 32 8A 
00 FF FF 00 10 0D 22 93 00 00 02 00 00 10 12 07 0C 00 00 2F 8A 
00 FF FF 00 10 0D 22 93 00 00 02 00 00 10 12 09 0C 00 00 32 EA 
00 FF FF 00 10 0D 22 93 00 00 02 00 00 10 12 0A 0C 00 00 22 61 
00 FF FF 00 10 0D 22 93 00 00 02 00 00 10 12 0B 0C 00 00 13 22 
00 FF FF 00 10 0D 22 93 00 00 02 00 00 10 12 0C 0C 00 00 1D 8D 
00 FF FF 00 10 0D 22 93 00 00 02 00 00 10 12 0D 0C 00 00 22 F1 
00 FF FF 00 10 0D 22 93 00 00 02 00 00 10 12 0E 0C 00 00 37 82 
00 FF FF 00 10 0D 22 93 00 00 02 00 00 10 12 0F 0C 00 00 3B 22 
00 FF FF 00 10 0D 22 93 00 00 02 00 00 10 12 10 0C 00 00 2C CA 
00 FF FF 00 10 0D 22 93 00 00 02 00 00 10 12 11 0C 00 00 37 82 
00 FF FF 00 10 0D 22 93 00 00 02 00 00 10 12 12 0C 00 00 2B D0 
00 FF FF 00 10 0D 22 93 00 00 02 00 00 10 12 13 0C 00 00 1C A9 
00 FF FF 00 10 0D 22 93 00 00 02 00 00 10 12 14 0C 00 00 16 1D 
00 FF FF 00 10 0D 22 93 00 00 02 00 00 10 12 15 0C 00 00 21 81 
00 FF FF 00 10 0D 22 93 00 00 02 00 00 10 12 16 0C 00 00 31 41 
00 FF FF 00 10 0D 22 93 00 00 02 00 00 10 12 17 0C 00 00 38 64 
00 FF FF 00 10 0D 22 93 00 00 02 00 00 10 12 18 0C 00 00 31 C4 
00 FF FF 00 10 0D 22 93 00 00 02 00 00 10 12 19 0C 00 00 35 CA 
00 FF FF 00 10 0D 22 93 00 00 02 00 00 10 12 1A 0C 00 00 2F 9D 
00 FF FF 00 10 0D 22 93 00 00 02 00 00 10 12 1B 0C 00 00 12 6E 
00 FF FF 00 10 0D 22 93 00 00 02 00 00 10 12 1C 0C 00 00 18 89 
00 FF FF 00 10 0D 22 93 00 00 02 00 00 10 12 1D 0C 00 00 1E AC 
00 FF FF 00 10 0D 22 93 00 00 02 00 00 10 12 1E 0C 00 00 3C 14 
00 FF FF 00 10 0D 22 93 00 00 02 00 00 10 12 1F 0C 00 00 35 CA 
00 FF FF 00 10 0D 22 93 00 00 02 00 00 10 12 20 0C 00 00 2E D4 
00 FF FF 00 10 0D 22 93 00 00 02 00 00 10 12 21 0C 00 00 35 CA 
00 FF FF 00 10 0D 22 93 00 00 02 00 00 10 12 22 0C 00 00 3C 14 
00 FF FF 00 10 0D 22 93 00 00 02 00 00 10 12 23 0C 00 00 3D 0A 
00 FF FF 00 10 0D 22 93 00 00 02 00 00 10 12 24 0C 00 00 30 44 
00 FF FF 00 10 0D 22 93 00 00 02 00 00 10 12 25 0C 00 00 2E D4 
00 FF FF 00 10 0D 22 93 00 00 02 00 00 10 12 26 0C 00 00 3C 14 
00 FF FF 00 10 0D 22 93 00 00 02 00 00 10 12 27 0C 00 00 34 F4 
00 FF FF 00 10 0D 22 93 00 00 02 00 00 10 12 28 0C 00 00 2D 74 
00 FF FF 00 10 0D 22 93 00 00 02 00 00 10 12 29 0C 00 00 39 4A 
00 FF FF 00 10 0D 22 93 00 00 02 00 00 10 12 2A 0C 00 00 2F 8A 
00 FF FF 00 10 0D 22 93 00 00 02 00 00 10 12 2B 0C 00 00 33 54 
00 FF FF 00 10 0D 22 93 00 00 02 00 00 10 12 2C 0C 00 00 3A 34 
00 FF FF 00 10 0D 22 93 00 00 02 00 00 10 12 2D 0C 00 00 31 02 
00 FF FF 00 10 0D 22 93 00 00 02 00 00 10 12 2E 0C 00 00 3C 14 
00 FF FF 00 10 0D 22 93 00 00 02 00 00 10 12 2F 0C 00 00 38 64 
00 FF FF 00 10 0D 22 93 00 00 02 00 00 10 12 30 0C 00 00 2E 22 
00 FF FF 00 10 0D 22 93 00 00 02 00 00 10 12 31 0C 00 00 2C CA 
00 FF FF 00 10 0D 22 93 00 00 02 00 00 10 12 32 0C 00 00 2C CA 
00 FF FF 00 10 0D 22 93 00 00 02 00 00 10 12 33 0C 00 00 2E D4 
00 FF FF 00 10 0D 22 93 00 00 02 00 00 10 12 34 0C 00 00 35 CA 
00 FF FF 00 10 0D 22 93 00 00 02 00 00 10 12 35 0C 00 00 31 C4 
00 FF FF 00 10 0D 22 93 00 00 02 00 00 10 12 36 0C 00 00 39 4A 
00 FF FF 00 10 0D 22 93 00 00 02 00 00 10 12 37 0C 00 00 31 02 
00 FF FF 00 10 0D 22 93 00 00 02 00 00 10 12 38 0C 00 00 2F 8A 
00 FF FF 00 10 0D 22 93 00 00 02 00 00 10 12 39 0C 00 00 2D 74 
00 FF FF 00 10 0D 22 93 00 00 02 00 00 10 12 3A 0C 00 00 36 A4 
00 FF FF 00 10 0D 22 93 00 00 02 00 00 10 12 3C 0C 00 00 39 4A 
00 FF FF 00 10 0D 22 93 00 00 02 00 00 10 12 3D 0C 00 00 24 D1 
00 FF FF 00 10 0D 22 93 00 00 02 00 00 10 12 3E 0C 00 00 1A 45 
00 FF FF 00 10 0D 22 93 00 00 02 00 00 10 12 3F 0C 00 00 1D D9 
00 FF FF 00 10 0D 22 93 00 00 02 00 00 10 12 40 0C 00 00 27 11 
00 FF FF 00 10 0D 22 93 00 00 02 00 00 10 12 41 0C 00 00 2E 22 
00 FF FF 00 10 0D 22 93 00 00 02 00 00 10 12 42 0C 00 00 22 E6 
00 FF FF 00 10 0D 22 93 00 00 02 00 00 10 12 43 0C 00 00 33 54 
00 FF FF 00 10 0D 22 93 00 00 02 00 00 10 12 44 0C 00 00 2E 22 
00 FF FF 00 10 0D 22 93 00 00 02 00 00 10 12 45 0C 00 00 18 72 
00 FF FF 00 10 0D 22 93 00 00 02 00 00 10 12 46 0C 00 00 13 5A 
00 FF FF 00 10 0D 22 93 00 00 02 00 00 10 12 47 0C 00 00 16 BB 
00 FF FF 00 10 0D 22 93 00 00 02 00 00 10 12 48 0C 00 00 1A 85 
00 FF FF 00 10 0D 22 93 00 00 02 00 00 10 12 49 0C 00 00 33 CB 
00 FF FF 00 10 0D 22 93 00 00 02 00 00 10 12 4A 0C 00 00 2E 22 
00 FF FF 00 10 0D 22 93 00 00 02 00 00 10 12 4B 0C 00 00 39 4A 
00 FF FF 00 10 0D 22 93 00 00 02 00 00 10 12 4C 0C 00 00 34 22 
00 FF FF 00 10 0D 22 93 00 00 02 00 00 10 12 4D 0C 00 00 2E AA 
00 FF FF 00 10 0D 22 93 00 00 02 00 00 10 12 4E 0C 00 00 25 79 
00 FF FF 00 10 0D 22 93 00 00 02 00 00 10 12 4F 0C 00 00 19 79 
00 FF FF 00 10 0D 22 93 00 00 02 00 00 10 12 50 0C 00 00 17 81 
00 FF FF 00 10 0D 22 93 00 00 02 00 00 10 12 51 0C 00 00 16 EA 
00 FF FF 00 10 0D 22 93 00 00 02 00 00 10 12 52 0C 00 00 2F 8A 
00 FF FF 00 10 0D 22 93 00 00 02 00 00 10 12 53 0C 00 00 1E 4B 
00 FF FF 00 10 0D 22 93 00 00 02 00 00 10 12 55 0C 00 00 35 CA 
00 FF FF 00 10 0D 22 93 00 00 02 00 00 10 12 56 0C 00 00 2E FD 
00 FF FF 00 10 0D 22 93 00 00 02 00 00 10 12 58 0C 00 00 16 BB 
00 FF FF 00 10 0D 22 93 00 00 02 00 00 10 12 59 0C 00 00 1B 1B 
00 FF FF 00 10 0D 22 93 00 00 02 00 00 10 12 5A 0C 00 00 2B B5 
00 FF FF 00 10 0D 22 93 00 00 02 00 00 10 12 5B 0C 00 00 32 8A 
00 FF FF 00 10 0D 22 93 00 00 02 00 00 10 12 5D 0C 00 00 17 82 
00 FF FF 00 10 0D 22 93 00 00 02 00 00 10 12 5E 0C 00 00 30 56 
00 FF FF 00 10 0D 22 93 00 00 02 00 00 10 12 5F 0C 00 00 12 B6 
00 FF FF 00 10 0D 22 93 00 00 02 00 00 10 12 60 0C 00 00 1C 3D 
00 FF FF 00 10 0D 22 93 00 00 02 00 00 10 12 61 0C 00 00 1C 19 
00 FF FF 00 10 0D 22 93 00 00 02 00 00 10 12 62 0C 00 00 22 8B 
00 FF FF 00 10 0D 22 93 00 00 02 00 00 10 12 63 0C 00 00 3D 0A 
00 FF FF 00 10 0D 22 93 00 00 02 00 00 10 12 65 0C 00 00 2C CA 
00 FF FF 00 10 0D 22 93 00 00 02 00 00 10 12 66 0C 00 00 3A 28 
00 FF FF 00 10 0D 22 93 00 00 02 00 00 10 12 67 0C 00 00 2E 19 
00 FF FF 00 10 0D 22 93 00 00 02 00 00 10 12 68 0C 00 00 1F 53 
00 FF FF 00 10 0D 22 93 00 00 02 00 00 10 12 69 0C 00 00 16 D9 
00 FF FF 00 10 0D 22 93 00 00 02 00 00 10 12 6A 0C 00 00 0F 69 
00 FF FF 00 10 0D 22 93 00 00 02 00 00 10 12 6B 0C 00 00 23 D3 
00 FF FF 00 10 0D 22 93 00 00 02 00 00 10 12 6C 0C 00 00 2E D4 
00 FF FF 00 10 0D 22 93 00 00 02 00 00 10 12 6D 0C 00 00 33 54 
00 FF FF 00 10 0D 22 93 00 00 02 00 00 10 12 6E 0C 00 00 33 15 
00 FF FF 00 10 0D 22 93 00 00 02 00 00 10 12 6F 0C 00 00 2C B1 
00 FF FF 00 10 0D 22 93 00 00 02 00 00 10 12 70 0C 00 00 27 99 
00 FF FF 00 10 0D 22 93 00 00 02 00 00 10 12 71 0C 00 00 1B 05 
00 FF FF 00 10 0D 22 93 00 00 02 00 00 10 12 72 0C 00 00 1C 6B 
00 FF FF 00 10 0D 22 93 00 00 02 00 00 10 12 73 0C 00 00 1F 1D 
00 FF FF 00 10 0D 22 93 00 00 02 00 00 10 12 74 0C 00 00 34 22 
00 FF FF 00 10 0D 22 93 00 00 02 00 00 10 12 75 0C 00 00 25 23 
00 FF FF 00 10 0D 22 93 00 00 02 00 00 10 12 76 0C 00 00 34 22 
00 FF FF 00 10 0D 22 93 00 00 02 00 00 10 12 77 0C 00 00 2C CA 
00 FF FF 00 10 0D 22 93 00 00 02 00 00 10 12 78 0C 00 00 30 71 
00 FF FF 00 10 0D 22 93 00 00 02 00 00 10 12 79 0C 00 00 1F E5 
00 FF FF 00 10 0D 22 93 00 00 02 00 00 10 12 7A 0C 00 00 16 AD 
00 FF FF 00 10 0D 22 93 00 00 02 00 00 10 12 7B 0C 00 00 1C BA 
00 FF FF 00 10 0D 22 93 00 00 02 00 00 10 12 7C 0C 00 00 2C 75 
00 FF FF 00 10 0D 22 93 00 00 02 00 00 10 12 7D 0C 00 00 31 C4 
00 FF FF 00 10 0D 22 93 00 00 02 00 00 10 12 7E 0C 00 00 2F 8A 
00 FF FF 00 10 0D 22 93 00 00 02 00 00 10 12 7F 0C 00 00 30 44 
00 FF FF 00 10 0D 22 93 00 00 02 00 00 10 12 80 0C 00 00 31 49 
00 FF FF 00 10 0D 22 93 00 00 02 00 00 10 12 81 0C 00 00 14 2A 
00 FF FF 00 10 0D 22 93 00 00 02 00 00 10 12 82 0C 00 00 1D 5D 
00 FF FF 00 10 0D 22 93 00 00 02 00 00 10 12 83 0C 00 00 18 4D 
00 FF FF 00 10 0D 22 93 00 00 02 00 00 10 12 84 0C 00 00 24 B9 
00 FF FF 00 10 0D 22 93 00 00 02 00 00 10 12 85 0C 00 00 2E 22 
00 FF FF 00 10 0D 22 93 00 00 02 00 00 10 12 86 0C 00 00 3C 14 
00 FF FF 00 10 0D 22 93 00 00 02 00 00 10 12 87 0C 00 00 34 22 
00 FF FF 00 10 0D 22 93 00 00 02 00 00 10 12 88 0C 00 00 2D 74 
00 FF FF 00 10 0D 22 93 00 00 02 00 00 10 12 89 0C 00 00 2C B8 
00 FF FF 00 10 0D 22 93 00 00 02 00 00 10 12 8A 0C 00 00 20 21 
00 FF FF 00 10 0D 22 93 00 00 02 00 00 10 12 8B 0C 00 00 1A E2 
00 FF FF 00 10 0D 22 93 00 00 02 00 00 10 12 8C 0C 00 00 1E 9B 
00 FF FF 00 10 0D 22 93 00 00 02 00 00 10 12 8D 0C 00 00 16 0A 
00 FF FF 00 10 0D 22 93 00 00 02 00 00 10 12 8E 0C 00 00 17 F5 
00 FF FF 00 10 0D 22 93 00 00 02 00 00 10 12 8F 0C 00 00 2F 8A 
00 FF FF 00 10 0D 22 93 00 00 02 00 00 10 12 90 0C 00 00 32 8A 
00 FF FF 00 10 0D 22 93 00 00 02 00 00 10 12 91 0C 00 00 32 F9 
00 FF FF 00 10 0D 22 93 00 00 02 00 00 10 12 92 0C 00 00 28 A9 
00 FF FF 00 10 0D 22 93 00 00 02 00 00 10 12 93 0C 00 00 1C 6C 
00 FF FF 00 10 0D 22 93 00 00 02 00 00 10 12 94 0C 00 00 18 93 
00 FF FF 00 10 0D 22 93 00 00 02 00 00 10 12 95 0C 00 00 23 61 
00 FF FF 00 10 0D 22 93 00 00 02 00 00 10 12 96 0C 00 00 27 61 
00 FF FF 00 10 0D 22 93 00 00 02 00 00 10 12 97 0C 00 00 30 44 
00 FF FF 00 10 0D 22 93 00 00 02 00 00 10 12 98 0C 00 00 2C CA 
00 FF FF 00 10 0D 22 93 00 00 02 00 00 10 12 99 0C 00 00 34 22 
00 FF FF 00 10 0D 22 93 00 00 02 00 00 10 12 9A 0C 00 00 32 25 
00 FF FF 00 10 0D 22 93 00 00 02 00 00 10 12 9B 0C 00 00 20 A9 
00 FF FF 00 10 0D 22 93 00 00 02 00 00 10 12 9C 0C 00 00 18 F5 
00 FF FF 00 10 0D 22 93 00 00 02 00 00 10 12 9D 0C 00 00 19 13 
00 FF FF 00 10 0D 22 93 00 00 02 00 00 10 12 9E 0C 00 00 2E 0D 
00 FF FF 00 10 0D 22 93 00 00 02 00 00 10 12 9F 0C 00 00 2E D4 
00 FF FF 00 10 0D 22 93 00 00 02 00 00 10 12 A0 0C 00 00 37 82 
00 FF FF 00 10 0D 22 93 00 00 02 00 00 10 12 A1 0C 00 00 33 54 
00 FF FF 00 10 0D 22 93 00 00 02 00 00 10 12 A2 0C 00 00 31 65 
00 FF FF 00 10 0D 22 93 00 00 02 00 00 10 12 A3 0C 00 00 25 BB 
00 FF FF 00 10 0D 22 93 00 00 02 00 00 10 12 A4 0C 00 00 1A 56 
00 FF FF 00 10 0D 22 93 00 00 02 00 00 10 12 A6 0C 00 00 14 54 
00 FF FF 00 10 0D 22 93 00 00 02 00 00 10 12 A7 0C 00 00 2E D4 
00 FF FF 00 10 0D 22 93 00 00 02 00 00 10 12 A8 0C 00 00 34 F4 
00 FF FF 00 10 0D 22 93 00 00 02 00 00 10 12 A9 0C 00 00 2E D4 
00 FF FF 00 10 0D 22 93 00 00 02 00 00 10 12 AA 0C 00 00 37 82 
00 FF FF 00 10 0D 22 93 00 00 02 00 00 10 12 AB 0C 00 00 2E D4 
00 FF FF 00 10 0D 22 93 00 00 02 00 00 10 12 AC 0C 00 00 32 8A 
00 FF FF 00 10 0D 22 93 00 00 02 00 00 10 12 AE 0C 00 00 38 64 
00 FF FF 00 10 0D 22 93 00 00 02 00 00 10 12 AF 0C 00 00 2E 22 
00 FF FF 00 10 0D 22 93 00 00 02 00 00 10 12 B0 0C 00 00 2D 74 
00 FF FF 00 10 0D 22 93 00 00 02 00 00 10 12 B1 0C 00 00 32 8A 
00 FF FF 00 10 0D 22 93 00 00 02 00 00 10 12 B2 0C 00 00 2E D4 
00 FF FF 00 10 0D 22 93 00 00 02 00 00 10 12 B3 0C 00 00 35 CA 
00 FF FF 00 10 0D 22 93 00 00 02 00 00 10 12 B4 0C 00 00 34 22 
00 FF FF 00 10 0D 22 93 00 00 02 00 00 10 12 B5 0C 00 00 2C CA 
00 FF FF 00 10 0D 22 93 00 00 02 00 00 10 12 B6 0C 00 00 2C CA 
00 FF FF 00 10 0D 22 93 00 00 02 00 00 10 12 B7 0C 00 00 33 54 
00 FF FF 00 10 0D 22 93 00 00 02 00 00 10 12 B8 0C 00 00 33 54 
00 FF FF 00 10 0D 22 93 00 00 02 00 00 10 12 B9 0C 00 00 36 A4 
00 FF FF 00 10 0D 22 93 00 00 02 00 00 10 12 BA 0C 00 00 38 64 
00 FF FF 00 10 0D 22 93 00 00 02 00 00 10 12 BB 0C 00 00 39 4A 
00 FF FF 00 10 0D 22 93 00 00 02 00 00 10 12 BC 0C 00 00 31 02 
00 FF FF 00 10 0D 22 93 00 00 02 00 00 10 12 BD 0C 00 00 2E D4 
00 FF FF 00 10 0D 22 93 00 00 02 00 00 10 12 BE 0C 00 00 32 8A 
00 FF FF 00 10 0D 22 93 00 00 02 00 00 10 12 BF 0C 00 00 35 CA 
00 FF FF 00 10 0D 22 93 00 00 02 00 00 10 12 C0 0C 00 00 2E 22 
00 FF FF 00 10 0D 22 93 00 00 02 00 00 10 12 C1 0C 00 00 32 8A 
00 FF FF 00 10 0D 22 93 00 00 02 00 00 10 12 C2 0C 00 00 2E D4 
00 FF FF 00 10 0D 22 93 00 00 02 00 00 10 12 C3 0C 00 00 37 82 
00 FF FF 00 10 0D 22 93 00 00 02 00 00 10 12 C4 0C 00 00 33 54 
00 FF FF 00 10 0D 22 93 00 00 02 00 00 10 12 C5 0C 00 00 33 54 
00 FF FF 00 10 0D 22 93 00 00 02 00 00 10 12 C6 0C 00 00 32 8A 
00 FF FF 00 10 0D 22 93 00 00 02 00 00 10 12 C7 0C 00 00 32 8A 
00 FF FF 00 10 0D 22 93 00 00 02 00 00 10 12 C9 0C 00 00 1B AB 
00 FF FF 00 10 0D 22 93 00 00 02 00 00 10 12 CA 0C 00 00 10 FC 
00 FF FF 00 10 0D 22 93 00 00 02 00 00 10 12 CB 0C 00 00 2D 74 
00 FF FF 00 10 0D 22 93 00 00 02 00 00 10 12 CC 0C 00 00 35 CA 
00 FF FF 00 10 0D 22 93 00 00 02 00 00 10 12 CD 0C 00 00 36 A4 
00 FF FF 00 10 0D 22 93 00 00 02 00 00 10 12 CE 0C 00 00 35 CA 
00 FF FF 00 10 0D 22 93 00 00 02 00 00 10 12 CF 0C 00 00 30 44 
00 FF FF 00 10 0D 22 93 00 00 02 00 00 10 12 D0 0C 00 00 2C CA 
00 FF FF 00 10 0D 22 93 00 00 02 00 00 10 12 D2 0C 00 00 31 C4 
00 FF FF 00 10 0D 22 93 00 00 02 00 00 10 12 D3 0C 00 00 3C 14 
00 FF FF 00 10 0D 22 93 00 00 02 00 00 10 12 D4 0C 00 00 2E D4 
00 FF FF 00 10 0D 22 93 00 00 02 00 00 10 12 D5 0C 00 00 2E D4 
00 FF FF 00 10 0D 22 93 00 00 02 00 00 10 12 D6 0C 00 00 32 8A 
00 FF FF 00 10 0D 22 93 00 00 02 00 00 10 12 D7 0C 00 00 39 4A 
00 FF FF 00 10 0D 22 93 00 00 02 00 00 10 12 D8 0C 00 00 33 54 
00 FF FF 00 10 0D 22 93 00 00 02 00 00 10 12 D9 0C 00 00 32 8A 
00 FF FF 00 10 0D 22 93 00 00 02 00 00 10 12 DA 0C 00 00 3B 22 
00 FF FF 00 10 0D 22 93 00 00 02 00 00 10 12 DB 0C 00 00 2F 8A 
00 FF FF 00 10 0D 22 93 00 00 02 00 00 10 12 DC 0C 00 00 2F 8A 
00 FF FF 00 10 0D 22 93 00 00 02 00 00 10 12 DD 0C 00 00 2E 22 
00 FF FF 00 10 0D 22 93 00 00 02 00 00 10 12 DE 0C 00 00 39 4A 
00 FF FF 00 10 0D 22 93 00 00 02 00 00 10 12 DF 0C 00 00 22 F1 
00 FF FF 00 10 0D 22 93 00 00 02 00 00 10 12 E0 0C 00 00 1B 1D 
00 FF FF 00 10 0D 22 93 00 00 02 00 00 10 12 E1 0C 00 00 17 51 
00 FF FF 00 10 0D 22 93 00 00 02 00 00 10 12 E3 0C 00 00 3B 22 
00 FF FF 00 10 0D 22 93 00 00 02 00 00 10 12 E4 0C 00 00 30 44 
00 FF FF 00 10 0D 22 93 00 00 02 00 00 10 12 E5 0C 00 00 2D 74 
00 FF FF 00 10 0D 22 93 00 00 02 00 00 10 12 E6 0C 00 00 1A F9 
00 FF FF 00 10 0D 22 93 00 00 02 00 00 10 12 E8 0C 00 00 0E A7 
00 FF FF 00 10 0D 22 93 00 00 02 00 00 10 12 E9 0C 00 00 17 15 
00 FF FF 00 10 0D 22 93 00 00 02 00 00 10 12 EA 0C 00 00 20 D2 
00 FF FF 00 10 0D 22 93 00 00 02 00 00 10 12 EB 0C 00 00 2E 29 
00 FF FF 00 10 0D 22 93 00 00 02 00 00 10 12 EC 0C 00 00 31 C4 
00 FF FF 00 10 0D 22 93 00 00 02 00 00 10 12 ED 0C 00 00 30 44 
00 FF FF 00 10 0D 22 93 00 00 02 00 00 10 12 EE 0C 00 00 2E D4 
00 FF FF 00 10 0D 22 93 00 00 02 00 00 10 12 EF 0C 00 00 3A 34 
00 FF FF 00 10 0D 22 93 00 00 02 00 00 10 12 F0 0C 00 00 39 4A 
00 FF FF 00 10 0D 22 93 00 00 02 00 00 10 12 F1 0C 00 00 2E D4 
00 FF FF 00 10 0D 22 93 00 00 02 00 00 10 12 F2 0C 00 00 36 A4 
00 FF FF 00 10 0D 22 93 00 00 02 00 00 10 12 F3 0C 00 00 31 C4 
00 FF FF 00 10 0D 22 93 00 00 02 00 00 10 12 F4 0C 00 00 2F 8A 
00 FF FF 00 10 0D 22 93 00 00 02 00 00 10 12 F5 0C 00 00 37 82 
00 FF FF 00 10 0D 22 93 00 00 02 00 00 10 12 F6 0C 00 00 31 02 
00 FF FF 00 10 0D 22 93 00 00 02 00 00 10 12 F7 0C 00 00 35 CA 
00 FF FF 00 10 0D 22 93 00 00 02 00 00 10 12 F8 0C 00 00 3B 22 
00 FF FF 00 10 0D 22 93 00 00 02 00 00 10 12 F9 0C 00 00 33 54 
00 FF FF 00 10 0D 22 93 00 00 02 00 00 10 12 FA 0C 00 00 34 F4 
00 FF FF 00 10 0D 22 93 00 00 02 00 00 10 12 FB 0C 00 00 2F 8A 
00 FF FF 00 10 0D 22 93 00 00 02 00 00 10 12 FC 0C 00 00 2E 22 
00 FF FF 00 10 0D 22 93 00 00 02 00 00 10 12 FE 0C 00 00 2C CA 
00 FF FF 00 10 0D 22 93 00 00 02 00 00 10 12 FF 0C 00 00 33 54 
00 FF FF 00 10 0D 22 93 00 00 02 00 00 10 13 00 0C 00 00 31 C4 
00 FF FF 00 10 0D 22 93 00 00 02 00 00 10 13 01 0C 00 00 2F 8A 
00 FF FF 00 10 0D 22 93 00 00 02 00 00 10 13 02 0C 00 00 2E D4 
00 FF FF 00 10 0D 22 93 00 00 02 00 00 10 13 03 0C 00 00 3A 34 
00 FF FF 00 10 0D 22 93 00 00 02 00 00 10 13 04 0C 00 00 3B 22 
00 FF FF 00 10 0D 22 93 00 00 02 00 00 10 13 06 0C 00 00 35 CA 
00 FF FF 00 10 0D 22 93 00 00 02 00 00 10 13 07 0C 00 00 2F 8A 
00 FF FF 00 10 0D 22 93 00 00 02 00 00 10 13 08 0C 00 00 38 64 
00 FF FF 00 10 0D 22 93 00 00 02 00 00 10 13 09 0C 00 00 32 8A 
00 FF FF 00 10 0D 22 93 00 00 02 00 00 10 13 0A 0C 00 00 31 C4 
00 FF FF 00 10 0D 22 93 00 00 02 00 00 10 13 0B 0C 00 00 3A 34 
00 FF FF 00 10 0D 22 93 00 00 02 00 00 10 13 0C 0C 00 00 2E 22 
00 FF FF 00 10 0D 22 93 00 00 02 00 00 10 13 0D 0C 00 00 27 E9 
00 FF FF 00 10 0D 22 93 00 00 02 00 00 10 13 0E 0C 00 00 39 4A 
00 FF FF 00 10 0D 22 93 00 00 02 00 00 10 13 0F 0C 00 00 34 F4 
00 FF FF 00 10 0D 22 93 00 00 02 00 00 10 13 10 0C 00 00 35 AB 
00 FF FF 00 10 0D 22 93 00 00 02 00 00 10 13 11 0C 00 00 37 6A 
00 FF FF 00 10 0D 22 93 00 00 02 00 00 10 13 12 0C 00 00 22 FD 
00 FF FF 00 10 0D 22 93 00 00 02 00 00 10 13 13 0C 00 00 19 9D 
00 FF FF 00 10 0D 22 93 00 00 02 00 00 10 13 14 0C 00 00 1E 1D 
00 FF FF 00 10 0D 22 93 00 00 02 00 00 10 13 15 0C 00 00 22 61 
00 FF FF 00 10 0D 22 93 00 00 02 00 00 10 13 16 0C 00 00 3C 14 
00 FF FF 00 10 0D 22 93 00 00 02 00 00 10 13 17 0C 00 00 1C DD 
00 FF FF 00 10 0D 22 93 00 00 02 00 00 10 13 18 0C 00 00 38 64 
00 FF FF 00 10 0D 22 93 00 00 02 00 00 10 13 19 0C 00 00 33 54 
00 FF FF 00 10 0D 22 93 00 00 02 00 00 10 13 1A 0C 00 00 2E 05 
00 FF FF 00 10 0D 22 93 00 00 02 00 00 10 13 1B 0C 00 00 10 56 
00 FF FF 00 10 0D 22 93 00 00 02 00 00 10 13 1C 0C 00 00 16 F5 
00 FF FF 00 10 0D 22 93 00 00 02 00 00 10 13 1D 0C 00 00 22 BB 
00 FF FF 00 10 0D 22 93 00 00 02 00 00 10 13 1E 0C 00 00 28 FD 
00 FF FF 00 10 0D 22 93 00 00 02 00 00 10 13 1F 0C 00 00 2F 8A 
00 FF FF 00 10 0D 22 93 00 00 02 00 00 10 13 20 0C 00 00 36 A4 
00 FF FF 00 10 0D 22 93 00 00 02 00 00 10 13 21 0C 00 00 31 C4 
00 FF FF 00 10 0D 22 93 00 00 02 00 00 10 13 22 0C 00 00 2B 62 
00 FF FF 00 10 0D 22 93 00 00 02 00 00 10 13 23 0C 00 00 24 E9 
00 FF FF 00 10 0D 22 93 00 00 02 00 00 10 13 24 0C 00 00 1C F1 
00 FF FF 00 10 0D 22 93 00 00 02 00 00 10 13 25 0C 00 00 1A 8D 
00 FF FF 00 10 0D 22 93 00 00 02 00 00 10 13 26 0C 00 00 2A 11 
00 FF FF 00 10 0D 22 93 00 00 02 00 00 10 13 27 0C 00 00 32 8A 
00 FF FF 00 10 0D 22 93 00 00 02 00 00 10 13 28 0C 00 00 34 F4 
00 FF FF 00 10 0D 22 93 00 00 02 00 00 10 13 29 0C 00 00 21 F5 
00 FF FF 00 10 0D 22 93 00 00 02 00 00 10 13 2A 0C 00 00 20 C5 
00 FF FF 00 10 0D 22 93 00 00 02 00 00 10 13 2B 0C 00 00 2E EB 
00 FF FF 00 10 0D 22 93 00 00 02 00 00 10 13 2C 0C 00 00 1F 91 
00 FF FF 00 10 0D 22 93 00 00 02 00 00 10 13 2D 0C 00 00 19 B5 
00 FF FF 00 10 0D 22 93 00 00 02 00 00 10 13 2E 0C 00 00 22 11 
00 FF FF 00 10 0D 22 93 00 00 02 00 00 10 13 2F 0C 00 00 27 B1 
00 FF FF 00 10 0D 22 93 00 00 02 00 00 10 13 30 0C 00 00 3B 22 
00 FF FF 00 10 0D 22 93 00 00 02 00 00 10 13 31 0C 00 00 3C 14 
00 FF FF 00 10 0D 22 93 00 00 02 00 00 10 13 32 0C 00 00 34 F4 
00 FF FF 00 10 0D 22 93 00 00 02 00 00 10 13 33 0C 00 00 36 7E 
00 FF FF 00 10 0D 22 93 00 00 02 00 00 10 13 34 0C 00 00 25 71 
00 FF FF 00 10 0D 22 93 00 00 02 00 00 10 13 35 0C 00 00 19 41 
00 FF FF 00 10 0D 22 93 00 00 02 00 00 10 13 36 0C 00 00 19 13 
00 FF FF 00 10 0D 22 93 00 00 02 00 00 10 13 37 0C 00 00 29 6D 
00 FF FF 00 10 0D 22 93 00 00 02 00 00 10 13 38 0C 00 00 36 A4 
00 FF FF 00 10 0D 22 93 00 00 02 00 00 10 13 39 0C 00 00 37 82 
00 FF FF 00 10 0D 22 93 00 00 02 00 00 10 13 3A 0C 00 00 2C CA 
00 FF FF 00 10 0D 22 93 00 00 02 00 00 10 13 3B 0C 00 00 33 54 
00 FF FF 00 10 0D 22 93 00 00 02 00 00 10 13 3C 0C 00 00 2E DD 
00 FF FF 00 10 0D 22 93 00 00 02 00 00 10 13 3D 0C 00 00 1F 3D 
00 FF FF 00 10 0D 22 93 00 00 02 00 00 10 13 3E 0C 00 00 13 62 
00 FF FF 00 10 0D 22 93 00 00 02 00 00 10 13 3F 0C 00 00 1B 1B 
00 FF FF 00 10 0D 22 93 00 00 02 00 00 10 13 40 0C 00 00 26 5B 
00 FF FF 00 10 0D 22 93 00 00 02 00 00 10 13 41 0C 00 00 31 C4 
00 FF FF 00 10 0D 22 93 00 00 02 00 00 10 13 42 0C 00 00 34 22 
00 FF FF 00 10 0D 22 93 00 00 02 00 00 10 13 43 0C 00 00 30 44 
00 FF FF 00 10 0D 22 93 00 00 02 00 00 10 13 45 0C 00 00 25 71 
00 FF FF 00 10 0D 22 93 00 00 02 00 00 10 13 46 0C 00 00 1B 35 
00 FF FF 00 10 0D 22 93 00 00 02 00 00 10 13 47 0C 00 00 16 BB 
00 FF FF 00 10 0D 22 93 00 00 02 00 00 10 13 48 0C 00 00 20 BD 
00 FF FF 00 10 0D 22 93 00 00 02 00 00 10 13 49 0C 00 00 34 F4 
00 FF FF 00 10 0D 22 93 00 00 02 00 00 10 13 4A 0C 00 00 34 F4 
00 FF FF 00 10 0D 22 93 00 00 02 00 00 10 13 4B 0C 00 00 3B 22 
00 FF FF 00 10 0D 22 93 00 00 02 00 00 10 13 4C 0C 00 00 30 44 
00 FF FF 00 10 0D 22 93 00 00 02 00 00 10 13 4D 0C 00 00 30 6B 
00 FF FF 00 10 0D 22 93 00 00 02 00 00 10 13 4E 0C 00 00 20 93 
00 FF FF 00 10 0D 22 93 00 00 02 00 00 10 13 4F 0C 00 00 18 A2 
00 FF FF 00 10 0D 22 93 00 00 02 00 00 10 13 50 0C 00 00 1B 51 
00 FF FF 00 10 0D 22 93 00 00 02 00 00 10 13 51 0C 00 00 29 8D 
00 FF FF 00 10 0D 22 93 00 00 02 00 00 10 13 52 0C 00 00 2E D4 
00 FF FF 00 10 0D 22 93 00 00 02 00 00 10 13 53 0C 00 00 33 01 
00 FF FF 00 10 0D 22 93 00 00 02 00 00 10 13 54 0C 00 00 2E 22 
00 FF FF 00 10 0D 22 93 00 00 02 00 00 10 13 55 0C 00 00 32 F1 
00 FF FF 00 10 0D 22 93 00 00 02 00 00 10 13 56 0C 00 00 27 71 
00 FF FF 00 10 0D 22 93 00 00 02 00 00 10 13 57 0C 00 00 1B 75 
00 FF FF 00 10 0D 22 93 00 00 02 00 00 10 13 58 0C 00 00 13 94 
00 FF FF 00 10 0D 22 93 00 00 02 00 00 10 13 59 0C 00 00 24 99 
00 FF FF 00 10 0D 22 93 00 00 02 00 00 10 13 5A 0C 00 00 1B E5 
00 FF FF 00 10 0D 22 93 00 00 02 00 00 10 13 5B 0C 00 00 37 82 
00 FF FF 00 10 0D 22 93 00 00 02 00 00 10 13 5C 0C 00 00 36 A4 
00 FF FF 00 10 0D 22 93 00 00 02 00 00 10 13 5E 0C 00 00 2C 33 
00 FF FF 00 10 0D 22 93 00 00 02 00 00 10 13 5F 0C 00 00 1F B9 
00 FF FF 00 10 0D 22 93 00 00 02 00 00 10 13 61 0C 00 00 1F 31 
00 FF FF 00 10 0D 22 93 00 00 02 00 00 10 13 62 0C 00 00 2F A5 
00 FF FF 00 10 0D 22 93 00 00 02 00 00 10 13 63 0C 00 00 33 54 
00 FF FF 00 10 0D 22 93 00 00 02 00 00 10 13 64 0C 00 00 34 F4 
00 FF FF 00 10 0D 22 93 00 00 02 00 00 10 13 66 0C 00 00 38 64 
00 FF FF 00 10 0D 22 93 00 00 02 00 00 10 13 67 0C 00 00 37 82 
00 FF FF 00 10 0D 22 93 00 00 02 00 00 10 13 68 0C 00 00 31 02 
00 FF FF 00 10 0D 22 93 00 00 02 00 00 10 13 69 0C 00 00 34 F4 
00 FF FF 00 10 0D 22 93 00 00 02 00 00 10 13 6A 0C 00 00 33 54 
00 FF FF 00 10 0D 22 93 00 00 02 00 00 10 13 6B 0C 00 00 2E D4 
00 FF FF 00 10 0D 22 93 00 00 02 00 00 10 13 6C 0C 00 00 3B 22 
00 FF FF 00 10 0D 22 93 00 00 02 00 00 10 13 6D 0C 00 00 39 4A 
00 FF FF 00 10 0D 22 93 00 00 02 00 00 10 13 6F 0C 00 00 30 44 
00 FF FF 00 10 0D 22 93 00 00 02 00 00 10 13 70 0C 00 00 2D 74 
00 FF FF 00 10 0D 22 93 00 00 02 00 00 10 13 71 0C 00 00 2E D4 
00 FF FF 00 10 0D 22 93 00 00 02 00 00 10 13 72 0C 00 00 21 B1 
00 FF FF 00 10 0D 22 93 00 00 02 00 00 10 13 73 0C 00 00 2A 3B 
00 FF FF 00 10 0D 22 93 00 00 02 00 00 10 13 74 0C 00 00 1A C3 
00 FF FF 00 10 0D 22 93 00 00 02 00 00 10 13 75 0C 00 00 35 CA 
00 FF FF 00 10 0D 22 93 00 00 02 00 00 10 13 76 0C 00 00 3B 22 
00 FF FF 00 10 0D 22 93 00 00 02 00 00 10 13 77 0C 00 00 33 05 
00 FF FF 00 10 0D 22 93 00 00 02 00 00 10 13 79 0C 00 00 19 6A 
00 FF FF 00 10 0D 22 93 00 00 02 00 00 10 13 7A 0C 00 00 1A A5 
00 FF FF 00 10 0D 22 93 00 00 02 00 00 10 13 7B 0C 00 00 22 35 
00 FF FF 00 10 0D 22 93 00 00 02 00 00 10 13 7C 0C 00 00 2E B1 
00 FF FF 00 10 0D 22 93 00 00 02 00 00 10 13 7D 0C 00 00 1F 79 
00 FF FF 00 10 0D 22 93 00 00 02 00 00 10 13 7E 0C 00 00 2E D4 
00 FF FF 00 10 0D 22 93 00 00 02 00 00 10 13 7F 0C 00 00 1F F5 
00 FF FF 00 10 0D 22 93 00 00 02 00 00 10 13 80 0C 00 00 2C B1 
00 FF FF 00 10 0D 22 93 00 00 02 00 00 10 13 81 0C 00 00 20 A9 
00 FF FF 00 10 0D 22 93 00 00 02 00 00 10 13 82 0C 00 00 13 75 
00 FF FF 00 10 0D 22 93 00 00 02 00 00 10 13 83 0C 00 00 19 7D 
00 FF FF 00 10 0D 22 93 00 00 02 00 00 10 13 84 0C 00 00 28 19 
00 FF FF 00 10 0D 22 93 00 00 02 00 00 10 13 85 0C 00 00 2E D4 
00 FF FF 00 10 0D 22 93 00 00 02 00 00 10 13 86 0C 00 00 2E 22 
00 FF FF 00 10 0D 22 93 00 00 02 00 00 10 13 87 0C 00 00 2E D4 
00 FF FF 00 10 0D 22 93 00 00 02 00 00 10 13 88 0C 00 00 34 C1 
00 FF FF 00 10 0D 22 93 00 00 02 00 00 10 13 89 0C 00 00 28 EB 
00 FF FF 00 10 0D 22 93 00 00 02 00 00 10 13 8A 0C 00 00 1D D9 
00 FF FF 00 10 0D 22 93 00 00 02 00 00 10 13 8B 0C 00 00 1B ED 
00 FF FF 00 10 0D 22 93 00 00 02 00 00 10 13 8C 0C 00 00 23 ED 
00 FF FF 00 10 0D 22 93 00 00 02 00 00 10 13 8D 0C 00 00 2D DA 
00 FF FF 00 10 0D 22 93 00 00 02 00 00 10 13 8E 0C 00 00 35 CA 
00 FF FF 00 10 0D 22 93 00 00 02 00 00 10 13 8F 0C 00 00 38 64 
00 FF FF 00 10 0D 22 93 00 00 02 00 00 10 13 90 0C 00 00 28 FB 
00 FF FF 00 10 0D 22 93 00 00 02 00 00 10 13 92 0C 00 00 21 65 
00 FF FF 00 10 0D 22 93 00 00 02 00 00 10 13 93 0C 00 00 17 51 
00 FF FF 00 10 0D 22 93 00 00 02 00 00 10 13 94 0C 00 00 18 89 
00 FF FF 00 10 0D 22 93 00 00 02 00 00 10 13 95 0C 00 00 25 6D 
00 FF FF 00 10 0D 22 93 00 00 02 00 00 10 13 96 0C 00 00 31 02 
00 FF FF 00 10 0D 22 93 00 00 02 00 00 10 13 97 0C 00 00 33 05 
00 FF FF 00 10 0D 22 93 00 00 02 00 00 10 13 98 0C 00 00 31 02 
00 FF FF 00 10 0D 22 93 00 00 02 00 00 10 13 99 0C 00 00 2D DA 
00 FF FF 00 10 0D 22 93 00 00 02 00 00 10 13 9A 0C 00 00 29 81 
00 FF FF 00 10 0D 22 93 00 00 02 00 00 10 13 9B 0C 00 00 1D 8D 
00 FF FF 00 10 0D 22 93 00 00 02 00 00 10 13 9D 0C 00 00 1D 25 
00 FF FF 00 10 0D 22 93 00 00 02 00 00 10 13 9E 0C 00 00 37 61 
