00 FF FF 00 10 0D 22 93 00 00 02 00 00 10 00 D0 0C 00 00 33 54 
00 FF FF 00 10 0D 22 93 00 00 02 00 00 10 00 D1 0C 00 00 30 44 
00 FF FF 00 10 0D 22 93 00 00 02 00 00 10 00 D2 0C 00 00 2E D4 
00 FF FF 00 10 0D 22 93 00 00 02 00 00 10 00 D3 0C 00 00 22 53 
00 FF FF 00 10 0D 22 93 00 00 02 00 00 10 00 D4 0C 00 00 2E 22 
00 FF FF 00 10 0D 22 93 00 00 02 00 00 10 00 D5 0C 00 00 17 A9 
00 FF FF 00 10 0D 22 93 00 00 02 00 00 10 00 D6 0C 00 00 2D 74 
00 FF FF 00 10 0D 22 93 00 00 02 00 00 10 00 D7 0C 00 00 36 A4 
00 FF FF 00 10 0D 22 93 00 00 02 00 00 10 00 D8 0C 00 00 3C 14 
00 FF FF 00 10 0D 22 93 00 00 02 00 00 10 00 D9 0C 00 00 39 4A 
00 FF FF 00 10 0D 22 93 00 00 02 00 00 10 00 DA 0C 00 00 30 44 
00 FF FF 00 10 0D 22 93 00 00 02 00 00 10 00 DB 0C 00 00 2D 74 
00 FF FF 00 10 0D 22 93 00 00 02 00 00 10 00 DC 0C 00 00 30 44 
00 FF FF 00 10 0D 22 93 00 00 02 00 00 10 00 DD 0C 00 00 2E 22 
00 FF FF 00 10 0D 22 93 00 00 02 00 00 10 00 DF 0C 00 00 33 54 
00 FF FF 00 10 0D 22 93 00 00 02 00 00 10 00 E0 0C 00 00 30 44 
00 FF FF 00 10 0D 22 93 00 00 02 00 00 10 00 E1 0C 00 00 2E 22 
00 FF FF 00 10 0D 22 93 00 00 02 00 00 10 00 E3 0C 00 00 34 22 
00 FF FF 00 10 0D 22 93 00 00 02 00 00 10 00 E4 0C 00 00 39 4A 
00 FF FF 00 10 0D 22 93 00 00 02 00 00 10 00 E5 0C 00 00 36 A4 
00 FF FF 00 10 0D 22 93 00 00 02 00 00 10 00 E7 0C 00 00 37 82 
00 FF FF 00 10 0D 22 93 00 00 02 00 00 10 00 E8 0C 00 00 39 4A 
00 FF FF 00 10 0D 22 93 00 00 02 00 00 10 00 E9 0C 00 00 38 64 
00 FF FF 00 10 0D 22 93 00 00 02 00 00 10 00 EA 0C 00 00 38 64 
00 FF FF 00 10 0D 22 93 00 00 02 00 00 10 00 EB 0C 00 00 39 33 
00 FF FF 00 10 0D 22 93 00 00 02 00 00 10 00 EC 0C 00 00 2B 01 
00 FF FF 00 10 0D 22 93 00 00 02 00 00 10 00 ED 0C 00 00 10 13 
00 FF FF 00 10 0D 22 93 00 00 02 00 00 10 00 EE 0C 00 00 16 CD 
00 FF FF 00 10 0D 22 93 00 00 02 00 00 10 00 EF 0C 00 00 1E AB 
00 FF FF 00 10 0D 22 93 00 00 02 00 00 10 00 F0 0C 00 00 29 D5 
00 FF FF 00 10 0D 22 93 00 00 02 00 00 10 00 F1 0C 00 00 20 19 
00 FF FF 00 10 0D 22 93 00 00 02 00 00 10 00 F2 0C 00 00 34 22 
00 FF FF 00 10 0D 22 93 00 00 02 00 00 10 00 F3 0C 00 00 31 02 
00 FF FF 00 10 0D 22 93 00 00 02 00 00 10 00 F4 0C 00 00 34 A9 
00 FF FF 00 10 0D 22 93 00 00 02 00 00 10 00 F5 0C 00 00 1A 5C 
00 FF FF 00 10 0D 22 93 00 00 02 00 00 10 00 F6 0C 00 00 1B AD 
00 FF FF 00 10 0D 22 93 00 00 02 00 00 10 00 F7 0C 00 00 13 CE 
00 FF FF 00 10 0D 22 93 00 00 02 00 00 10 00 F8 0C 00 00 24 DB 
00 FF FF 00 10 0D 22 93 00 00 02 00 00 10 00 F9 0C 00 00 31 C4 
00 FF FF 00 10 0D 22 93 00 00 02 00 00 10 00 FA 0C 00 00 34 F4 
00 FF FF 00 10 0D 22 93 00 00 02 00 00 10 00 FB 0C 00 00 2F 8A 
00 FF FF 00 10 0D 22 93 00 00 02 00 00 10 00 FC 0C 00 00 2F 69 
00 FF FF 00 10 0D 22 93 00 00 02 00 00 10 00 FD 0C 00 00 2C 6E 
00 FF FF 00 10 0D 22 93 00 00 02 00 00 10 00 FE 0C 00 00 1C F1 
00 FF FF 00 10 0D 22 93 00 00 02 00 00 10 00 FF 0C 00 00 16 1D 
00 FF FF 00 10 0D 22 93 00 00 02 00 00 10 01 02 0C 00 00 2C 44 
00 FF FF 00 10 0D 22 93 00 00 02 00 00 10 01 03 0C 00 00 3A 34 
00 FF FF 00 10 0D 22 93 00 00 02 00 00 10 01 04 0C 00 00 2C 9D 
00 FF FF 00 10 0D 22 93 00 00 02 00 00 10 01 05 0C 00 00 2C 79 
00 FF FF 00 10 0D 22 93 00 00 02 00 00 10 01 06 0C 00 00 23 81 
00 FF FF 00 10 0D 22 93 00 00 02 00 00 10 01 07 0C 00 00 19 31 
00 FF FF 00 10 0D 22 93 00 00 02 00 00 10 01 08 0C 00 00 1E 1D 
00 FF FF 00 10 0D 22 93 00 00 02 00 00 10 01 09 0C 00 00 20 9F 
00 FF FF 00 10 0D 22 93 00 00 02 00 00 10 01 0A 0C 00 00 3A 34 
00 FF FF 00 10 0D 22 93 00 00 02 00 00 10 01 0B 0C 00 00 3B 22 
00 FF FF 00 10 0D 22 93 00 00 02 00 00 10 01 0C 0C 00 00 2D 74 
00 FF FF 00 10 0D 22 93 00 00 02 00 00 10 01 0D 0C 00 00 35 B9 
00 FF FF 00 10 0D 22 93 00 00 02 00 00 10 01 0E 0C 00 00 2B 1D 
00 FF FF 00 10 0D 22 93 00 00 02 00 00 10 01 0F 0C 00 00 1C A1 
00 FF FF 00 10 0D 22 93 00 00 02 00 00 10 01 10 0C 00 00 17 AB 
00 FF FF 00 10 0D 22 93 00 00 02 00 00 10 01 12 0C 00 00 15 B7 
00 FF FF 00 10 0D 22 93 00 00 02 00 00 10 01 13 0C 00 00 2C 59 
00 FF FF 00 10 0D 22 93 00 00 02 00 00 10 01 14 0C 00 00 3A 34 
00 FF FF 00 10 0D 22 93 00 00 02 00 00 10 01 15 0C 00 00 32 8A 
00 FF FF 00 10 0D 22 93 00 00 02 00 00 10 01 16 0C 00 00 35 93 
00 FF FF 00 10 0D 22 93 00 00 02 00 00 10 01 17 0C 00 00 24 AB 
00 FF FF 00 10 0D 22 93 00 00 02 00 00 10 01 19 0C 00 00 1D 49 
00 FF FF 00 10 0D 22 93 00 00 02 00 00 10 01 1A 0C 00 00 1C 7C 
00 FF FF 00 10 0D 22 93 00 00 02 00 00 10 01 1B 0C 00 00 2E 22 
00 FF FF 00 10 0D 22 93 00 00 02 00 00 10 01 1C 0C 00 00 36 A4 
00 FF FF 00 10 0D 22 93 00 00 02 00 00 10 01 1E 0C 00 00 35 CA 
00 FF FF 00 10 0D 22 93 00 00 02 00 00 10 01 1F 0C 00 00 09 A3 
00 FF FF 00 10 0D 22 93 00 00 02 00 00 10 01 21 0C 00 00 14 46 
00 FF FF 00 10 0D 22 93 00 00 02 00 00 10 01 22 0C 00 00 23 69 
00 FF FF 00 10 0D 22 93 00 00 02 00 00 10 01 23 0C 00 00 28 41 
00 FF FF 00 10 0D 22 93 00 00 02 00 00 10 01 24 0C 00 00 32 8A 
00 FF FF 00 10 0D 22 93 00 00 02 00 00 10 01 25 0C 00 00 2E 22 
00 FF FF 00 10 0D 22 93 00 00 02 00 00 10 01 26 0C 00 00 38 64 
00 FF FF 00 10 0D 22 93 00 00 02 00 00 10 01 27 0C 00 00 16 A4 
00 FF FF 00 10 0D 22 93 00 00 02 00 00 10 01 2A 0C 00 00 18 71 
00 FF FF 00 10 0D 22 93 00 00 02 00 00 10 01 2B 0C 00 00 0A 8B 
00 FF FF 00 10 0D 22 93 00 00 02 00 00 10 01 2C 0C 00 00 3C 14 
00 FF FF 00 10 0D 22 93 00 00 02 00 00 10 01 2D 0C 00 00 17 92 
00 FF FF 00 10 0D 22 93 00 00 02 00 00 10 01 2F 0C 00 00 15 0A 
00 FF FF 00 10 0D 22 93 00 00 02 00 00 10 01 30 0C 00 00 2D 39 
00 FF FF 00 10 0D 22 93 00 00 02 00 00 10 01 31 0C 00 00 1D 5A 
00 FF FF 00 10 0D 22 93 00 00 02 00 00 10 01 32 0C 00 00 12 3C 
00 FF FF 00 10 0D 22 93 00 00 02 00 00 10 01 33 0C 00 00 1A 77 
00 FF FF 00 10 0D 22 93 00 00 02 00 00 10 01 34 0C 00 00 32 1B 
00 FF FF 00 10 0D 22 93 00 00 02 00 00 10 01 35 0C 00 00 39 4A 
00 FF FF 00 10 0D 22 93 00 00 02 00 00 10 01 36 0C 00 00 2E D4 
00 FF FF 00 10 0D 22 93 00 00 02 00 00 10 01 37 0C 00 00 1A CA 
00 FF FF 00 10 0D 22 93 00 00 02 00 00 10 01 38 0C 00 00 30 71 
00 FF FF 00 10 0D 22 93 00 00 02 00 00 10 01 39 0C 00 00 16 EC 
00 FF FF 00 10 0D 22 93 00 00 02 00 00 10 01 3B 0C 00 00 15 1E 
00 FF FF 00 10 0D 22 93 00 00 02 00 00 10 01 3C 0C 00 00 1D DA 
00 FF FF 00 10 0D 22 93 00 00 02 00 00 10 01 3D 0C 00 00 31 C4 
00 FF FF 00 10 0D 22 93 00 00 02 00 00 10 01 3E 0C 00 00 25 23 
00 FF FF 00 10 0D 22 93 00 00 02 00 00 10 01 3F 0C 00 00 32 8A 
00 FF FF 00 10 0D 22 93 00 00 02 00 00 10 01 40 0C 00 00 34 F4 
00 FF FF 00 10 0D 22 93 00 00 02 00 00 10 01 41 0C 00 00 19 E6 
00 FF FF 00 10 0D 22 93 00 00 02 00 00 10 01 43 0C 00 00 1C A9 
00 FF FF 00 10 0D 22 93 00 00 02 00 00 10 01 44 0C 00 00 1C 95 
00 FF FF 00 10 0D 22 93 00 00 02 00 00 10 01 45 0C 00 00 2A 41 
00 FF FF 00 10 0D 22 93 00 00 02 00 00 10 01 46 0C 00 00 38 64 
00 FF FF 00 10 0D 22 93 00 00 02 00 00 10 01 47 0C 00 00 2F 8A 
00 FF FF 00 10 0D 22 93 00 00 02 00 00 10 01 49 0C 00 00 24 0B 
00 FF FF 00 10 0D 22 93 00 00 02 00 00 10 01 4A 0C 00 00 25 95 
00 FF FF 00 10 0D 22 93 00 00 02 00 00 10 01 4C 0C 00 00 18 89 
00 FF FF 00 10 0D 22 93 00 00 02 00 00 10 01 4D 0C 00 00 26 93 
00 FF FF 00 10 0D 22 93 00 00 02 00 00 10 01 4F 0C 00 00 16 AD 
00 FF FF 00 10 0D 22 93 00 00 02 00 00 10 01 50 0C 00 00 39 4A 
00 FF FF 00 10 0D 22 93 00 00 02 00 00 10 01 51 0C 00 00 1E 42 
00 FF FF 00 10 0D 22 93 00 00 02 00 00 10 01 52 0C 00 00 2D DA 
00 FF FF 00 10 0D 22 93 00 00 02 00 00 10 01 53 0C 00 00 1E 3B 
00 FF FF 00 10 0D 22 93 00 00 02 00 00 10 01 54 0C 00 00 1B 4D 
00 FF FF 00 10 0D 22 93 00 00 02 00 00 10 01 55 0C 00 00 19 E5 
00 FF FF 00 10 0D 22 93 00 00 02 00 00 10 01 56 0C 00 00 30 89 
00 FF FF 00 10 0D 22 93 00 00 02 00 00 10 01 57 0C 00 00 3C 14 
00 FF FF 00 10 0D 22 93 00 00 02 00 00 10 01 59 0C 00 00 3C 14 
00 FF FF 00 10 0D 22 93 00 00 02 00 00 10 01 5A 0C 00 00 35 96 
00 FF FF 00 10 0D 22 93 00 00 02 00 00 10 01 5B 0C 00 00 25 C1 
00 FF FF 00 10 0D 22 93 00 00 02 00 00 10 01 5E 0C 00 00 27 71 
00 FF FF 00 10 0D 22 93 00 00 02 00 00 10 01 5F 0C 00 00 30 25 
00 FF FF 00 10 0D 22 93 00 00 02 00 00 10 01 60 0C 00 00 35 CA 
00 FF FF 00 10 0D 22 93 00 00 02 00 00 10 01 61 0C 00 00 37 82 
00 FF FF 00 10 0D 22 93 00 00 02 00 00 10 01 62 0C 00 00 36 A4 
00 FF FF 00 10 0D 22 93 00 00 02 00 00 10 01 63 0C 00 00 0F 86 
00 FF FF 00 10 0D 22 93 00 00 02 00 00 10 01 64 0C 00 00 10 AE 
00 FF FF 00 10 0D 22 93 00 00 02 00 00 10 01 65 0C 00 00 1A E5 
00 FF FF 00 10 0D 22 93 00 00 02 00 00 10 01 66 0C 00 00 1F CB 
00 FF FF 00 10 0D 22 93 00 00 02 00 00 10 01 67 0C 00 00 14 AA 
00 FF FF 00 10 0D 22 93 00 00 02 00 00 10 01 69 0C 00 00 33 D2 
00 FF FF 00 10 0D 22 93 00 00 02 00 00 10 01 6A 0C 00 00 31 02 
00 FF FF 00 10 0D 22 93 00 00 02 00 00 10 01 6B 0C 00 00 35 93 
00 FF FF 00 10 0D 22 93 00 00 02 00 00 10 01 6C 0C 00 00 26 15 
00 FF FF 00 10 0D 22 93 00 00 02 00 00 10 01 6D 0C 00 00 1B 05 
00 FF FF 00 10 0D 22 93 00 00 02 00 00 10 01 6E 0C 00 00 16 F5 
00 FF FF 00 10 0D 22 93 00 00 02 00 00 10 01 6F 0C 00 00 1F 95 
00 FF FF 00 10 0D 22 93 00 00 02 00 00 10 01 70 0C 00 00 31 A9 
00 FF FF 00 10 0D 22 93 00 00 02 00 00 10 01 71 0C 00 00 2D 74 
00 FF FF 00 10 0D 22 93 00 00 02 00 00 10 01 73 0C 00 00 35 CA 
00 FF FF 00 10 0D 22 93 00 00 02 00 00 10 01 74 0C 00 00 2F B1 
00 FF FF 00 10 0D 22 93 00 00 02 00 00 10 01 75 0C 00 00 1C C7 
00 FF FF 00 10 0D 22 93 00 00 02 00 00 10 01 76 0C 00 00 1A 8B 
00 FF FF 00 10 0D 22 93 00 00 02 00 00 10 01 78 0C 00 00 26 1B 
00 FF FF 00 10 0D 22 93 00 00 02 00 00 10 01 79 0C 00 00 2E 22 
00 FF FF 00 10 0D 22 93 00 00 02 00 00 10 01 7A 0C 00 00 34 22 
00 FF FF 00 10 0D 22 93 00 00 02 00 00 10 01 7B 0C 00 00 3C 14 
00 FF FF 00 10 0D 22 93 00 00 02 00 00 10 01 7C 0C 00 00 36 75 
00 FF FF 00 10 0D 22 93 00 00 02 00 00 10 01 7D 0C 00 00 26 D5 
00 FF FF 00 10 0D 22 93 00 00 02 00 00 10 01 80 0C 00 00 0F 66 
00 FF FF 00 10 0D 22 93 00 00 02 00 00 10 01 81 0C 00 00 18 8A 
00 FF FF 00 10 0D 22 93 00 00 02 00 00 10 01 82 0C 00 00 31 C4 
00 FF FF 00 10 0D 22 93 00 00 02 00 00 10 01 84 0C 00 00 1E 36 
00 FF FF 00 10 0D 22 93 00 00 02 00 00 10 01 86 0C 00 00 21 71 
00 FF FF 00 10 0D 22 93 00 00 02 00 00 10 01 88 0C 00 00 19 7D 
00 FF FF 00 10 0D 22 93 00 00 02 00 00 10 01 8A 0C 00 00 15 1A 
00 FF FF 00 10 0D 22 93 00 00 02 00 00 10 01 8C 0C 00 00 3B 22 
00 FF FF 00 10 0D 22 93 00 00 02 00 00 10 01 8D 0C 00 00 33 CB 
00 FF FF 00 10 0D 22 93 00 00 02 00 00 10 01 8F 0C 00 00 1A F9 
00 FF FF 00 10 0D 22 93 00 00 02 00 00 10 01 90 0C 00 00 1A F9 
00 FF FF 00 10 0D 22 93 00 00 02 00 00 10 01 91 0C 00 00 12 DE 
00 FF FF 00 10 0D 22 93 00 00 02 00 00 10 01 93 0C 00 00 34 22 
00 FF FF 00 10 0D 22 93 00 00 02 00 00 10 01 94 0C 00 00 38 64 
00 FF FF 00 10 0D 22 93 00 00 02 00 00 10 01 95 0C 00 00 2A 61 
00 FF FF 00 10 0D 22 93 00 00 02 00 00 10 01 97 0C 00 00 21 0B 
00 FF FF 00 10 0D 22 93 00 00 02 00 00 10 01 98 0C 00 00 16 A7 
00 FF FF 00 10 0D 22 93 00 00 02 00 00 10 01 99 0C 00 00 1E 76 
00 FF FF 00 10 0D 22 93 00 00 02 00 00 10 01 9A 0C 00 00 22 FD 
00 FF FF 00 10 0D 22 93 00 00 02 00 00 10 01 9B 0C 00 00 37 82 
00 FF FF 00 10 0D 22 93 00 00 02 00 00 10 01 9C 0C 00 00 31 02 
00 FF FF 00 10 0D 22 93 00 00 02 00 00 10 01 9D 0C 00 00 31 02 
00 FF FF 00 10 0D 22 93 00 00 02 00 00 10 01 9E 0C 00 00 38 48 
00 FF FF 00 10 0D 22 93 00 00 02 00 00 10 01 9F 0C 00 00 28 31 
00 FF FF 00 10 0D 22 93 00 00 02 00 00 10 01 A0 0C 00 00 1E 82 
00 FF FF 00 10 0D 22 93 00 00 02 00 00 10 01 A1 0C 00 00 17 BB 
00 FF FF 00 10 0D 22 93 00 00 02 00 00 10 01 A3 0C 00 00 2B 88 
00 FF FF 00 10 0D 22 93 00 00 02 00 00 10 01 A4 0C 00 00 32 8A 
00 FF FF 00 10 0D 22 93 00 00 02 00 00 10 01 A5 0C 00 00 2E D4 
00 FF FF 00 10 0D 22 93 00 00 02 00 00 10 01 A6 0C 00 00 32 8A 
00 FF FF 00 10 0D 22 93 00 00 02 00 00 10 01 A7 0C 00 00 1A 2C 
00 FF FF 00 10 0D 22 93 00 00 02 00 00 10 01 A8 0C 00 00 22 85 
00 FF FF 00 10 0D 22 93 00 00 02 00 00 10 01 A9 0C 00 00 1A 69 
00 FF FF 00 10 0D 22 93 00 00 02 00 00 10 01 AA 0C 00 00 1C C1 
00 FF FF 00 10 0D 22 93 00 00 02 00 00 10 01 AB 0C 00 00 26 C1 
00 FF FF 00 10 0D 22 93 00 00 02 00 00 10 01 AD 0C 00 00 2D 74 
00 FF FF 00 10 0D 22 93 00 00 02 00 00 10 01 AE 0C 00 00 37 82 
00 FF FF 00 10 0D 22 93 00 00 02 00 00 10 01 AF 0C 00 00 38 45 
00 FF FF 00 10 0D 22 93 00 00 02 00 00 10 01 B0 0C 00 00 28 D3 
00 FF FF 00 10 0D 22 93 00 00 02 00 00 10 01 B2 0C 00 00 19 19 
00 FF FF 00 10 0D 22 93 00 00 02 00 00 10 01 B3 0C 00 00 1D 5B 
00 FF FF 00 10 0D 22 93 00 00 02 00 00 10 01 B4 0C 00 00 2A 11 
00 FF FF 00 10 0D 22 93 00 00 02 00 00 10 01 B5 0C 00 00 36 A4 
00 FF FF 00 10 0D 22 93 00 00 02 00 00 10 01 B6 0C 00 00 32 8A 
00 FF FF 00 10 0D 22 93 00 00 02 00 00 10 01 B7 0C 00 00 3A 34 
00 FF FF 00 10 0D 22 93 00 00 02 00 00 10 01 B8 0C 00 00 2F 16 
00 FF FF 00 10 0D 22 93 00 00 02 00 00 10 01 B9 0C 00 00 21 45 
00 FF FF 00 10 0D 22 93 00 00 02 00 00 10 01 BC 0C 00 00 21 3B 
00 FF FF 00 10 0D 22 93 00 00 02 00 00 10 01 BD 0C 00 00 37 82 
00 FF FF 00 10 0D 22 93 00 00 02 00 00 10 01 BE 0C 00 00 37 82 
00 FF FF 00 10 0D 22 93 00 00 02 00 00 10 01 C0 0C 00 00 2E D4 
00 FF FF 00 10 0D 22 93 00 00 02 00 00 10 01 C1 0C 00 00 34 F4 
00 FF FF 00 10 0D 22 93 00 00 02 00 00 10 01 C2 0C 00 00 2E 22 
00 FF FF 00 10 0D 22 93 00 00 02 00 00 10 01 C3 0C 00 00 31 02 
00 FF FF 00 10 0D 22 93 00 00 02 00 00 10 01 C4 0C 00 00 2E D4 
00 FF FF 00 10 0D 22 93 00 00 02 00 00 10 01 C6 0C 00 00 39 4A 
00 FF FF 00 10 0D 22 93 00 00 02 00 00 10 01 C7 0C 00 00 39 4A 
00 FF FF 00 10 0D 22 93 00 00 02 00 00 10 01 C8 0C 00 00 2F 8A 
00 FF FF 00 10 0D 22 93 00 00 02 00 00 10 01 C9 0C 00 00 39 4A 
00 FF FF 00 10 0D 22 93 00 00 02 00 00 10 01 CA 0C 00 00 37 82 
00 FF FF 00 10 0D 22 93 00 00 02 00 00 10 01 CB 0C 00 00 38 64 
00 FF FF 00 10 0D 22 93 00 00 02 00 00 10 01 CD 0C 00 00 38 64 
00 FF FF 00 10 0D 22 93 00 00 02 00 00 10 01 CE 0C 00 00 2D 74 
00 FF FF 00 10 0D 22 93 00 00 02 00 00 10 01 CF 0C 00 00 35 CA 
00 FF FF 00 10 0D 22 93 00 00 02 00 00 10 01 D0 0C 00 00 36 A4 
00 FF FF 00 10 0D 22 93 00 00 02 00 00 10 01 D1 0C 00 00 3A 34 
00 FF FF 00 10 0D 22 93 00 00 02 00 00 10 01 D2 0C 00 00 32 8A 
00 FF FF 00 10 0D 22 93 00 00 02 00 00 10 01 D3 0C 00 00 2F 8A 
00 FF FF 00 10 0D 22 93 00 00 02 00 00 10 01 D5 0C 00 00 2C 0B 
00 FF FF 00 10 0D 22 93 00 00 02 00 00 10 01 D6 0C 00 00 34 22 
00 FF FF 00 10 0D 22 93 00 00 02 00 00 10 01 D7 0C 00 00 2E D4 
00 FF FF 00 10 0D 22 93 00 00 02 00 00 10 01 D8 0C 00 00 31 02 
00 FF FF 00 10 0D 22 93 00 00 02 00 00 10 01 D9 0C 00 00 2F 8A 
00 FF FF 00 10 0D 22 93 00 00 02 00 00 10 01 DA 0C 00 00 2B BB 
00 FF FF 00 10 0D 22 93 00 00 02 00 00 10 01 DB 0C 00 00 21 CB 
00 FF FF 00 10 0D 22 93 00 00 02 00 00 10 01 DC 0C 00 00 0F A3 
00 FF FF 00 10 0D 22 93 00 00 02 00 00 10 01 DD 0C 00 00 1D 8D 
00 FF FF 00 10 0D 22 93 00 00 02 00 00 10 01 DE 0C 00 00 24 DB 
00 FF FF 00 10 0D 22 93 00 00 02 00 00 10 01 DF 0C 00 00 3B 22 
00 FF FF 00 10 0D 22 93 00 00 02 00 00 10 01 E0 0C 00 00 2D 74 
00 FF FF 00 10 0D 22 93 00 00 02 00 00 10 01 E1 0C 00 00 39 4A 
00 FF FF 00 10 0D 22 93 00 00 02 00 00 10 01 E2 0C 00 00 25 79 
00 FF FF 00 10 0D 22 93 00 00 02 00 00 10 01 E3 0C 00 00 2B 31 
00 FF FF 00 10 0D 22 93 00 00 02 00 00 10 01 E5 0C 00 00 1C 62 
00 FF FF 00 10 0D 22 93 00 00 02 00 00 10 01 E6 0C 00 00 23 31 
00 FF FF 00 10 0D 22 93 00 00 02 00 00 10 01 E7 0C 00 00 1A 38 
00 FF FF 00 10 0D 22 93 00 00 02 00 00 10 01 E8 0C 00 00 39 41 
00 FF FF 00 10 0D 22 93 00 00 02 00 00 10 01 E9 0C 00 00 3B 22 
00 FF FF 00 10 0D 22 93 00 00 02 00 00 10 01 EA 0C 00 00 31 02 
00 FF FF 00 10 0D 22 93 00 00 02 00 00 10 01 EB 0C 00 00 34 C1 
00 FF FF 00 10 0D 22 93 00 00 02 00 00 10 01 EC 0C 00 00 22 FD 
00 FF FF 00 10 0D 22 93 00 00 02 00 00 10 01 EE 0C 00 00 17 25 
00 FF FF 00 10 0D 22 93 00 00 02 00 00 10 01 EF 0C 00 00 21 C9 
00 FF FF 00 10 0D 22 93 00 00 02 00 00 10 01 F0 0C 00 00 31 C4 
00 FF FF 00 10 0D 22 93 00 00 02 00 00 10 01 F1 0C 00 00 2E 22 
00 FF FF 00 10 0D 22 93 00 00 02 00 00 10 01 F2 0C 00 00 30 44 
00 FF FF 00 10 0D 22 93 00 00 02 00 00 10 01 F3 0C 00 00 2E B1 
00 FF FF 00 10 0D 22 93 00 00 02 00 00 10 01 F4 0C 00 00 28 CB 
00 FF FF 00 10 0D 22 93 00 00 02 00 00 10 01 F5 0C 00 00 1D D5 
00 FF FF 00 10 0D 22 93 00 00 02 00 00 10 01 F6 0C 00 00 16 50 
00 FF FF 00 10 0D 22 93 00 00 02 00 00 10 01 F7 0C 00 00 1C 49 
00 FF FF 00 10 0D 22 93 00 00 02 00 00 10 01 F8 0C 00 00 17 34 
00 FF FF 00 10 0D 22 93 00 00 02 00 00 10 01 F9 0C 00 00 2E D4 
00 FF FF 00 10 0D 22 93 00 00 02 00 00 10 01 FA 0C 00 00 32 8A 
00 FF FF 00 10 0D 22 93 00 00 02 00 00 10 01 FB 0C 00 00 2F 8A 
00 FF FF 00 10 0D 22 93 00 00 02 00 00 10 01 FC 0C 00 00 35 8B 
00 FF FF 00 10 0D 22 93 00 00 02 00 00 10 01 FD 0C 00 00 23 BD 
00 FF FF 00 10 0D 22 93 00 00 02 00 00 10 02 00 0C 00 00 20 A9 
00 FF FF 00 10 0D 22 93 00 00 02 00 00 10 02 01 0C 00 00 32 5B 
00 FF FF 00 10 0D 22 93 00 00 02 00 00 10 02 02 0C 00 00 1B 81 
00 FF FF 00 10 0D 22 93 00 00 02 00 00 10 02 03 0C 00 00 32 8A 
00 FF FF 00 10 0D 22 93 00 00 02 00 00 10 02 04 0C 00 00 36 95 
00 FF FF 00 10 0D 22 93 00 00 02 00 00 10 02 06 0C 00 00 1D DB 
00 FF FF 00 10 0D 22 93 00 00 02 00 00 10 02 07 0C 00 00 17 25 
00 FF FF 00 10 0D 22 93 00 00 02 00 00 10 02 0A 0C 00 00 30 85 
00 FF FF 00 10 0D 22 93 00 00 02 00 00 10 02 0B 0C 00 00 31 50 
00 FF FF 00 10 0D 22 93 00 00 02 00 00 10 02 0C 0C 00 00 2E D4 
00 FF FF 00 10 0D 22 93 00 00 02 00 00 10 02 0D 0C 00 00 2D 3B 
00 FF FF 00 10 0D 22 93 00 00 02 00 00 10 02 0E 0C 00 00 1D 8A 
00 FF FF 00 10 0D 22 93 00 00 02 00 00 10 02 12 0C 00 00 19 EA 
00 FF FF 00 10 0D 22 93 00 00 02 00 00 10 02 13 0C 00 00 2D 74 
00 FF FF 00 10 0D 22 93 00 00 02 00 00 10 02 14 0C 00 00 32 8A 
00 FF FF 00 10 0D 22 93 00 00 02 00 00 10 02 15 0C 00 00 1A 2D 
00 FF FF 00 10 0D 22 93 00 00 02 00 00 10 02 16 0C 00 00 2C B1 
00 FF FF 00 10 0D 22 93 00 00 02 00 00 10 02 17 0C 00 00 1F E5 
00 FF FF 00 10 0D 22 93 00 00 02 00 00 10 02 18 0C 00 00 15 46 
00 FF FF 00 10 0D 22 93 00 00 02 00 00 10 02 19 0C 00 00 1D 52 
00 FF FF 00 10 0D 22 93 00 00 02 00 00 10 02 1A 0C 00 00 32 25 
00 FF FF 00 10 0D 22 93 00 00 02 00 00 10 02 1B 0C 00 00 38 64 
00 FF FF 00 10 0D 22 93 00 00 02 00 00 10 02 1C 0C 00 00 34 22 
00 FF FF 00 10 0D 22 93 00 00 02 00 00 10 02 1E 0C 00 00 13 2A 
00 FF FF 00 10 0D 22 93 00 00 02 00 00 10 02 20 0C 00 00 1C 8A 
00 FF FF 00 10 0D 22 93 00 00 02 00 00 10 02 21 0C 00 00 16 EB 
00 FF FF 00 10 0D 22 93 00 00 02 00 00 10 02 22 0C 00 00 22 79 
00 FF FF 00 10 0D 22 93 00 00 02 00 00 10 02 23 0C 00 00 34 F4 
00 FF FF 00 10 0D 22 93 00 00 02 00 00 10 02 24 0C 00 00 36 A4 
00 FF FF 00 10 0D 22 93 00 00 02 00 00 10 02 26 0C 00 00 2F 8A 
00 FF FF 00 10 0D 22 93 00 00 02 00 00 10 02 28 0C 00 00 1F 9E 
00 FF FF 00 10 0D 22 93 00 00 02 00 00 10 02 2A 0C 00 00 22 49 
00 FF FF 00 10 0D 22 93 00 00 02 00 00 10 02 2B 0C 00 00 26 E5 
00 FF FF 00 10 0D 22 93 00 00 02 00 00 10 02 2C 0C 00 00 31 C4 
00 FF FF 00 10 0D 22 93 00 00 02 00 00 10 02 2D 0C 00 00 31 C4 
00 FF FF 00 10 0D 22 93 00 00 02 00 00 10 02 2E 0C 00 00 31 02 
00 FF FF 00 10 0D 22 93 00 00 02 00 00 10 02 2F 0C 00 00 34 C5 
00 FF FF 00 10 0D 22 93 00 00 02 00 00 10 02 30 0C 00 00 24 CB 
00 FF FF 00 10 0D 22 93 00 00 02 00 00 10 02 31 0C 00 00 1A 4B 
00 FF FF 00 10 0D 22 93 00 00 02 00 00 10 02 32 0C 00 00 19 A9 
00 FF FF 00 10 0D 22 93 00 00 02 00 00 10 02 33 0C 00 00 28 31 
00 FF FF 00 10 0D 22 93 00 00 02 00 00 10 02 34 0C 00 00 3A 34 
00 FF FF 00 10 0D 22 93 00 00 02 00 00 10 02 35 0C 00 00 2F 8A 
00 FF FF 00 10 0D 22 93 00 00 02 00 00 10 02 36 0C 00 00 34 F4 
00 FF FF 00 10 0D 22 93 00 00 02 00 00 10 02 37 0C 00 00 34 F4 
00 FF FF 00 10 0D 22 93 00 00 02 00 00 10 02 38 0C 00 00 38 64 
00 FF FF 00 10 0D 22 93 00 00 02 00 00 10 02 39 0C 00 00 35 CA 
00 FF FF 00 10 0D 22 93 00 00 02 00 00 10 02 3A 0C 00 00 35 CA 
00 FF FF 00 10 0D 22 93 00 00 02 00 00 10 02 3B 0C 00 00 36 A4 
00 FF FF 00 10 0D 22 93 00 00 02 00 00 10 02 3C 0C 00 00 16 26 
00 FF FF 00 10 0D 22 93 00 00 02 00 00 10 02 3D 0C 00 00 34 F4 
00 FF FF 00 10 0D 22 93 00 00 02 00 00 10 02 3E 0C 00 00 34 F4 
00 FF FF 00 10 0D 22 93 00 00 02 00 00 10 02 3F 0C 00 00 2F 8A 
00 FF FF 00 10 0D 22 93 00 00 02 00 00 10 02 40 0C 00 00 32 8A 
00 FF FF 00 10 0D 22 93 00 00 02 00 00 10 02 41 0C 00 00 38 64 
00 FF FF 00 10 0D 22 93 00 00 02 00 00 10 02 43 0C 00 00 32 8A 
00 FF FF 00 10 0D 22 93 00 00 02 00 00 10 02 44 0C 00 00 2E 22 
00 FF FF 00 10 0D 22 93 00 00 02 00 00 10 02 46 0C 00 00 33 54 
00 FF FF 00 10 0D 22 93 00 00 02 00 00 10 02 47 0C 00 00 36 A4 
00 FF FF 00 10 0D 22 93 00 00 02 00 00 10 02 48 0C 00 00 2E D4 
00 FF FF 00 10 0D 22 93 00 00 02 00 00 10 02 49 0C 00 00 35 CA 
00 FF FF 00 10 0D 22 93 00 00 02 00 00 10 02 4A 0C 00 00 31 C4 
00 FF FF 00 10 0D 22 93 00 00 02 00 00 10 02 4D 0C 00 00 3B 22 
00 FF FF 00 10 0D 22 93 00 00 02 00 00 10 02 4E 0C 00 00 37 82 
00 FF FF 00 10 0D 22 93 00 00 02 00 00 10 02 4F 0C 00 00 2F 8A 
00 FF FF 00 10 0D 22 93 00 00 02 00 00 10 02 50 0C 00 00 31 C4 
00 FF FF 00 10 0D 22 93 00 00 02 00 00 10 02 53 0C 00 00 31 C4 
00 FF FF 00 10 0D 22 93 00 00 02 00 00 10 02 56 0C 00 00 2F 8A 
00 FF FF 00 10 0D 22 93 00 00 02 00 00 10 02 57 0C 00 00 2F 8A 
00 FF FF 00 10 0D 22 93 00 00 02 00 00 10 02 58 0C 00 00 34 22 
00 FF FF 00 10 0D 22 93 00 00 02 00 00 10 02 59 0C 00 00 37 82 
00 FF FF 00 10 0D 22 93 00 00 02 00 00 10 02 5A 0C 00 00 36 A4 
00 FF FF 00 10 0D 22 93 00 00 02 00 00 10 02 5B 0C 00 00 2F 8A 
00 FF FF 00 10 0D 22 93 00 00 02 00 00 10 02 5E 0C 00 00 32 8A 
00 FF FF 00 10 0D 22 93 00 00 02 00 00 10 02 5F 0C 00 00 32 8A 
00 FF FF 00 10 0D 22 93 00 00 02 00 00 10 02 61 0C 00 00 3C 14 
00 FF FF 00 10 0D 22 93 00 00 02 00 00 10 02 62 0C 00 00 39 4A 
00 FF FF 00 10 0D 22 93 00 00 02 00 00 10 02 65 0C 00 00 2F 8A 
00 FF FF 00 10 0D 22 93 00 00 02 00 00 10 02 66 0C 00 00 3C 14 
00 FF FF 00 10 0D 22 93 00 00 02 00 00 10 02 67 0C 00 00 3C 14 
00 FF FF 00 10 0D 22 93 00 00 02 00 00 10 02 68 0C 00 00 38 64 
00 FF FF 00 10 0D 22 93 00 00 02 00 00 10 02 69 0C 00 00 36 A4 
00 FF FF 00 10 0D 22 93 00 00 02 00 00 10 02 6A 0C 00 00 35 CA 
00 FF FF 00 10 0D 22 93 00 00 02 00 00 10 02 6B 0C 00 00 35 CA 
00 FF FF 00 10 0D 22 93 00 00 02 00 00 10 02 6C 0C 00 00 32 8A 
00 FF FF 00 10 0D 22 93 00 00 02 00 00 10 02 6D 0C 00 00 30 44 
00 FF FF 00 10 0D 22 93 00 00 02 00 00 10 02 6F 0C 00 00 38 64 
00 FF FF 00 10 0D 22 93 00 00 02 00 00 10 02 70 0C 00 00 34 22 
00 FF FF 00 10 0D 22 93 00 00 02 00 00 10 02 71 0C 00 00 2F 8A 
00 FF FF 00 10 0D 22 93 00 00 02 00 00 10 02 72 0C 00 00 3C 14 
00 FF FF 00 10 0D 22 93 00 00 02 00 00 10 02 73 0C 00 00 35 CA 
00 FF FF 00 10 0D 22 93 00 00 02 00 00 10 02 74 0C 00 00 34 22 
00 FF FF 00 10 0D 22 93 00 00 02 00 00 10 02 75 0C 00 00 2E 22 
00 FF FF 00 10 0D 22 93 00 00 02 00 00 10 02 76 0C 00 00 2F 8A 
00 FF FF 00 10 0D 22 93 00 00 02 00 00 10 02 77 0C 00 00 30 44 
00 FF FF 00 10 0D 22 93 00 00 02 00 00 10 02 78 0C 00 00 33 54 
00 FF FF 00 10 0D 22 93 00 00 02 00 00 10 02 79 0C 00 00 32 8A 
00 FF FF 00 10 0D 22 93 00 00 02 00 00 10 02 7A 0C 00 00 3C 14 
00 FF FF 00 10 0D 22 93 00 00 02 00 00 10 02 7B 0C 00 00 2D 74 
00 FF FF 00 10 0D 22 93 00 00 02 00 00 10 02 7C 0C 00 00 2D 74 
00 FF FF 00 10 0D 22 93 00 00 02 00 00 10 02 7F 0C 00 00 31 C4 
00 FF FF 00 10 0D 22 93 00 00 02 00 00 10 02 80 0C 00 00 2C CA 
00 FF FF 00 10 0D 22 93 00 00 02 00 00 10 02 81 0C 00 00 31 02 
00 FF FF 00 10 0D 22 93 00 00 02 00 00 10 02 82 0C 00 00 2E D4 
00 FF FF 00 10 0D 22 93 00 00 02 00 00 10 02 83 0C 00 00 2E D4 
00 FF FF 00 10 0D 22 93 00 00 02 00 00 10 02 84 0C 00 00 3D 0A 
00 FF FF 00 10 0D 22 93 00 00 02 00 00 10 02 8A 0C 00 00 1A FA 
00 FF FF 00 10 0D 22 93 00 00 02 00 00 10 02 8B 0C 00 00 2D 74 
00 FF FF 00 10 0D 22 93 00 00 02 00 00 10 02 8C 0C 00 00 1A A1 
00 FF FF 00 10 0D 22 93 00 00 02 00 00 10 02 8F 0C 00 00 1B 2A 
00 FF FF 00 10 0D 22 93 00 00 02 00 00 10 02 90 0C 00 00 1D D9 
00 FF FF 00 10 0D 22 93 00 00 02 00 00 10 02 91 0C 00 00 25 6D 
00 FF FF 00 10 0D 22 93 00 00 02 00 00 10 02 92 0C 00 00 30 44 
00 FF FF 00 10 0D 22 93 00 00 02 00 00 10 02 93 0C 00 00 39 4A 
00 FF FF 00 10 0D 22 93 00 00 02 00 00 10 02 94 0C 00 00 32 8A 
00 FF FF 00 10 0D 22 93 00 00 02 00 00 10 02 95 0C 00 00 36 78 
00 FF FF 00 10 0D 22 93 00 00 02 00 00 10 02 96 0C 00 00 17 14 
00 FF FF 00 10 0D 22 93 00 00 02 00 00 10 02 99 0C 00 00 2D 74 
00 FF FF 00 10 0D 22 93 00 00 02 00 00 10 02 9B 0C 00 00 39 4A 
00 FF FF 00 10 0D 22 93 00 00 02 00 00 10 02 9C 0C 00 00 30 44 
00 FF FF 00 10 0D 22 93 00 00 02 00 00 10 02 9D 0C 00 00 3A 34 
00 FF FF 00 10 0D 22 93 00 00 02 00 00 10 02 9E 0C 00 00 34 F4 
00 FF FF 00 10 0D 22 93 00 00 02 00 00 10 02 A0 0C 00 00 39 4A 
00 FF FF 00 10 0D 22 93 00 00 02 00 00 10 02 A1 0C 00 00 2F 8A 
00 FF FF 00 10 0D 22 93 00 00 02 00 00 10 02 A2 0C 00 00 33 54 
00 FF FF 00 10 0D 22 93 00 00 02 00 00 10 02 A4 0C 00 00 2F 8A 
00 FF FF 00 10 0D 22 93 00 00 02 00 00 10 02 A5 0C 00 00 35 CA 
00 FF FF 00 10 0D 22 93 00 00 02 00 00 10 02 A6 0C 00 00 39 4A 
00 FF FF 00 10 0D 22 93 00 00 02 00 00 10 02 A7 0C 00 00 35 CA 
00 FF FF 00 10 0D 22 93 00 00 02 00 00 10 02 A9 0C 00 00 36 A4 
00 FF FF 00 10 0D 22 93 00 00 02 00 00 10 02 AA 0C 00 00 2D 74 
00 FF FF 00 10 0D 22 93 00 00 02 00 00 10 02 AB 0C 00 00 38 64 
00 FF FF 00 10 0D 22 93 00 00 02 00 00 10 02 AC 0C 00 00 34 F4 
00 FF FF 00 10 0D 22 93 00 00 02 00 00 10 02 AD 0C 00 00 38 64 
00 FF FF 00 10 0D 22 93 00 00 02 00 00 10 02 AE 0C 00 00 31 02 
00 FF FF 00 10 0D 22 93 00 00 02 00 00 10 02 AF 0C 00 00 3C 14 
00 FF FF 00 10 0D 22 93 00 00 02 00 00 10 02 B0 0C 00 00 3C 14 
00 FF FF 00 10 0D 22 93 00 00 02 00 00 10 02 B1 0C 00 00 34 22 
00 FF FF 00 10 0D 22 93 00 00 02 00 00 10 02 B2 0C 00 00 35 CA 
00 FF FF 00 10 0D 22 93 00 00 02 00 00 10 02 B3 0C 00 00 39 4A 
00 FF FF 00 10 0D 22 93 00 00 02 00 00 10 02 B4 0C 00 00 30 44 
00 FF FF 00 10 0D 22 93 00 00 02 00 00 10 02 B5 0C 00 00 34 22 
00 FF FF 00 10 0D 22 93 00 00 02 00 00 10 02 B7 0C 00 00 31 C4 
00 FF FF 00 10 0D 22 93 00 00 02 00 00 10 02 B8 0C 00 00 2A 6B 
00 FF FF 00 10 0D 22 93 00 00 02 00 00 10 02 B9 0C 00 00 1E 1D 
00 FF FF 00 10 0D 22 93 00 00 02 00 00 10 02 BB 0C 00 00 1E AB 
00 FF FF 00 10 0D 22 93 00 00 02 00 00 10 02 BC 0C 00 00 32 15 
00 FF FF 00 10 0D 22 93 00 00 02 00 00 10 02 BD 0C 00 00 2D 74 
00 FF FF 00 10 0D 22 93 00 00 02 00 00 10 02 BE 0C 00 00 31 C4 
00 FF FF 00 10 0D 22 93 00 00 02 00 00 10 02 BF 0C 00 00 31 61 
00 FF FF 00 10 0D 22 93 00 00 02 00 00 10 02 C0 0C 00 00 33 E9 
00 FF FF 00 10 0D 22 93 00 00 02 00 00 10 02 C3 0C 00 00 1B 75 
00 FF FF 00 10 0D 22 93 00 00 02 00 00 10 02 C4 0C 00 00 21 33 
00 FF FF 00 10 0D 22 93 00 00 02 00 00 10 02 C5 0C 00 00 34 F4 
00 FF FF 00 10 0D 22 93 00 00 02 00 00 10 02 C6 0C 00 00 34 22 
00 FF FF 00 10 0D 22 93 00 00 02 00 00 10 02 C7 0C 00 00 38 64 
00 FF FF 00 10 0D 22 93 00 00 02 00 00 10 02 C8 0C 00 00 3B 1D 
00 FF FF 00 10 0D 22 93 00 00 02 00 00 10 02 C9 0C 00 00 2B 01 
00 FF FF 00 10 0D 22 93 00 00 02 00 00 10 02 CC 0C 00 00 3B 22 
00 FF FF 00 10 0D 22 93 00 00 02 00 00 10 02 CD 0C 00 00 32 8A 
00 FF FF 00 10 0D 22 93 00 00 02 00 00 10 02 CE 0C 00 00 31 C4 
00 FF FF 00 10 0D 22 93 00 00 02 00 00 10 02 D0 0C 00 00 3D 0A 
00 FF FF 00 10 0D 22 93 00 00 02 00 00 10 02 D1 0C 00 00 35 CA 
00 FF FF 00 10 0D 22 93 00 00 02 00 00 10 02 D2 0C 00 00 2D 74 
00 FF FF 00 10 0D 22 93 00 00 02 00 00 10 02 D3 0C 00 00 38 64 
00 FF FF 00 10 0D 22 93 00 00 02 00 00 10 02 D4 0C 00 00 39 4A 
00 FF FF 00 10 0D 22 93 00 00 02 00 00 10 02 D5 0C 00 00 32 8A 
00 FF FF 00 10 0D 22 93 00 00 02 00 00 10 02 D6 0C 00 00 2E D4 
00 FF FF 00 10 0D 22 93 00 00 02 00 00 10 02 D7 0C 00 00 34 22 
00 FF FF 00 10 0D 22 93 00 00 02 00 00 10 02 D8 0C 00 00 2E D4 
00 FF FF 00 10 0D 22 93 00 00 02 00 00 10 02 D9 0C 00 00 38 64 
00 FF FF 00 10 0D 22 93 00 00 02 00 00 10 02 DA 0C 00 00 38 64 
00 FF FF 00 10 0D 22 93 00 00 02 00 00 10 02 DB 0C 00 00 32 8A 
00 FF FF 00 10 0D 22 93 00 00 02 00 00 10 02 DC 0C 00 00 34 F4 
00 FF FF 00 10 0D 22 93 00 00 02 00 00 10 02 DE 0C 00 00 2E D4 
00 FF FF 00 10 0D 22 93 00 00 02 00 00 10 02 DF 0C 00 00 36 A4 
00 FF FF 00 10 0D 22 93 00 00 02 00 00 10 02 E0 0C 00 00 2D 74 
00 FF FF 00 10 0D 22 93 00 00 02 00 00 10 02 E2 0C 00 00 2C CA 
00 FF FF 00 10 0D 22 93 00 00 02 00 00 10 02 E3 0C 00 00 30 44 
00 FF FF 00 10 0D 22 93 00 00 02 00 00 10 02 E4 0C 00 00 3D 0A 
00 FF FF 00 10 0D 22 93 00 00 02 00 00 10 02 E6 0C 00 00 2F 8A 
00 FF FF 00 10 0D 22 93 00 00 02 00 00 10 02 E7 0C 00 00 2F 8A 
00 FF FF 00 10 0D 22 93 00 00 02 00 00 10 02 E8 0C 00 00 36 A4 
00 FF FF 00 10 0D 22 93 00 00 02 00 00 10 02 E9 0C 00 00 34 F4 
00 FF FF 00 10 0D 22 93 00 00 02 00 00 10 02 EA 0C 00 00 2E D4 
00 FF FF 00 10 0D 22 93 00 00 02 00 00 10 02 EB 0C 00 00 2C B8 
00 FF FF 00 10 0D 22 93 00 00 02 00 00 10 02 EF 0C 00 00 32 F9 
00 FF FF 00 10 0D 22 93 00 00 02 00 00 10 02 F1 0C 00 00 2D 74 
00 FF FF 00 10 0D 22 93 00 00 02 00 00 10 02 F2 0C 00 00 30 44 
00 FF FF 00 10 0D 22 93 00 00 02 00 00 10 02 F3 0C 00 00 36 88 
00 FF FF 00 10 0D 22 93 00 00 02 00 00 10 02 F4 0C 00 00 21 7C 
00 FF FF 00 10 0D 22 93 00 00 02 00 00 10 02 F5 0C 00 00 1B BD 
00 FF FF 00 10 0D 22 93 00 00 02 00 00 10 02 F7 0C 00 00 2A 11 
00 FF FF 00 10 0D 22 93 00 00 02 00 00 10 02 F8 0C 00 00 37 82 
00 FF FF 00 10 0D 22 93 00 00 02 00 00 10 02 F9 0C 00 00 34 22 
00 FF FF 00 10 0D 22 93 00 00 02 00 00 10 02 FA 0C 00 00 35 DD 
00 FF FF 00 10 0D 22 93 00 00 02 00 00 10 02 FB 0C 00 00 2A AB 
00 FF FF 00 10 0D 22 93 00 00 02 00 00 10 02 FC 0C 00 00 2C B1 
00 FF FF 00 10 0D 22 93 00 00 02 00 00 10 02 FD 0C 00 00 1D A5 
00 FF FF 00 10 0D 22 93 00 00 02 00 00 10 02 FF 0C 00 00 14 97 
00 FF FF 00 10 0D 22 93 00 00 02 00 00 10 03 00 0C 00 00 31 49 
00 FF FF 00 10 0D 22 93 00 00 02 00 00 10 03 01 0C 00 00 2D 74 
00 FF FF 00 10 0D 22 93 00 00 02 00 00 10 03 04 0C 00 00 2C 75 
00 FF FF 00 10 0D 22 93 00 00 02 00 00 10 03 05 0C 00 00 18 14 
00 FF FF 00 10 0D 22 93 00 00 02 00 00 10 03 06 0C 00 00 16 DF 
00 FF FF 00 10 0D 22 93 00 00 02 00 00 10 03 08 0C 00 00 1E A2 
00 FF FF 00 10 0D 22 93 00 00 02 00 00 10 03 09 0C 00 00 1E 5D 
00 FF FF 00 10 0D 22 93 00 00 02 00 00 10 03 0A 0C 00 00 2E D4 
00 FF FF 00 10 0D 22 93 00 00 02 00 00 10 03 0B 0C 00 00 18 F9 
00 FF FF 00 10 0D 22 93 00 00 02 00 00 10 03 0C 0C 00 00 1B 63 
00 FF FF 00 10 0D 22 93 00 00 02 00 00 10 03 0D 0C 00 00 2D 28 
00 FF FF 00 10 0D 22 93 00 00 02 00 00 10 03 0E 0C 00 00 1E 1B 
00 FF FF 00 10 0D 22 93 00 00 02 00 00 10 03 0F 0C 00 00 16 9D 
00 FF FF 00 10 0D 22 93 00 00 02 00 00 10 03 10 0C 00 00 1F 5B 
00 FF FF 00 10 0D 22 93 00 00 02 00 00 10 03 11 0C 00 00 35 B9 
00 FF FF 00 10 0D 22 93 00 00 02 00 00 10 03 12 0C 00 00 31 02 
00 FF FF 00 10 0D 22 93 00 00 02 00 00 10 03 13 0C 00 00 29 79 
00 FF FF 00 10 0D 22 93 00 00 02 00 00 10 03 14 0C 00 00 2E D4 
00 FF FF 00 10 0D 22 93 00 00 02 00 00 10 03 15 0C 00 00 20 12 
00 FF FF 00 10 0D 22 93 00 00 02 00 00 10 03 16 0C 00 00 12 38 
00 FF FF 00 10 0D 22 93 00 00 02 00 00 10 03 18 0C 00 00 19 55 
00 FF FF 00 10 0D 22 93 00 00 02 00 00 10 03 19 0C 00 00 24 99 
00 FF FF 00 10 0D 22 93 00 00 02 00 00 10 03 1A 0C 00 00 2E 22 
00 FF FF 00 10 0D 22 93 00 00 02 00 00 10 03 1B 0C 00 00 2E D4 
00 FF FF 00 10 0D 22 93 00 00 02 00 00 10 03 1C 0C 00 00 3B 22 
00 FF FF 00 10 0D 22 93 00 00 02 00 00 10 03 1D 0C 00 00 3D 0A 
00 FF FF 00 10 0D 22 93 00 00 02 00 00 10 03 1E 0C 00 00 39 4A 
00 FF FF 00 10 0D 22 93 00 00 02 00 00 10 03 1F 0C 00 00 32 8A 
00 FF FF 00 10 0D 22 93 00 00 02 00 00 10 03 20 0C 00 00 2E D4 
00 FF FF 00 10 0D 22 93 00 00 02 00 00 10 03 21 0C 00 00 2F 8A 
00 FF FF 00 10 0D 22 93 00 00 02 00 00 10 03 22 0C 00 00 33 54 
00 FF FF 00 10 0D 22 93 00 00 02 00 00 10 03 23 0C 00 00 32 8A 
00 FF FF 00 10 0D 22 93 00 00 02 00 00 10 03 24 0C 00 00 37 82 
00 FF FF 00 10 0D 22 93 00 00 02 00 00 10 03 25 0C 00 00 36 A4 
00 FF FF 00 10 0D 22 93 00 00 02 00 00 10 03 26 0C 00 00 34 22 
00 FF FF 00 10 0D 22 93 00 00 02 00 00 10 03 27 0C 00 00 32 8A 
00 FF FF 00 10 0D 22 93 00 00 02 00 00 10 03 29 0C 00 00 38 64 
00 FF FF 00 10 0D 22 93 00 00 02 00 00 10 03 2A 0C 00 00 37 82 
00 FF FF 00 10 0D 22 93 00 00 02 00 00 10 03 2C 0C 00 00 3D 0A 
00 FF FF 00 10 0D 22 93 00 00 02 00 00 10 03 2D 0C 00 00 3C 14 
00 FF FF 00 10 0D 22 93 00 00 02 00 00 10 03 2E 0C 00 00 3A 34 
00 FF FF 00 10 0D 22 93 00 00 02 00 00 10 03 2F 0C 00 00 2B 82 
00 FF FF 00 10 0D 22 93 00 00 02 00 00 10 03 30 0C 00 00 34 F4 
00 FF FF 00 10 0D 22 93 00 00 02 00 00 10 03 32 0C 00 00 2E D4 
00 FF FF 00 10 0D 22 93 00 00 02 00 00 10 03 33 0C 00 00 2E D4 
00 FF FF 00 10 0D 22 93 00 00 02 00 00 10 03 34 0C 00 00 30 44 
00 FF FF 00 10 0D 22 93 00 00 02 00 00 10 03 35 0C 00 00 34 22 
00 FF FF 00 10 0D 22 93 00 00 02 00 00 10 03 37 0C 00 00 2D 74 
00 FF FF 00 10 0D 22 93 00 00 02 00 00 10 03 38 0C 00 00 3C 14 
00 FF FF 00 10 0D 22 93 00 00 02 00 00 10 03 39 0C 00 00 39 4A 
00 FF FF 00 10 0D 22 93 00 00 02 00 00 10 03 3A 0C 00 00 3C 14 
00 FF FF 00 10 0D 22 93 00 00 02 00 00 10 03 3B 0C 00 00 3B 22 
00 FF FF 00 10 0D 22 93 00 00 02 00 00 10 03 3D 0C 00 00 34 F4 
00 FF FF 00 10 0D 22 93 00 00 02 00 00 10 03 3F 0C 00 00 30 44 
00 FF FF 00 10 0D 22 93 00 00 02 00 00 10 03 40 0C 00 00 3A 34 
00 FF FF 00 10 0D 22 93 00 00 02 00 00 10 03 41 0C 00 00 34 22 
00 FF FF 00 10 0D 22 93 00 00 02 00 00 10 03 42 0C 00 00 39 4A 
00 FF FF 00 10 0D 22 93 00 00 02 00 00 10 03 44 0C 00 00 34 22 
00 FF FF 00 10 0D 22 93 00 00 02 00 00 10 03 45 0C 00 00 33 54 
00 FF FF 00 10 0D 22 93 00 00 02 00 00 10 03 46 0C 00 00 36 A4 
00 FF FF 00 10 0D 22 93 00 00 02 00 00 10 03 47 0C 00 00 35 CA 
00 FF FF 00 10 0D 22 93 00 00 02 00 00 10 03 48 0C 00 00 33 54 
00 FF FF 00 10 0D 22 93 00 00 02 00 00 10 03 49 0C 00 00 2D 74 
00 FF FF 00 10 0D 22 93 00 00 02 00 00 10 03 4C 0C 00 00 32 8A 
00 FF FF 00 10 0D 22 93 00 00 02 00 00 10 03 4E 0C 00 00 32 8A 
00 FF FF 00 10 0D 22 93 00 00 02 00 00 10 03 50 0C 00 00 3B 22 
00 FF FF 00 10 0D 22 93 00 00 02 00 00 10 03 51 0C 00 00 34 22 
00 FF FF 00 10 0D 22 93 00 00 02 00 00 10 03 52 0C 00 00 31 C4 
00 FF FF 00 10 0D 22 93 00 00 02 00 00 10 03 54 0C 00 00 2E D4 
00 FF FF 00 10 0D 22 93 00 00 02 00 00 10 03 55 0C 00 00 32 8A 
00 FF FF 00 10 0D 22 93 00 00 02 00 00 10 03 56 0C 00 00 34 F4 
00 FF FF 00 10 0D 22 93 00 00 02 00 00 10 03 58 0C 00 00 3C 14 
00 FF FF 00 10 0D 22 93 00 00 02 00 00 10 03 5A 0C 00 00 18 99 
00 FF FF 00 10 0D 22 93 00 00 02 00 00 10 03 5B 0C 00 00 1A 69 
00 FF FF 00 10 0D 22 93 00 00 02 00 00 10 03 5F 0C 00 00 15 5E 
00 FF FF 00 10 0D 22 93 00 00 02 00 00 10 03 60 0C 00 00 18 5D 
00 FF FF 00 10 0D 22 93 00 00 02 00 00 10 03 61 0C 00 00 32 8A 
00 FF FF 00 10 0D 22 93 00 00 02 00 00 10 03 62 0C 00 00 2C C9 
00 FF FF 00 10 0D 22 93 00 00 02 00 00 10 03 63 0C 00 00 21 DB 
00 FF FF 00 10 0D 22 93 00 00 02 00 00 10 03 66 0C 00 00 22 79 
00 FF FF 00 10 0D 22 93 00 00 02 00 00 10 03 67 0C 00 00 2F 8A 
00 FF FF 00 10 0D 22 93 00 00 02 00 00 10 03 68 0C 00 00 32 8A 
00 FF FF 00 10 0D 22 93 00 00 02 00 00 10 03 6A 0C 00 00 16 74 
00 FF FF 00 10 0D 22 93 00 00 02 00 00 10 03 6B 0C 00 00 27 4D 
00 FF FF 00 10 0D 22 93 00 00 02 00 00 10 03 6D 0C 00 00 38 64 
00 FF FF 00 10 0D 22 93 00 00 02 00 00 10 03 6E 0C 00 00 34 22 
00 FF FF 00 10 0D 22 93 00 00 02 00 00 10 03 70 0C 00 00 34 F4 
00 FF FF 00 10 0D 22 93 00 00 02 00 00 10 03 72 0C 00 00 3B 22 
00 FF FF 00 10 0D 22 93 00 00 02 00 00 10 03 73 0C 00 00 36 A4 
00 FF FF 00 10 0D 22 93 00 00 02 00 00 10 03 74 0C 00 00 31 02 
00 FF FF 00 10 0D 22 93 00 00 02 00 00 10 03 76 0C 00 00 31 02 
00 FF FF 00 10 0D 22 93 00 00 02 00 00 10 03 77 0C 00 00 34 F4 
00 FF FF 00 10 0D 22 93 00 00 02 00 00 10 03 78 0C 00 00 36 A4 
00 FF FF 00 10 0D 22 93 00 00 02 00 00 10 03 79 0C 00 00 31 C4 
00 FF FF 00 10 0D 22 93 00 00 02 00 00 10 03 7A 0C 00 00 2D 74 
00 FF FF 00 10 0D 22 93 00 00 02 00 00 10 03 7B 0C 00 00 37 82 
00 FF FF 00 10 0D 22 93 00 00 02 00 00 10 03 7C 0C 00 00 30 44 
00 FF FF 00 10 0D 22 93 00 00 02 00 00 10 03 7F 0C 00 00 3B 22 
00 FF FF 00 10 0D 22 93 00 00 02 00 00 10 03 80 0C 00 00 34 F4 
00 FF FF 00 10 0D 22 93 00 00 02 00 00 10 03 81 0C 00 00 31 02 
00 FF FF 00 10 0D 22 93 00 00 02 00 00 10 03 82 0C 00 00 39 4A 
00 FF FF 00 10 0D 22 93 00 00 02 00 00 10 03 83 0C 00 00 30 44 
00 FF FF 00 10 0D 22 93 00 00 02 00 00 10 03 84 0C 00 00 39 4A 
00 FF FF 00 10 0D 22 93 00 00 02 00 00 10 03 85 0C 00 00 33 54 
00 FF FF 00 10 0D 22 93 00 00 02 00 00 10 03 86 0C 00 00 3A 34 
00 FF FF 00 10 0D 22 93 00 00 02 00 00 10 03 87 0C 00 00 36 A4 
00 FF FF 00 10 0D 22 93 00 00 02 00 00 10 03 88 0C 00 00 2E D4 
00 FF FF 00 10 0D 22 93 00 00 02 00 00 10 03 89 0C 00 00 23 E9 
00 FF FF 00 10 0D 22 93 00 00 02 00 00 10 03 8A 0C 00 00 35 CA 
00 FF FF 00 10 0D 22 93 00 00 02 00 00 10 03 8B 0C 00 00 34 22 
00 FF FF 00 10 0D 22 93 00 00 02 00 00 10 03 8C 0C 00 00 31 02 
00 FF FF 00 10 0D 22 93 00 00 02 00 00 10 03 8D 0C 00 00 2E 22 
00 FF FF 00 10 0D 22 93 00 00 02 00 00 10 03 8E 0C 00 00 2E D4 
00 FF FF 00 10 0D 22 93 00 00 02 00 00 10 03 8F 0C 00 00 34 22 
00 FF FF 00 10 0D 22 93 00 00 02 00 00 10 03 90 0C 00 00 39 4A 
00 FF FF 00 10 0D 22 93 00 00 02 00 00 10 03 92 0C 00 00 3A 34 
00 FF FF 00 10 0D 22 93 00 00 02 00 00 10 03 94 0C 00 00 33 54 
00 FF FF 00 10 0D 22 93 00 00 02 00 00 10 03 95 0C 00 00 1A BE 
00 FF FF 00 10 0D 22 93 00 00 02 00 00 10 03 96 0C 00 00 34 22 
00 FF FF 00 10 0D 22 93 00 00 02 00 00 10 03 99 0C 00 00 2E D4 
00 FF FF 00 10 0D 22 93 00 00 02 00 00 10 03 9B 0C 00 00 31 C4 
00 FF FF 00 10 0D 22 93 00 00 02 00 00 10 03 9C 0C 00 00 34 22 
00 FF FF 00 10 0D 22 93 00 00 02 00 00 10 03 9E 0C 00 00 2A 6B 
00 FF FF 00 10 0D 22 93 00 00 02 00 00 10 03 9F 0C 00 00 1E 65 
00 FF FF 00 10 0D 22 93 00 00 02 00 00 10 03 A0 0C 00 00 16 4D 
00 FF FF 00 10 0D 22 93 00 00 02 00 00 10 03 A1 0C 00 00 1A 3D 
00 FF FF 00 10 0D 22 93 00 00 02 00 00 10 03 A2 0C 00 00 32 ED 
00 FF FF 00 10 0D 22 93 00 00 02 00 00 10 03 A3 0C 00 00 39 4A 
00 FF FF 00 10 0D 22 93 00 00 02 00 00 10 03 A5 0C 00 00 33 54 
00 FF FF 00 10 0D 22 93 00 00 02 00 00 10 03 A6 0C 00 00 33 DB 
00 FF FF 00 10 0D 22 93 00 00 02 00 00 10 03 A7 0C 00 00 1F 86 
00 FF FF 00 10 0D 22 93 00 00 02 00 00 10 03 A8 0C 00 00 18 95 
00 FF FF 00 10 0D 22 93 00 00 02 00 00 10 03 AA 0C 00 00 2C 33 
00 FF FF 00 10 0D 22 93 00 00 02 00 00 10 03 AB 0C 00 00 2E 22 
00 FF FF 00 10 0D 22 93 00 00 02 00 00 10 03 AC 0C 00 00 38 64 
00 FF FF 00 10 0D 22 93 00 00 02 00 00 10 03 AD 0C 00 00 18 E5 
00 FF FF 00 10 0D 22 93 00 00 02 00 00 10 03 AE 0C 00 00 2F 4A 
00 FF FF 00 10 0D 22 93 00 00 02 00 00 10 03 AF 0C 00 00 26 1B 
00 FF FF 00 10 0D 22 93 00 00 02 00 00 10 03 B0 0C 00 00 1C 49 
00 FF FF 00 10 0D 22 93 00 00 02 00 00 10 03 B2 0C 00 00 23 E1 
00 FF FF 00 10 0D 22 93 00 00 02 00 00 10 03 B3 0C 00 00 26 57 
00 FF FF 00 10 0D 22 93 00 00 02 00 00 10 03 B4 0C 00 00 31 C4 
00 FF FF 00 10 0D 22 93 00 00 02 00 00 10 03 B5 0C 00 00 34 F4 
00 FF FF 00 10 0D 22 93 00 00 02 00 00 10 03 B6 0C 00 00 3B 22 
00 FF FF 00 10 0D 22 93 00 00 02 00 00 10 03 B8 0C 00 00 13 B6 
00 FF FF 00 10 0D 22 93 00 00 02 00 00 10 03 B9 0C 00 00 34 F4 
00 FF FF 00 10 0D 22 93 00 00 02 00 00 10 03 BA 0C 00 00 2D 74 
00 FF FF 00 10 0D 22 93 00 00 02 00 00 10 03 BB 0C 00 00 33 54 
00 FF FF 00 10 0D 22 93 00 00 02 00 00 10 03 BC 0C 00 00 39 4A 
00 FF FF 00 10 0D 22 93 00 00 02 00 00 10 03 BE 0C 00 00 38 64 
00 FF FF 00 10 0D 22 93 00 00 02 00 00 10 03 BF 0C 00 00 3A 34 
00 FF FF 00 10 0D 22 93 00 00 02 00 00 10 03 C0 0C 00 00 32 8A 
00 FF FF 00 10 0D 22 93 00 00 02 00 00 10 03 C1 0C 00 00 32 8A 
00 FF FF 00 10 0D 22 93 00 00 02 00 00 10 03 C2 0C 00 00 34 22 
00 FF FF 00 10 0D 22 93 00 00 02 00 00 10 03 C3 0C 00 00 2E 22 
00 FF FF 00 10 0D 22 93 00 00 02 00 00 10 03 C4 0C 00 00 2D 74 
00 FF FF 00 10 0D 22 93 00 00 02 00 00 10 03 C5 0C 00 00 38 64 
00 FF FF 00 10 0D 22 93 00 00 02 00 00 10 03 C6 0C 00 00 32 8A 
00 FF FF 00 10 0D 22 93 00 00 02 00 00 10 03 C7 0C 00 00 32 8A 
00 FF FF 00 10 0D 22 93 00 00 02 00 00 10 03 C8 0C 00 00 3B 22 
00 FF FF 00 10 0D 22 93 00 00 02 00 00 10 03 C9 0C 00 00 2E 22 
00 FF FF 00 10 0D 22 93 00 00 02 00 00 10 03 CB 0C 00 00 1A C1 
00 FF FF 00 10 0D 22 93 00 00 02 00 00 10 03 CC 0C 00 00 24 FB 
00 FF FF 00 10 0D 22 93 00 00 02 00 00 10 03 CD 0C 00 00 14 19 
00 FF FF 00 10 0D 22 93 00 00 02 00 00 10 03 CE 0C 00 00 37 82 
00 FF FF 00 10 0D 22 93 00 00 02 00 00 10 03 CF 0C 00 00 2D 74 
00 FF FF 00 10 0D 22 93 00 00 02 00 00 10 03 D0 0C 00 00 38 64 
00 FF FF 00 10 0D 22 93 00 00 02 00 00 10 03 D1 0C 00 00 2B C5 
00 FF FF 00 10 0D 22 93 00 00 02 00 00 10 03 D3 0C 00 00 1B 5D 
00 FF FF 00 10 0D 22 93 00 00 02 00 00 10 03 D5 0C 00 00 2A 4B 
00 FF FF 00 10 0D 22 93 00 00 02 00 00 10 03 D6 0C 00 00 31 02 
00 FF FF 00 10 0D 22 93 00 00 02 00 00 10 03 D7 0C 00 00 34 22 
00 FF FF 00 10 0D 22 93 00 00 02 00 00 10 03 D8 0C 00 00 34 22 
00 FF FF 00 10 0D 22 93 00 00 02 00 00 10 03 D9 0C 00 00 2E D4 
00 FF FF 00 10 0D 22 93 00 00 02 00 00 10 03 DA 0C 00 00 30 44 
00 FF FF 00 10 0D 22 93 00 00 02 00 00 10 03 DB 0C 00 00 31 02 
00 FF FF 00 10 0D 22 93 00 00 02 00 00 10 03 DC 0C 00 00 2E 22 
00 FF FF 00 10 0D 22 93 00 00 02 00 00 10 03 DD 0C 00 00 31 C4 
00 FF FF 00 10 0D 22 93 00 00 02 00 00 10 03 DE 0C 00 00 3C 14 
00 FF FF 00 10 0D 22 93 00 00 02 00 00 10 03 DF 0C 00 00 39 4A 
00 FF FF 00 10 0D 22 93 00 00 02 00 00 10 03 E2 0C 00 00 37 82 
00 FF FF 00 10 0D 22 93 00 00 02 00 00 10 03 E4 0C 00 00 3A 34 
00 FF FF 00 10 0D 22 93 00 00 02 00 00 10 03 E6 0C 00 00 33 54 
00 FF FF 00 10 0D 22 93 00 00 02 00 00 10 03 E7 0C 00 00 35 CA 
00 FF FF 00 10 0D 22 93 00 00 02 00 00 10 03 E8 0C 00 00 3B 22 
00 FF FF 00 10 0D 22 93 00 00 02 00 00 10 03 E9 0C 00 00 33 54 
00 FF FF 00 10 0D 22 93 00 00 02 00 00 10 03 EA 0C 00 00 3D 0A 
00 FF FF 00 10 0D 22 93 00 00 02 00 00 10 03 EB 0C 00 00 38 64 
00 FF FF 00 10 0D 22 93 00 00 02 00 00 10 03 EE 0C 00 00 34 F4 
00 FF FF 00 10 0D 22 93 00 00 02 00 00 10 03 EF 0C 00 00 37 82 
00 FF FF 00 10 0D 22 93 00 00 02 00 00 10 03 F0 0C 00 00 36 A4 
00 FF FF 00 10 0D 22 93 00 00 02 00 00 10 03 F1 0C 00 00 2D 74 
00 FF FF 00 10 0D 22 93 00 00 02 00 00 10 03 F2 0C 00 00 38 64 
00 FF FF 00 10 0D 22 93 00 00 02 00 00 10 03 F3 0C 00 00 32 8A 
00 FF FF 00 10 0D 22 93 00 00 02 00 00 10 03 F4 0C 00 00 34 22 
00 FF FF 00 10 0D 22 93 00 00 02 00 00 10 03 F5 0C 00 00 35 CA 
00 FF FF 00 10 0D 22 93 00 00 02 00 00 10 03 F7 0C 00 00 36 A4 
00 FF FF 00 10 0D 22 93 00 00 02 00 00 10 03 F8 0C 00 00 3A 34 
00 FF FF 00 10 0D 22 93 00 00 02 00 00 10 03 F9 0C 00 00 34 22 
00 FF FF 00 10 0D 22 93 00 00 02 00 00 10 03 FA 0C 00 00 31 C4 
00 FF FF 00 10 0D 22 93 00 00 02 00 00 10 03 FB 0C 00 00 37 6A 
00 FF FF 00 10 0D 22 93 00 00 02 00 00 10 03 FC 0C 00 00 23 69 
00 FF FF 00 10 0D 22 93 00 00 02 00 00 10 03 FD 0C 00 00 19 C1 
00 FF FF 00 10 0D 22 93 00 00 02 00 00 10 03 FE 0C 00 00 1E 65 
00 FF FF 00 10 0D 22 93 00 00 02 00 00 10 04 01 0C 00 00 35 CA 
00 FF FF 00 10 0D 22 93 00 00 02 00 00 10 04 02 0C 00 00 38 64 
00 FF FF 00 10 0D 22 93 00 00 02 00 00 10 04 03 0C 00 00 3A 34 
00 FF FF 00 10 0D 22 93 00 00 02 00 00 10 04 05 0C 00 00 20 09 
00 FF FF 00 10 0D 22 93 00 00 02 00 00 10 04 07 0C 00 00 12 49 
00 FF FF 00 10 0D 22 93 00 00 02 00 00 10 04 08 0C 00 00 27 71 
00 FF FF 00 10 0D 22 93 00 00 02 00 00 10 04 09 0C 00 00 2F 8A 
00 FF FF 00 10 0D 22 93 00 00 02 00 00 10 04 0A 0C 00 00 30 44 
00 FF FF 00 10 0D 22 93 00 00 02 00 00 10 04 0B 0C 00 00 31 C4 
00 FF FF 00 10 0D 22 93 00 00 02 00 00 10 04 0C 0C 00 00 32 15 
00 FF FF 00 10 0D 22 93 00 00 02 00 00 10 04 0D 0C 00 00 25 95 
00 FF FF 00 10 0D 22 93 00 00 02 00 00 10 04 0F 0C 00 00 1E 41 
00 FF FF 00 10 0D 22 93 00 00 02 00 00 10 04 10 0C 00 00 27 71 
00 FF FF 00 10 0D 22 93 00 00 02 00 00 10 04 11 0C 00 00 34 E1 
00 FF FF 00 10 0D 22 93 00 00 02 00 00 10 04 12 0C 00 00 32 8A 
00 FF FF 00 10 0D 22 93 00 00 02 00 00 10 04 13 0C 00 00 31 C4 
00 FF FF 00 10 0D 22 93 00 00 02 00 00 10 04 14 0C 00 00 31 C4 
00 FF FF 00 10 0D 22 93 00 00 02 00 00 10 04 15 0C 00 00 2F 8A 
00 FF FF 00 10 0D 22 93 00 00 02 00 00 10 04 16 0C 00 00 2F 8A 
00 FF FF 00 10 0D 22 93 00 00 02 00 00 10 04 19 0C 00 00 39 4A 
00 FF FF 00 10 0D 22 93 00 00 02 00 00 10 04 1C 0C 00 00 3C 14 
00 FF FF 00 10 0D 22 93 00 00 02 00 00 10 04 1D 0C 00 00 34 22 
00 FF FF 00 10 0D 22 93 00 00 02 00 00 10 04 1E 0C 00 00 2E 22 
00 FF FF 00 10 0D 22 93 00 00 02 00 00 10 04 1F 0C 00 00 37 82 
00 FF FF 00 10 0D 22 93 00 00 02 00 00 10 04 20 0C 00 00 38 64 
00 FF FF 00 10 0D 22 93 00 00 02 00 00 10 04 21 0C 00 00 31 C4 
00 FF FF 00 10 0D 22 93 00 00 02 00 00 10 04 22 0C 00 00 33 54 
00 FF FF 00 10 0D 22 93 00 00 02 00 00 10 04 23 0C 00 00 31 C4 
00 FF FF 00 10 0D 22 93 00 00 02 00 00 10 04 24 0C 00 00 30 44 
00 FF FF 00 10 0D 22 93 00 00 02 00 00 10 04 25 0C 00 00 3D 0A 
00 FF FF 00 10 0D 22 93 00 00 02 00 00 10 04 26 0C 00 00 36 A4 
00 FF FF 00 10 0D 22 93 00 00 02 00 00 10 04 27 0C 00 00 2E 22 
00 FF FF 00 10 0D 22 93 00 00 02 00 00 10 04 28 0C 00 00 2D 74 
00 FF FF 00 10 0D 22 93 00 00 02 00 00 10 04 2A 0C 00 00 35 CA 
00 FF FF 00 10 0D 22 93 00 00 02 00 00 10 04 2B 0C 00 00 3C 14 
00 FF FF 00 10 0D 22 93 00 00 02 00 00 10 04 2C 0C 00 00 31 02 
00 FF FF 00 10 0D 22 93 00 00 02 00 00 10 04 2D 0C 00 00 31 C4 
00 FF FF 00 10 0D 22 93 00 00 02 00 00 10 04 2E 0C 00 00 30 44 
00 FF FF 00 10 0D 22 93 00 00 02 00 00 10 04 30 0C 00 00 30 44 
00 FF FF 00 10 0D 22 93 00 00 02 00 00 10 04 32 0C 00 00 32 8A 
00 FF FF 00 10 0D 22 93 00 00 02 00 00 10 04 33 0C 00 00 32 45 
00 FF FF 00 10 0D 22 93 00 00 02 00 00 10 04 34 0C 00 00 2F 8A 
00 FF FF 00 10 0D 22 93 00 00 02 00 00 10 04 35 0C 00 00 31 02 
00 FF FF 00 10 0D 22 93 00 00 02 00 00 10 04 36 0C 00 00 2F 31 
00 FF FF 00 10 0D 22 93 00 00 02 00 00 10 04 37 0C 00 00 2C E5 
00 FF FF 00 10 0D 22 93 00 00 02 00 00 10 04 38 0C 00 00 21 35 
00 FF FF 00 10 0D 22 93 00 00 02 00 00 10 04 39 0C 00 00 1C 9D 
00 FF FF 00 10 0D 22 93 00 00 02 00 00 10 04 3A 0C 00 00 1C 4D 
00 FF FF 00 10 0D 22 93 00 00 02 00 00 10 04 3C 0C 00 00 33 54 
00 FF FF 00 10 0D 22 93 00 00 02 00 00 10 04 3D 0C 00 00 39 4A 
00 FF FF 00 10 0D 22 93 00 00 02 00 00 10 04 3E 0C 00 00 33 54 
00 FF FF 00 10 0D 22 93 00 00 02 00 00 10 04 3F 0C 00 00 2C 47 
00 FF FF 00 10 0D 22 93 00 00 02 00 00 10 04 40 0C 00 00 14 24 
00 FF FF 00 10 0D 22 93 00 00 02 00 00 10 04 41 0C 00 00 1B B9 
00 FF FF 00 10 0D 22 93 00 00 02 00 00 10 04 42 0C 00 00 18 21 
00 FF FF 00 10 0D 22 93 00 00 02 00 00 10 04 43 0C 00 00 1E C5 
00 FF FF 00 10 0D 22 93 00 00 02 00 00 10 04 44 0C 00 00 2F 2E 
00 FF FF 00 10 0D 22 93 00 00 02 00 00 10 04 46 0C 00 00 33 54 
00 FF FF 00 10 0D 22 93 00 00 02 00 00 10 04 47 0C 00 00 32 8A 
00 FF FF 00 10 0D 22 93 00 00 02 00 00 10 04 48 0C 00 00 29 2C 
00 FF FF 00 10 0D 22 93 00 00 02 00 00 10 04 49 0C 00 00 20 39 
00 FF FF 00 10 0D 22 93 00 00 02 00 00 10 04 4C 0C 00 00 26 BD 
00 FF FF 00 10 0D 22 93 00 00 02 00 00 10 04 50 0C 00 00 31 02 
00 FF FF 00 10 0D 22 93 00 00 02 00 00 10 04 51 0C 00 00 38 64 
00 FF FF 00 10 0D 22 93 00 00 02 00 00 10 04 53 0C 00 00 3B 22 
00 FF FF 00 10 0D 22 93 00 00 02 00 00 10 04 56 0C 00 00 32 8A 
00 FF FF 00 10 0D 22 93 00 00 02 00 00 10 04 57 0C 00 00 3A 34 
00 FF FF 00 10 0D 22 93 00 00 02 00 00 10 04 58 0C 00 00 34 22 
00 FF FF 00 10 0D 22 93 00 00 02 00 00 10 04 59 0C 00 00 36 A4 
00 FF FF 00 10 0D 22 93 00 00 02 00 00 10 04 5A 0C 00 00 2E 22 
00 FF FF 00 10 0D 22 93 00 00 02 00 00 10 04 5B 0C 00 00 33 54 
00 FF FF 00 10 0D 22 93 00 00 02 00 00 10 04 5C 0C 00 00 3B 22 
00 FF FF 00 10 0D 22 93 00 00 02 00 00 10 04 5D 0C 00 00 37 82 
00 FF FF 00 10 0D 22 93 00 00 02 00 00 10 04 5E 0C 00 00 34 22 
00 FF FF 00 10 0D 22 93 00 00 02 00 00 10 04 5F 0C 00 00 31 C4 
00 FF FF 00 10 0D 22 93 00 00 02 00 00 10 04 60 0C 00 00 34 22 
00 FF FF 00 10 0D 22 93 00 00 02 00 00 10 04 61 0C 00 00 30 44 
00 FF FF 00 10 0D 22 93 00 00 02 00 00 10 04 62 0C 00 00 3C 14 
00 FF FF 00 10 0D 22 93 00 00 02 00 00 10 04 63 0C 00 00 2D 74 
00 FF FF 00 10 0D 22 93 00 00 02 00 00 10 04 65 0C 00 00 08 27 
00 FF FF 00 10 0D 22 93 00 00 02 00 00 10 04 66 0C 00 00 15 E2 
00 FF FF 00 10 0D 22 93 00 00 02 00 00 10 04 6B 0C 00 00 2C CA 
00 FF FF 00 10 0D 22 93 00 00 02 00 00 10 04 6C 0C 00 00 1C B6 
00 FF FF 00 10 0D 22 93 00 00 02 00 00 10 04 6D 0C 00 00 17 F5 
00 FF FF 00 10 0D 22 93 00 00 02 00 00 10 04 6F 0C 00 00 35 CA 
00 FF FF 00 10 0D 22 93 00 00 02 00 00 10 04 70 0C 00 00 33 54 
00 FF FF 00 10 0D 22 93 00 00 02 00 00 10 04 71 0C 00 00 3B 22 
00 FF FF 00 10 0D 22 93 00 00 02 00 00 10 04 72 0C 00 00 32 8A 
00 FF FF 00 10 0D 22 93 00 00 02 00 00 10 04 74 0C 00 00 34 22 
00 FF FF 00 10 0D 22 93 00 00 02 00 00 10 04 79 0C 00 00 3D 0A 
00 FF FF 00 10 0D 22 93 00 00 02 00 00 10 04 7A 0C 00 00 36 A4 
00 FF FF 00 10 0D 22 93 00 00 02 00 00 10 04 7B 0C 00 00 36 A4 
00 FF FF 00 10 0D 22 93 00 00 02 00 00 10 04 7C 0C 00 00 31 C4 
00 FF FF 00 10 0D 22 93 00 00 02 00 00 10 04 7E 0C 00 00 2C CA 
00 FF FF 00 10 0D 22 93 00 00 02 00 00 10 04 81 0C 00 00 2D 74 
00 FF FF 00 10 0D 22 93 00 00 02 00 00 10 04 82 0C 00 00 3C 14 
00 FF FF 00 10 0D 22 93 00 00 02 00 00 10 04 83 0C 00 00 30 B5 
00 FF FF 00 10 0D 22 93 00 00 02 00 00 10 04 84 0C 00 00 30 44 
00 FF FF 00 10 0D 22 93 00 00 02 00 00 10 04 85 0C 00 00 35 CA 
00 FF FF 00 10 0D 22 93 00 00 02 00 00 10 04 86 0C 00 00 3B 22 
00 FF FF 00 10 0D 22 93 00 00 02 00 00 10 04 87 0C 00 00 2E D4 
00 FF FF 00 10 0D 22 93 00 00 02 00 00 10 04 88 0C 00 00 2E D4 
00 FF FF 00 10 0D 22 93 00 00 02 00 00 10 04 89 0C 00 00 3C 14 
00 FF FF 00 10 0D 22 93 00 00 02 00 00 10 04 8A 0C 00 00 3B 22 
00 FF FF 00 10 0D 22 93 00 00 02 00 00 10 04 8B 0C 00 00 3D 0A 
00 FF FF 00 10 0D 22 93 00 00 02 00 00 10 04 8D 0C 00 00 3C 14 
00 FF FF 00 10 0D 22 93 00 00 02 00 00 10 04 8F 0C 00 00 32 8A 
00 FF FF 00 10 0D 22 93 00 00 02 00 00 10 04 93 0C 00 00 23 E4 
00 FF FF 00 10 0D 22 93 00 00 02 00 00 10 04 94 0C 00 00 2D 74 
00 FF FF 00 10 0D 22 93 00 00 02 00 00 10 04 95 0C 00 00 2C 24 
00 FF FF 00 10 0D 22 93 00 00 02 00 00 10 04 96 0C 00 00 3C 14 
00 FF FF 00 10 0D 22 93 00 00 02 00 00 10 04 97 0C 00 00 39 4A 
00 FF FF 00 10 0D 22 93 00 00 02 00 00 10 04 98 0C 00 00 30 44 
00 FF FF 00 10 0D 22 93 00 00 02 00 00 10 04 99 0C 00 00 31 C4 
00 FF FF 00 10 0D 22 93 00 00 02 00 00 10 04 9A 0C 00 00 37 82 
00 FF FF 00 10 0D 22 93 00 00 02 00 00 10 04 9B 0C 00 00 31 C4 
00 FF FF 00 10 0D 22 93 00 00 02 00 00 10 04 9C 0C 00 00 30 44 
00 FF FF 00 10 0D 22 93 00 00 02 00 00 10 04 9D 0C 00 00 2F 8A 
00 FF FF 00 10 0D 22 93 00 00 02 00 00 10 04 9E 0C 00 00 33 54 
00 FF FF 00 10 0D 22 93 00 00 02 00 00 10 04 A0 0C 00 00 33 54 
00 FF FF 00 10 0D 22 93 00 00 02 00 00 10 04 A1 0C 00 00 31 02 
00 FF FF 00 10 0D 22 93 00 00 02 00 00 10 04 A2 0C 00 00 35 CA 
00 FF FF 00 10 0D 22 93 00 00 02 00 00 10 04 A3 0C 00 00 35 CA 
00 FF FF 00 10 0D 22 93 00 00 02 00 00 10 04 A4 0C 00 00 3B 22 
00 FF FF 00 10 0D 22 93 00 00 02 00 00 10 04 A5 0C 00 00 32 8A 
00 FF FF 00 10 0D 22 93 00 00 02 00 00 10 04 A6 0C 00 00 2D 74 
00 FF FF 00 10 0D 22 93 00 00 02 00 00 10 04 A7 0C 00 00 2F 8A 
00 FF FF 00 10 0D 22 93 00 00 02 00 00 10 04 A8 0C 00 00 34 F4 
00 FF FF 00 10 0D 22 93 00 00 02 00 00 10 04 A9 0C 00 00 31 02 
00 FF FF 00 10 0D 22 93 00 00 02 00 00 10 04 AA 0C 00 00 33 54 
00 FF FF 00 10 0D 22 93 00 00 02 00 00 10 04 AB 0C 00 00 34 22 
00 FF FF 00 10 0D 22 93 00 00 02 00 00 10 04 AC 0C 00 00 35 CA 
00 FF FF 00 10 0D 22 93 00 00 02 00 00 10 04 AD 0C 00 00 36 A4 
00 FF FF 00 10 0D 22 93 00 00 02 00 00 10 04 AE 0C 00 00 3A 34 
00 FF FF 00 10 0D 22 93 00 00 02 00 00 10 04 AF 0C 00 00 25 CB 
00 FF FF 00 10 0D 22 93 00 00 02 00 00 10 04 B0 0C 00 00 3D 0A 
00 FF FF 00 10 0D 22 93 00 00 02 00 00 10 04 B1 0C 00 00 3C 14 
00 FF FF 00 10 0D 22 93 00 00 02 00 00 10 04 B2 0C 00 00 34 F4 
00 FF FF 00 10 0D 22 93 00 00 02 00 00 10 04 B3 0C 00 00 32 8A 
00 FF FF 00 10 0D 22 93 00 00 02 00 00 10 04 B7 0C 00 00 33 54 
00 FF FF 00 10 0D 22 93 00 00 02 00 00 10 04 B9 0C 00 00 34 22 
00 FF FF 00 10 0D 22 93 00 00 02 00 00 10 04 BA 0C 00 00 3A 34 
00 FF FF 00 10 0D 22 93 00 00 02 00 00 10 04 BB 0C 00 00 37 82 
00 FF FF 00 10 0D 22 93 00 00 02 00 00 10 04 BC 0C 00 00 2D 74 
00 FF FF 00 10 0D 22 93 00 00 02 00 00 10 04 BD 0C 00 00 33 54 
00 FF FF 00 10 0D 22 93 00 00 02 00 00 10 04 BE 0C 00 00 3B 22 
00 FF FF 00 10 0D 22 93 00 00 02 00 00 10 04 BF 0C 00 00 31 C4 
00 FF FF 00 10 0D 22 93 00 00 02 00 00 10 04 C0 0C 00 00 31 02 
00 FF FF 00 10 0D 22 93 00 00 02 00 00 10 04 C1 0C 00 00 34 F4 
00 FF FF 00 10 0D 22 93 00 00 02 00 00 10 04 C2 0C 00 00 3D 0A 
00 FF FF 00 10 0D 22 93 00 00 02 00 00 10 04 C3 0C 00 00 2E D4 
00 FF FF 00 10 0D 22 93 00 00 02 00 00 10 04 C4 0C 00 00 30 44 
00 FF FF 00 10 0D 22 93 00 00 02 00 00 10 04 C5 0C 00 00 2F 8A 
00 FF FF 00 10 0D 22 93 00 00 02 00 00 10 04 C6 0C 00 00 39 4A 
00 FF FF 00 10 0D 22 93 00 00 02 00 00 10 04 C7 0C 00 00 2F 69 
00 FF FF 00 10 0D 22 93 00 00 02 00 00 10 04 C8 0C 00 00 2E 22 
00 FF FF 00 10 0D 22 93 00 00 02 00 00 10 04 C9 0C 00 00 34 22 
00 FF FF 00 10 0D 22 93 00 00 02 00 00 10 04 CB 0C 00 00 2C CA 
00 FF FF 00 10 0D 22 93 00 00 02 00 00 10 04 CC 0C 00 00 2E D4 
00 FF FF 00 10 0D 22 93 00 00 02 00 00 10 04 CD 0C 00 00 34 F4 
00 FF FF 00 10 0D 22 93 00 00 02 00 00 10 04 CE 0C 00 00 2D 74 
00 FF FF 00 10 0D 22 93 00 00 02 00 00 10 04 CF 0C 00 00 37 82 
00 FF FF 00 10 0D 22 93 00 00 02 00 00 10 04 D0 0C 00 00 3D 0A 
00 FF FF 00 10 0D 22 93 00 00 02 00 00 10 04 D1 0C 00 00 2E D4 
00 FF FF 00 10 0D 22 93 00 00 02 00 00 10 04 D2 0C 00 00 34 F4 
00 FF FF 00 10 0D 22 93 00 00 02 00 00 10 04 D3 0C 00 00 3B 22 
00 FF FF 00 10 0D 22 93 00 00 02 00 00 10 04 D4 0C 00 00 33 54 
00 FF FF 00 10 0D 22 93 00 00 02 00 00 10 04 D5 0C 00 00 35 CA 
00 FF FF 00 10 0D 22 93 00 00 02 00 00 10 04 D6 0C 00 00 36 A4 
00 FF FF 00 10 0D 22 93 00 00 02 00 00 10 04 D7 0C 00 00 3B 22 
00 FF FF 00 10 0D 22 93 00 00 02 00 00 10 04 D8 0C 00 00 32 8A 
00 FF FF 00 10 0D 22 93 00 00 02 00 00 10 04 D9 0C 00 00 3C 14 
00 FF FF 00 10 0D 22 93 00 00 02 00 00 10 04 DA 0C 00 00 2E D4 
00 FF FF 00 10 0D 22 93 00 00 02 00 00 10 04 DB 0C 00 00 31 C4 
00 FF FF 00 10 0D 22 93 00 00 02 00 00 10 04 DC 0C 00 00 36 A4 
00 FF FF 00 10 0D 22 93 00 00 02 00 00 10 04 DD 0C 00 00 33 54 
00 FF FF 00 10 0D 22 93 00 00 02 00 00 10 04 DE 0C 00 00 30 44 
00 FF FF 00 10 0D 22 93 00 00 02 00 00 10 04 DF 0C 00 00 2E 22 
00 FF FF 00 10 0D 22 93 00 00 02 00 00 10 04 E1 0C 00 00 30 44 
00 FF FF 00 10 0D 22 93 00 00 02 00 00 10 04 E2 0C 00 00 37 82 
00 FF FF 00 10 0D 22 93 00 00 02 00 00 10 04 E3 0C 00 00 3A 34 
00 FF FF 00 10 0D 22 93 00 00 02 00 00 10 04 E4 0C 00 00 31 C4 
00 FF FF 00 10 0D 22 93 00 00 02 00 00 10 04 E5 0C 00 00 37 82 
00 FF FF 00 10 0D 22 93 00 00 02 00 00 10 04 E6 0C 00 00 3B 22 
00 FF FF 00 10 0D 22 93 00 00 02 00 00 10 04 E7 0C 00 00 30 44 
00 FF FF 00 10 0D 22 93 00 00 02 00 00 10 04 E8 0C 00 00 30 44 
00 FF FF 00 10 0D 22 93 00 00 02 00 00 10 04 E9 0C 00 00 34 F4 
00 FF FF 00 10 0D 22 93 00 00 02 00 00 10 04 EA 0C 00 00 34 F4 
00 FF FF 00 10 0D 22 93 00 00 02 00 00 10 04 EB 0C 00 00 2F 8A 
00 FF FF 00 10 0D 22 93 00 00 02 00 00 10 04 EC 0C 00 00 34 22 
00 FF FF 00 10 0D 22 93 00 00 02 00 00 10 04 ED 0C 00 00 3B 22 
00 FF FF 00 10 0D 22 93 00 00 02 00 00 10 04 EE 0C 00 00 2E 22 
00 FF FF 00 10 0D 22 93 00 00 02 00 00 10 04 EF 0C 00 00 35 CA 
00 FF FF 00 10 0D 22 93 00 00 02 00 00 10 04 F0 0C 00 00 34 F4 
00 FF FF 00 10 0D 22 93 00 00 02 00 00 10 04 F1 0C 00 00 33 54 
00 FF FF 00 10 0D 22 93 00 00 02 00 00 10 04 F2 0C 00 00 33 54 
00 FF FF 00 10 0D 22 93 00 00 02 00 00 10 04 F3 0C 00 00 31 02 
00 FF FF 00 10 0D 22 93 00 00 02 00 00 10 04 F4 0C 00 00 1C 19 
00 FF FF 00 10 0D 22 93 00 00 02 00 00 10 04 F5 0C 00 00 19 31 
00 FF FF 00 10 0D 22 93 00 00 02 00 00 10 04 F6 0C 00 00 26 B5 
00 FF FF 00 10 0D 22 93 00 00 02 00 00 10 04 F7 0C 00 00 2E 22 
00 FF FF 00 10 0D 22 93 00 00 02 00 00 10 04 F8 0C 00 00 2E 75 
00 FF FF 00 10 0D 22 93 00 00 02 00 00 10 04 F9 0C 00 00 19 A7 
00 FF FF 00 10 0D 22 93 00 00 02 00 00 10 04 FA 0C 00 00 2F 8A 
00 FF FF 00 10 0D 22 93 00 00 02 00 00 10 04 FB 0C 00 00 2B 8D 
00 FF FF 00 10 0D 22 93 00 00 02 00 00 10 04 FC 0C 00 00 1E A1 
00 FF FF 00 10 0D 22 93 00 00 02 00 00 10 04 FE 0C 00 00 1A 09 
00 FF FF 00 10 0D 22 93 00 00 02 00 00 10 04 FF 0C 00 00 2B 91 
00 FF FF 00 10 0D 22 93 00 00 02 00 00 10 05 00 0C 00 00 37 82 
00 FF FF 00 10 0D 22 93 00 00 02 00 00 10 05 01 0C 00 00 2D 46 
00 FF FF 00 10 0D 22 93 00 00 02 00 00 10 05 02 0C 00 00 30 9B 
00 FF FF 00 10 0D 22 93 00 00 02 00 00 10 05 03 0C 00 00 1A F4 
00 FF FF 00 10 0D 22 93 00 00 02 00 00 10 05 04 0C 00 00 25 CE 
00 FF FF 00 10 0D 22 93 00 00 02 00 00 10 05 06 0C 00 00 1C C1 
00 FF FF 00 10 0D 22 93 00 00 02 00 00 10 05 07 0C 00 00 20 4B 
00 FF FF 00 10 0D 22 93 00 00 02 00 00 10 05 08 0C 00 00 33 FA 
00 FF FF 00 10 0D 22 93 00 00 02 00 00 10 05 09 0C 00 00 31 C4 
00 FF FF 00 10 0D 22 93 00 00 02 00 00 10 05 0A 0C 00 00 2E 22 
00 FF FF 00 10 0D 22 93 00 00 02 00 00 10 05 0B 0C 00 00 27 11 
00 FF FF 00 10 0D 22 93 00 00 02 00 00 10 05 0C 0C 00 00 2F BE 
00 FF FF 00 10 0D 22 93 00 00 02 00 00 10 05 0D 0C 00 00 20 5D 
00 FF FF 00 10 0D 22 93 00 00 02 00 00 10 05 0E 0C 00 00 19 2B 
00 FF FF 00 10 0D 22 93 00 00 02 00 00 10 05 0F 0C 00 00 12 DE 
00 FF FF 00 10 0D 22 93 00 00 02 00 00 10 05 10 0C 00 00 26 1B 
00 FF FF 00 10 0D 22 93 00 00 02 00 00 10 05 11 0C 00 00 37 82 
00 FF FF 00 10 0D 22 93 00 00 02 00 00 10 05 12 0C 00 00 39 4A 
00 FF FF 00 10 0D 22 93 00 00 02 00 00 10 05 13 0C 00 00 34 F4 
00 FF FF 00 10 0D 22 93 00 00 02 00 00 10 05 14 0C 00 00 1C F1 
00 FF FF 00 10 0D 22 93 00 00 02 00 00 10 05 15 0C 00 00 27 71 
00 FF FF 00 10 0D 22 93 00 00 02 00 00 10 05 16 0C 00 00 1A 33 
00 FF FF 00 10 0D 22 93 00 00 02 00 00 10 05 17 0C 00 00 19 C5 
00 FF FF 00 10 0D 22 93 00 00 02 00 00 10 05 18 0C 00 00 1D A5 
00 FF FF 00 10 0D 22 93 00 00 02 00 00 10 05 19 0C 00 00 2D DA 
00 FF FF 00 10 0D 22 93 00 00 02 00 00 10 05 1A 0C 00 00 2D 74 
00 FF FF 00 10 0D 22 93 00 00 02 00 00 10 05 1B 0C 00 00 28 71 
00 FF FF 00 10 0D 22 93 00 00 02 00 00 10 05 1C 0C 00 00 2E D4 
00 FF FF 00 10 0D 22 93 00 00 02 00 00 10 05 1D 0C 00 00 30 71 
00 FF FF 00 10 0D 22 93 00 00 02 00 00 10 05 1E 0C 00 00 20 4A 
00 FF FF 00 10 0D 22 93 00 00 02 00 00 10 05 1F 0C 00 00 1B 15 
00 FF FF 00 10 0D 22 93 00 00 02 00 00 10 05 20 0C 00 00 1E 7E 
00 FF FF 00 10 0D 22 93 00 00 02 00 00 10 05 21 0C 00 00 23 3D 
00 FF FF 00 10 0D 22 93 00 00 02 00 00 10 05 22 0C 00 00 36 A4 
00 FF FF 00 10 0D 22 93 00 00 02 00 00 10 05 23 0C 00 00 2F 8A 
00 FF FF 00 10 0D 22 93 00 00 02 00 00 10 05 24 0C 00 00 1C 95 
00 FF FF 00 10 0D 22 93 00 00 02 00 00 10 05 25 0C 00 00 34 22 
00 FF FF 00 10 0D 22 93 00 00 02 00 00 10 05 27 0C 00 00 2E 22 
00 FF FF 00 10 0D 22 93 00 00 02 00 00 10 05 28 0C 00 00 2E 22 
00 FF FF 00 10 0D 22 93 00 00 02 00 00 10 05 29 0C 00 00 37 82 
00 FF FF 00 10 0D 22 93 00 00 02 00 00 10 05 2A 0C 00 00 34 F4 
00 FF FF 00 10 0D 22 93 00 00 02 00 00 10 05 2B 0C 00 00 39 4A 
00 FF FF 00 10 0D 22 93 00 00 02 00 00 10 05 2C 0C 00 00 2D 74 
00 FF FF 00 10 0D 22 93 00 00 02 00 00 10 05 2D 0C 00 00 34 22 
00 FF FF 00 10 0D 22 93 00 00 02 00 00 10 05 2E 0C 00 00 33 54 
00 FF FF 00 10 0D 22 93 00 00 02 00 00 10 05 2F 0C 00 00 37 82 
00 FF FF 00 10 0D 22 93 00 00 02 00 00 10 05 30 0C 00 00 32 8A 
00 FF FF 00 10 0D 22 93 00 00 02 00 00 10 05 32 0C 00 00 34 F4 
00 FF FF 00 10 0D 22 93 00 00 02 00 00 10 05 33 0C 00 00 38 64 
00 FF FF 00 10 0D 22 93 00 00 02 00 00 10 05 34 0C 00 00 34 F4 
00 FF FF 00 10 0D 22 93 00 00 02 00 00 10 05 35 0C 00 00 34 F4 
00 FF FF 00 10 0D 22 93 00 00 02 00 00 10 05 36 0C 00 00 30 7B 
00 FF FF 00 10 0D 22 93 00 00 02 00 00 10 05 37 0C 00 00 28 31 
00 FF FF 00 10 0D 22 93 00 00 02 00 00 10 05 38 0C 00 00 1D EB 
00 FF FF 00 10 0D 22 93 00 00 02 00 00 10 05 3A 0C 00 00 25 31 
00 FF FF 00 10 0D 22 93 00 00 02 00 00 10 05 3B 0C 00 00 16 09 
00 FF FF 00 10 0D 22 93 00 00 02 00 00 10 05 3C 0C 00 00 2E 22 
00 FF FF 00 10 0D 22 93 00 00 02 00 00 10 05 3D 0C 00 00 32 8A 
00 FF FF 00 10 0D 22 93 00 00 02 00 00 10 05 3E 0C 00 00 2F 8A 
00 FF FF 00 10 0D 22 93 00 00 02 00 00 10 05 3F 0C 00 00 2E 3D 
00 FF FF 00 10 0D 22 93 00 00 02 00 00 10 05 40 0C 00 00 1F 4A 
00 FF FF 00 10 0D 22 93 00 00 02 00 00 10 05 41 0C 00 00 19 A9 
00 FF FF 00 10 0D 22 93 00 00 02 00 00 10 05 42 0C 00 00 1B 3B 
00 FF FF 00 10 0D 22 93 00 00 02 00 00 10 05 43 0C 00 00 27 4E 
00 FF FF 00 10 0D 22 93 00 00 02 00 00 10 05 44 0C 00 00 33 54 
00 FF FF 00 10 0D 22 93 00 00 02 00 00 10 05 45 0C 00 00 3A 34 
00 FF FF 00 10 0D 22 93 00 00 02 00 00 10 05 46 0C 00 00 3C 14 
00 FF FF 00 10 0D 22 93 00 00 02 00 00 10 05 47 0C 00 00 37 59 
00 FF FF 00 10 0D 22 93 00 00 02 00 00 10 05 48 0C 00 00 29 2D 
00 FF FF 00 10 0D 22 93 00 00 02 00 00 10 05 49 0C 00 00 1C 85 
00 FF FF 00 10 0D 22 93 00 00 02 00 00 10 05 4A 0C 00 00 17 1B 
00 FF FF 00 10 0D 22 93 00 00 02 00 00 10 05 4B 0C 00 00 22 A1 
00 FF FF 00 10 0D 22 93 00 00 02 00 00 10 05 4C 0C 00 00 17 BE 
00 FF FF 00 10 0D 22 93 00 00 02 00 00 10 05 4D 0C 00 00 36 A4 
00 FF FF 00 10 0D 22 93 00 00 02 00 00 10 05 4E 0C 00 00 32 8A 
00 FF FF 00 10 0D 22 93 00 00 02 00 00 10 05 4F 0C 00 00 35 CA 
00 FF FF 00 10 0D 22 93 00 00 02 00 00 10 05 50 0C 00 00 32 F9 
00 FF FF 00 10 0D 22 93 00 00 02 00 00 10 05 51 0C 00 00 21 95 
00 FF FF 00 10 0D 22 93 00 00 02 00 00 10 05 52 0C 00 00 18 ED 
00 FF FF 00 10 0D 22 93 00 00 02 00 00 10 05 54 0C 00 00 2B FB 
00 FF FF 00 10 0D 22 93 00 00 02 00 00 10 05 55 0C 00 00 31 02 
00 FF FF 00 10 0D 22 93 00 00 02 00 00 10 05 56 0C 00 00 35 CA 
00 FF FF 00 10 0D 22 93 00 00 02 00 00 10 05 57 0C 00 00 31 02 
00 FF FF 00 10 0D 22 93 00 00 02 00 00 10 05 58 0C 00 00 35 AA 
00 FF FF 00 10 0D 22 93 00 00 02 00 00 10 05 59 0C 00 00 29 3E 
00 FF FF 00 10 0D 22 93 00 00 02 00 00 10 05 5A 0C 00 00 1A 1A 
00 FF FF 00 10 0D 22 93 00 00 02 00 00 10 05 5B 0C 00 00 17 61 
00 FF FF 00 10 0D 22 93 00 00 02 00 00 10 05 5C 0C 00 00 22 CD 
00 FF FF 00 10 0D 22 93 00 00 02 00 00 10 05 5D 0C 00 00 2D 6B 
00 FF FF 00 10 0D 22 93 00 00 02 00 00 10 05 5E 0C 00 00 32 8A 
00 FF FF 00 10 0D 22 93 00 00 02 00 00 10 05 5F 0C 00 00 3B 22 
00 FF FF 00 10 0D 22 93 00 00 02 00 00 10 05 60 0C 00 00 30 7B 
00 FF FF 00 10 0D 22 93 00 00 02 00 00 10 05 61 0C 00 00 17 90 
00 FF FF 00 10 0D 22 93 00 00 02 00 00 10 05 62 0C 00 00 1C 6D 
00 FF FF 00 10 0D 22 93 00 00 02 00 00 10 05 64 0C 00 00 18 95 
00 FF FF 00 10 0D 22 93 00 00 02 00 00 10 05 65 0C 00 00 21 72 
00 FF FF 00 10 0D 22 93 00 00 02 00 00 10 05 66 0C 00 00 1C 63 
00 FF FF 00 10 0D 22 93 00 00 02 00 00 10 05 67 0C 00 00 1A AF 
00 FF FF 00 10 0D 22 93 00 00 02 00 00 10 05 68 0C 00 00 2E D4 
00 FF FF 00 10 0D 22 93 00 00 02 00 00 10 05 69 0C 00 00 32 F9 
00 FF FF 00 10 0D 22 93 00 00 02 00 00 10 05 6A 0C 00 00 2A 35 
00 FF FF 00 10 0D 22 93 00 00 02 00 00 10 05 6C 0C 00 00 1C 8B 
00 FF FF 00 10 0D 22 93 00 00 02 00 00 10 05 6D 0C 00 00 1B 1D 
00 FF FF 00 10 0D 22 93 00 00 02 00 00 10 05 6E 0C 00 00 2D 59 
00 FF FF 00 10 0D 22 93 00 00 02 00 00 10 05 6F 0C 00 00 17 AC 
00 FF FF 00 10 0D 22 93 00 00 02 00 00 10 05 70 0C 00 00 2F 69 
00 FF FF 00 10 0D 22 93 00 00 02 00 00 10 05 71 0C 00 00 34 22 
00 FF FF 00 10 0D 22 93 00 00 02 00 00 10 05 72 0C 00 00 33 FA 
00 FF FF 00 10 0D 22 93 00 00 02 00 00 10 05 73 0C 00 00 22 02 
00 FF FF 00 10 0D 22 93 00 00 02 00 00 10 05 74 0C 00 00 1B 51 
00 FF FF 00 10 0D 22 93 00 00 02 00 00 10 05 75 0C 00 00 18 FB 
00 FF FF 00 10 0D 22 93 00 00 02 00 00 10 05 76 0C 00 00 2D 3B 
00 FF FF 00 10 0D 22 93 00 00 02 00 00 10 05 77 0C 00 00 33 54 
00 FF FF 00 10 0D 22 93 00 00 02 00 00 10 05 78 0C 00 00 32 8A 
00 FF FF 00 10 0D 22 93 00 00 02 00 00 10 05 79 0C 00 00 34 F4 
00 FF FF 00 10 0D 22 93 00 00 02 00 00 10 05 7A 0C 00 00 2E 90 
00 FF FF 00 10 0D 22 93 00 00 02 00 00 10 05 7B 0C 00 00 2A 4B 
00 FF FF 00 10 0D 22 93 00 00 02 00 00 10 05 7C 0C 00 00 1E B1 
00 FF FF 00 10 0D 22 93 00 00 02 00 00 10 05 7D 0C 00 00 33 54 
00 FF FF 00 10 0D 22 93 00 00 02 00 00 10 05 7E 0C 00 00 38 64 
00 FF FF 00 10 0D 22 93 00 00 02 00 00 10 05 7F 0C 00 00 34 F4 
00 FF FF 00 10 0D 22 93 00 00 02 00 00 10 05 81 0C 00 00 3B 22 
00 FF FF 00 10 0D 22 93 00 00 02 00 00 10 05 82 0C 00 00 33 54 
00 FF FF 00 10 0D 22 93 00 00 02 00 00 10 05 83 0C 00 00 3C 14 
00 FF FF 00 10 0D 22 93 00 00 02 00 00 10 05 84 0C 00 00 30 44 
00 FF FF 00 10 0D 22 93 00 00 02 00 00 10 05 85 0C 00 00 38 64 
00 FF FF 00 10 0D 22 93 00 00 02 00 00 10 05 86 0C 00 00 34 22 
00 FF FF 00 10 0D 22 93 00 00 02 00 00 10 05 87 0C 00 00 34 22 
00 FF FF 00 10 0D 22 93 00 00 02 00 00 10 05 88 0C 00 00 36 A4 
00 FF FF 00 10 0D 22 93 00 00 02 00 00 10 05 89 0C 00 00 38 64 
00 FF FF 00 10 0D 22 93 00 00 02 00 00 10 05 8A 0C 00 00 37 82 
00 FF FF 00 10 0D 22 93 00 00 02 00 00 10 05 8B 0C 00 00 33 54 
00 FF FF 00 10 0D 22 93 00 00 02 00 00 10 05 8C 0C 00 00 39 4A 
00 FF FF 00 10 0D 22 93 00 00 02 00 00 10 05 8D 0C 00 00 3B 22 
00 FF FF 00 10 0D 22 93 00 00 02 00 00 10 05 8E 0C 00 00 37 82 
00 FF FF 00 10 0D 22 93 00 00 02 00 00 10 05 8F 0C 00 00 38 64 
00 FF FF 00 10 0D 22 93 00 00 02 00 00 10 05 90 0C 00 00 33 54 
00 FF FF 00 10 0D 22 93 00 00 02 00 00 10 05 91 0C 00 00 32 8A 
00 FF FF 00 10 0D 22 93 00 00 02 00 00 10 05 92 0C 00 00 33 54 
00 FF FF 00 10 0D 22 93 00 00 02 00 00 10 05 93 0C 00 00 33 54 
00 FF FF 00 10 0D 22 93 00 00 02 00 00 10 05 94 0C 00 00 38 64 
00 FF FF 00 10 0D 22 93 00 00 02 00 00 10 05 95 0C 00 00 32 8A 
00 FF FF 00 10 0D 22 93 00 00 02 00 00 10 05 96 0C 00 00 34 F4 
00 FF FF 00 10 0D 22 93 00 00 02 00 00 10 05 97 0C 00 00 3B 22 
00 FF FF 00 10 0D 22 93 00 00 02 00 00 10 05 98 0C 00 00 2D 74 
00 FF FF 00 10 0D 22 93 00 00 02 00 00 10 05 99 0C 00 00 2D 74 
00 FF FF 00 10 0D 22 93 00 00 02 00 00 10 05 9A 0C 00 00 34 22 
00 FF FF 00 10 0D 22 93 00 00 02 00 00 10 05 9B 0C 00 00 2E D4 
00 FF FF 00 10 0D 22 93 00 00 02 00 00 10 05 9C 0C 00 00 3D 0A 
00 FF FF 00 10 0D 22 93 00 00 02 00 00 10 05 9D 0C 00 00 34 F4 
00 FF FF 00 10 0D 22 93 00 00 02 00 00 10 05 9E 0C 00 00 24 AB 
00 FF FF 00 10 0D 22 93 00 00 02 00 00 10 05 9F 0C 00 00 1C C5 
00 FF FF 00 10 0D 22 93 00 00 02 00 00 10 05 A0 0C 00 00 1A DB 
00 FF FF 00 10 0D 22 93 00 00 02 00 00 10 05 A1 0C 00 00 32 FE 
00 FF FF 00 10 0D 22 93 00 00 02 00 00 10 05 A2 0C 00 00 34 22 
00 FF FF 00 10 0D 22 93 00 00 02 00 00 10 05 A3 0C 00 00 2E D4 
00 FF FF 00 10 0D 22 93 00 00 02 00 00 10 05 A4 0C 00 00 3C 14 
00 FF FF 00 10 0D 22 93 00 00 02 00 00 10 05 A5 0C 00 00 31 79 
00 FF FF 00 10 0D 22 93 00 00 02 00 00 10 05 A6 0C 00 00 24 C6 
00 FF FF 00 10 0D 22 93 00 00 02 00 00 10 05 A7 0C 00 00 1B BD 
00 FF FF 00 10 0D 22 93 00 00 02 00 00 10 05 A8 0C 00 00 13 F5 
00 FF FF 00 10 0D 22 93 00 00 02 00 00 10 05 A9 0C 00 00 1F 95 
00 FF FF 00 10 0D 22 93 00 00 02 00 00 10 05 AA 0C 00 00 19 79 
00 FF FF 00 10 0D 22 93 00 00 02 00 00 10 05 AB 0C 00 00 1A B5 
00 FF FF 00 10 0D 22 93 00 00 02 00 00 10 05 AC 0C 00 00 3C 14 
00 FF FF 00 10 0D 22 93 00 00 02 00 00 10 05 AD 0C 00 00 2F 8A 
00 FF FF 00 10 0D 22 93 00 00 02 00 00 10 05 AE 0C 00 00 31 02 
00 FF FF 00 10 0D 22 93 00 00 02 00 00 10 05 AF 0C 00 00 33 54 
00 FF FF 00 10 0D 22 93 00 00 02 00 00 10 05 B0 0C 00 00 32 8A 
00 FF FF 00 10 0D 22 93 00 00 02 00 00 10 05 B1 0C 00 00 3A 34 
00 FF FF 00 10 0D 22 93 00 00 02 00 00 10 05 B2 0C 00 00 33 54 
00 FF FF 00 10 0D 22 93 00 00 02 00 00 10 05 B3 0C 00 00 2D 74 
00 FF FF 00 10 0D 22 93 00 00 02 00 00 10 05 B4 0C 00 00 2F 8A 
00 FF FF 00 10 0D 22 93 00 00 02 00 00 10 05 B5 0C 00 00 36 A4 
00 FF FF 00 10 0D 22 93 00 00 02 00 00 10 05 B6 0C 00 00 2E 22 
00 FF FF 00 10 0D 22 93 00 00 02 00 00 10 05 B7 0C 00 00 32 8A 
00 FF FF 00 10 0D 22 93 00 00 02 00 00 10 05 B8 0C 00 00 34 22 
00 FF FF 00 10 0D 22 93 00 00 02 00 00 10 05 B9 0C 00 00 30 44 
00 FF FF 00 10 0D 22 93 00 00 02 00 00 10 05 BA 0C 00 00 31 C4 
00 FF FF 00 10 0D 22 93 00 00 02 00 00 10 05 BB 0C 00 00 3B 22 
00 FF FF 00 10 0D 22 93 00 00 02 00 00 10 05 BC 0C 00 00 2E D4 
00 FF FF 00 10 0D 22 93 00 00 02 00 00 10 05 BD 0C 00 00 34 F4 
00 FF FF 00 10 0D 22 93 00 00 02 00 00 10 05 BE 0C 00 00 2F 8A 
00 FF FF 00 10 0D 22 93 00 00 02 00 00 10 05 BF 0C 00 00 3C 14 
00 FF FF 00 10 0D 22 93 00 00 02 00 00 10 05 C0 0C 00 00 3A 34 
00 FF FF 00 10 0D 22 93 00 00 02 00 00 10 05 C2 0C 00 00 3C 14 
00 FF FF 00 10 0D 22 93 00 00 02 00 00 10 05 C3 0C 00 00 2E D4 
00 FF FF 00 10 0D 22 93 00 00 02 00 00 10 05 C4 0C 00 00 34 F4 
00 FF FF 00 10 0D 22 93 00 00 02 00 00 10 05 C5 0C 00 00 35 CA 
00 FF FF 00 10 0D 22 93 00 00 02 00 00 10 05 C6 0C 00 00 3C 14 
00 FF FF 00 10 0D 22 93 00 00 02 00 00 10 05 C7 0C 00 00 2E D4 
00 FF FF 00 10 0D 22 93 00 00 02 00 00 10 05 C8 0C 00 00 30 44 
00 FF FF 00 10 0D 22 93 00 00 02 00 00 10 05 C9 0C 00 00 3C 14 
00 FF FF 00 10 0D 22 93 00 00 02 00 00 10 05 CA 0C 00 00 32 8A 
00 FF FF 00 10 0D 22 93 00 00 02 00 00 10 05 CB 0C 00 00 37 82 
00 FF FF 00 10 0D 22 93 00 00 02 00 00 10 05 CC 0C 00 00 3C 14 
00 FF FF 00 10 0D 22 93 00 00 02 00 00 10 05 CD 0C 00 00 35 CA 
00 FF FF 00 10 0D 22 93 00 00 02 00 00 10 05 CE 0C 00 00 35 CA 
00 FF FF 00 10 0D 22 93 00 00 02 00 00 10 05 CF 0C 00 00 38 64 
00 FF FF 00 10 0D 22 93 00 00 02 00 00 10 05 D0 0C 00 00 33 54 
00 FF FF 00 10 0D 22 93 00 00 02 00 00 10 05 D4 0C 00 00 31 02 
00 FF FF 00 10 0D 22 93 00 00 02 00 00 10 05 D5 0C 00 00 32 8A 
00 FF FF 00 10 0D 22 93 00 00 02 00 00 10 05 D6 0C 00 00 36 A4 
00 FF FF 00 10 0D 22 93 00 00 02 00 00 10 05 D7 0C 00 00 34 22 
00 FF FF 00 10 0D 22 93 00 00 02 00 00 10 05 D8 0C 00 00 2E 22 
00 FF FF 00 10 0D 22 93 00 00 02 00 00 10 05 D9 0C 00 00 2F 8A 
00 FF FF 00 10 0D 22 93 00 00 02 00 00 10 05 DA 0C 00 00 2D 74 
00 FF FF 00 10 0D 22 93 00 00 02 00 00 10 05 DB 0C 00 00 31 C4 
00 FF FF 00 10 0D 22 93 00 00 02 00 00 10 05 DC 0C 00 00 2F 8A 
00 FF FF 00 10 0D 22 93 00 00 02 00 00 10 05 DD 0C 00 00 30 44 
00 FF FF 00 10 0D 22 93 00 00 02 00 00 10 05 DE 0C 00 00 34 F4 
00 FF FF 00 10 0D 22 93 00 00 02 00 00 10 05 DF 0C 00 00 2D 74 
00 FF FF 00 10 0D 22 93 00 00 02 00 00 10 05 E0 0C 00 00 34 F4 
00 FF FF 00 10 0D 22 93 00 00 02 00 00 10 05 E1 0C 00 00 36 A4 
00 FF FF 00 10 0D 22 93 00 00 02 00 00 10 05 E2 0C 00 00 2F 8A 
00 FF FF 00 10 0D 22 93 00 00 02 00 00 10 05 E3 0C 00 00 2E 22 
00 FF FF 00 10 0D 22 93 00 00 02 00 00 10 05 E4 0C 00 00 34 22 
00 FF FF 00 10 0D 22 93 00 00 02 00 00 10 05 E5 0C 00 00 34 22 
00 FF FF 00 10 0D 22 93 00 00 02 00 00 10 05 E6 0C 00 00 3A 34 
00 FF FF 00 10 0D 22 93 00 00 02 00 00 10 05 E7 0C 00 00 30 44 
00 FF FF 00 10 0D 22 93 00 00 02 00 00 10 05 E8 0C 00 00 31 02 
00 FF FF 00 10 0D 22 93 00 00 02 00 00 10 05 E9 0C 00 00 32 13 
00 FF FF 00 10 0D 22 93 00 00 02 00 00 10 05 EA 0C 00 00 26 75 
00 FF FF 00 10 0D 22 93 00 00 02 00 00 10 05 EC 0C 00 00 19 E5 
00 FF FF 00 10 0D 22 93 00 00 02 00 00 10 05 ED 0C 00 00 0D 96 
00 FF FF 00 10 0D 22 93 00 00 02 00 00 10 05 EE 0C 00 00 2F 4A 
00 FF FF 00 10 0D 22 93 00 00 02 00 00 10 05 EF 0C 00 00 34 F4 
00 FF FF 00 10 0D 22 93 00 00 02 00 00 10 05 F0 0C 00 00 38 64 
00 FF FF 00 10 0D 22 93 00 00 02 00 00 10 05 F1 0C 00 00 2D 74 
00 FF FF 00 10 0D 22 93 00 00 02 00 00 10 05 F2 0C 00 00 2F 4A 
00 FF FF 00 10 0D 22 93 00 00 02 00 00 10 05 F3 0C 00 00 1F 3D 
00 FF FF 00 10 0D 22 93 00 00 02 00 00 10 05 F4 0C 00 00 17 2B 
00 FF FF 00 10 0D 22 93 00 00 02 00 00 10 05 F5 0C 00 00 1B 99 
00 FF FF 00 10 0D 22 93 00 00 02 00 00 10 05 F6 0C 00 00 1C CE 
00 FF FF 00 10 0D 22 93 00 00 02 00 00 10 05 F7 0C 00 00 36 A4 
00 FF FF 00 10 0D 22 93 00 00 02 00 00 10 05 F8 0C 00 00 3A 34 
00 FF FF 00 10 0D 22 93 00 00 02 00 00 10 05 F9 0C 00 00 34 F4 
00 FF FF 00 10 0D 22 93 00 00 02 00 00 10 05 FA 0C 00 00 2E DD 
00 FF FF 00 10 0D 22 93 00 00 02 00 00 10 05 FB 0C 00 00 26 E5 
00 FF FF 00 10 0D 22 93 00 00 02 00 00 10 05 FC 0C 00 00 18 5A 
00 FF FF 00 10 0D 22 93 00 00 02 00 00 10 05 FD 0C 00 00 17 85 
00 FF FF 00 10 0D 22 93 00 00 02 00 00 10 05 FE 0C 00 00 0C B7 
00 FF FF 00 10 0D 22 93 00 00 02 00 00 10 05 FF 0C 00 00 2D 05 
00 FF FF 00 10 0D 22 93 00 00 02 00 00 10 06 00 0C 00 00 31 61 
00 FF FF 00 10 0D 22 93 00 00 02 00 00 10 06 01 0C 00 00 18 8B 
00 FF FF 00 10 0D 22 93 00 00 02 00 00 10 06 02 0C 00 00 2D 74 
00 FF FF 00 10 0D 22 93 00 00 02 00 00 10 06 03 0C 00 00 3A 34 
00 FF FF 00 10 0D 22 93 00 00 02 00 00 10 06 04 0C 00 00 37 82 
00 FF FF 00 10 0D 22 93 00 00 02 00 00 10 06 05 0C 00 00 39 4A 
00 FF FF 00 10 0D 22 93 00 00 02 00 00 10 06 06 0C 00 00 3A 34 
00 FF FF 00 10 0D 22 93 00 00 02 00 00 10 06 07 0C 00 00 35 CA 
00 FF FF 00 10 0D 22 93 00 00 02 00 00 10 06 08 0C 00 00 3C 14 
00 FF FF 00 10 0D 22 93 00 00 02 00 00 10 06 09 0C 00 00 35 CA 
00 FF FF 00 10 0D 22 93 00 00 02 00 00 10 06 0A 0C 00 00 30 44 
00 FF FF 00 10 0D 22 93 00 00 02 00 00 10 06 0B 0C 00 00 31 02 
00 FF FF 00 10 0D 22 93 00 00 02 00 00 10 06 0C 0C 00 00 36 A4 
00 FF FF 00 10 0D 22 93 00 00 02 00 00 10 06 0D 0C 00 00 38 64 
00 FF FF 00 10 0D 22 93 00 00 02 00 00 10 06 0E 0C 00 00 32 8A 
00 FF FF 00 10 0D 22 93 00 00 02 00 00 10 06 0F 0C 00 00 34 22 
00 FF FF 00 10 0D 22 93 00 00 02 00 00 10 06 10 0C 00 00 30 44 
00 FF FF 00 10 0D 22 93 00 00 02 00 00 10 06 11 0C 00 00 38 64 
00 FF FF 00 10 0D 22 93 00 00 02 00 00 10 06 12 0C 00 00 38 64 
00 FF FF 00 10 0D 22 93 00 00 02 00 00 10 06 13 0C 00 00 37 82 
00 FF FF 00 10 0D 22 93 00 00 02 00 00 10 06 14 0C 00 00 37 82 
00 FF FF 00 10 0D 22 93 00 00 02 00 00 10 06 15 0C 00 00 3A 34 
00 FF FF 00 10 0D 22 93 00 00 02 00 00 10 06 17 0C 00 00 32 8A 
00 FF FF 00 10 0D 22 93 00 00 02 00 00 10 06 18 0C 00 00 34 F4 
00 FF FF 00 10 0D 22 93 00 00 02 00 00 10 06 19 0C 00 00 2F 8A 
00 FF FF 00 10 0D 22 93 00 00 02 00 00 10 06 1A 0C 00 00 31 02 
00 FF FF 00 10 0D 22 93 00 00 02 00 00 10 06 1B 0C 00 00 3C 14 
00 FF FF 00 10 0D 22 93 00 00 02 00 00 10 06 1C 0C 00 00 37 82 
00 FF FF 00 10 0D 22 93 00 00 02 00 00 10 06 1D 0C 00 00 39 4A 
00 FF FF 00 10 0D 22 93 00 00 02 00 00 10 06 1E 0C 00 00 1B 6B 
00 FF FF 00 10 0D 22 93 00 00 02 00 00 10 06 1F 0C 00 00 18 6B 
00 FF FF 00 10 0D 22 93 00 00 02 00 00 10 06 20 0C 00 00 23 21 
00 FF FF 00 10 0D 22 93 00 00 02 00 00 10 06 21 0C 00 00 32 33 
00 FF FF 00 10 0D 22 93 00 00 02 00 00 10 06 22 0C 00 00 2E D4 
00 FF FF 00 10 0D 22 93 00 00 02 00 00 10 06 23 0C 00 00 32 8A 
00 FF FF 00 10 0D 22 93 00 00 02 00 00 10 06 24 0C 00 00 3C 14 
00 FF FF 00 10 0D 22 93 00 00 02 00 00 10 06 25 0C 00 00 0E 7A 
00 FF FF 00 10 0D 22 93 00 00 02 00 00 10 06 26 0C 00 00 20 B1 
