00 FF FF 00 10 0D 22 93 00 00 02 00 00 10 01 B9 0C 00 00 32 8A 
00 FF FF 00 10 0D 22 93 00 00 02 00 00 10 01 BB 0C 00 00 33 6D 
00 FF FF 00 10 0D 22 93 00 00 02 00 00 10 01 BC 0C 00 00 36 B5 
00 FF FF 00 10 0D 22 93 00 00 02 00 00 10 01 BD 0C 00 00 31 C4 
00 FF FF 00 10 0D 22 93 00 00 02 00 00 10 01 BE 0C 00 00 32 8A 
00 FF FF 00 10 0D 22 93 00 00 02 00 00 10 01 BF 0C 00 00 34 22 
00 FF FF 00 10 0D 22 93 00 00 02 00 00 10 01 C0 0C 00 00 2E 22 
00 FF FF 00 10 0D 22 93 00 00 02 00 00 10 01 C2 0C 00 00 1B 6B 
00 FF FF 00 10 0D 22 93 00 00 02 00 00 10 01 C3 0C 00 00 31 02 
00 FF FF 00 10 0D 22 93 00 00 02 00 00 10 01 C4 0C 00 00 21 79 
00 FF FF 00 10 0D 22 93 00 00 02 00 00 10 01 C5 0C 00 00 34 F4 
00 FF FF 00 10 0D 22 93 00 00 02 00 00 10 01 C6 0C 00 00 2E 22 
00 FF FF 00 10 0D 22 93 00 00 02 00 00 10 01 C7 0C 00 00 32 A5 
00 FF FF 00 10 0D 22 93 00 00 02 00 00 10 01 C9 0C 00 00 1C 06 
00 FF FF 00 10 0D 22 93 00 00 02 00 00 10 01 CA 0C 00 00 1B DA 
00 FF FF 00 10 0D 22 93 00 00 02 00 00 10 01 CB 0C 00 00 20 72 
00 FF FF 00 10 0D 22 93 00 00 02 00 00 10 01 CC 0C 00 00 29 2B 
00 FF FF 00 10 0D 22 93 00 00 02 00 00 10 01 CD 0C 00 00 39 4A 
00 FF FF 00 10 0D 22 93 00 00 02 00 00 10 01 CE 0C 00 00 37 82 
00 FF FF 00 10 0D 22 93 00 00 02 00 00 10 01 D0 0C 00 00 33 54 
00 FF FF 00 10 0D 22 93 00 00 02 00 00 10 01 D1 0C 00 00 23 56 
00 FF FF 00 10 0D 22 93 00 00 02 00 00 10 01 D2 0C 00 00 17 8B 
00 FF FF 00 10 0D 22 93 00 00 02 00 00 10 01 D3 0C 00 00 1C 06 
00 FF FF 00 10 0D 22 93 00 00 02 00 00 10 01 D4 0C 00 00 24 1A 
00 FF FF 00 10 0D 22 93 00 00 02 00 00 10 01 D5 0C 00 00 3A 34 
00 FF FF 00 10 0D 22 93 00 00 02 00 00 10 01 D6 0C 00 00 34 39 
00 FF FF 00 10 0D 22 93 00 00 02 00 00 10 01 D7 0C 00 00 2F 8A 
00 FF FF 00 10 0D 22 93 00 00 02 00 00 10 01 D8 0C 00 00 2D 06 
00 FF FF 00 10 0D 22 93 00 00 02 00 00 10 01 D9 0C 00 00 2B 35 
00 FF FF 00 10 0D 22 93 00 00 02 00 00 10 01 DB 0C 00 00 17 7E 
00 FF FF 00 10 0D 22 93 00 00 02 00 00 10 01 DC 0C 00 00 1C 66 
00 FF FF 00 10 0D 22 93 00 00 02 00 00 10 01 DD 0C 00 00 24 F2 
00 FF FF 00 10 0D 22 93 00 00 02 00 00 10 01 DE 0C 00 00 2D 74 
00 FF FF 00 10 0D 22 93 00 00 02 00 00 10 01 DF 0C 00 00 31 02 
00 FF FF 00 10 0D 22 93 00 00 02 00 00 10 01 E0 0C 00 00 30 44 
00 FF FF 00 10 0D 22 93 00 00 02 00 00 10 01 E1 0C 00 00 33 D2 
00 FF FF 00 10 0D 22 93 00 00 02 00 00 10 01 E2 0C 00 00 25 9A 
00 FF FF 00 10 0D 22 93 00 00 02 00 00 10 01 E3 0C 00 00 1D AA 
00 FF FF 00 10 0D 22 93 00 00 02 00 00 10 01 E4 0C 00 00 17 82 
00 FF FF 00 10 0D 22 93 00 00 02 00 00 10 01 E5 0C 00 00 27 D4 
00 FF FF 00 10 0D 22 93 00 00 02 00 00 10 01 E6 0C 00 00 2E D4 
00 FF FF 00 10 0D 22 93 00 00 02 00 00 10 01 E7 0C 00 00 3C 19 
00 FF FF 00 10 0D 22 93 00 00 02 00 00 10 01 E8 0C 00 00 32 A5 
00 FF FF 00 10 0D 22 93 00 00 02 00 00 10 01 E9 0C 00 00 3C 19 
00 FF FF 00 10 0D 22 93 00 00 02 00 00 10 01 EA 0C 00 00 2C 3B 
00 FF FF 00 10 0D 22 93 00 00 02 00 00 10 01 EB 0C 00 00 1F 69 
00 FF FF 00 10 0D 22 93 00 00 02 00 00 10 01 EC 0C 00 00 11 87 
00 FF FF 00 10 0D 22 93 00 00 02 00 00 10 01 ED 0C 00 00 20 52 
00 FF FF 00 10 0D 22 93 00 00 02 00 00 10 01 EE 0C 00 00 2F 02 
00 FF FF 00 10 0D 22 93 00 00 02 00 00 10 01 EF 0C 00 00 31 02 
00 FF FF 00 10 0D 22 93 00 00 02 00 00 10 01 F0 0C 00 00 37 82 
00 FF FF 00 10 0D 22 93 00 00 02 00 00 10 01 F1 0C 00 00 32 8A 
00 FF FF 00 10 0D 22 93 00 00 02 00 00 10 01 F2 0C 00 00 2F 09 
00 FF FF 00 10 0D 22 93 00 00 02 00 00 10 01 F4 0C 00 00 19 B8 
00 FF FF 00 10 0D 22 93 00 00 02 00 00 10 01 F5 0C 00 00 17 0A 
00 FF FF 00 10 0D 22 93 00 00 02 00 00 10 01 F6 0C 00 00 20 36 
00 FF FF 00 10 0D 22 93 00 00 02 00 00 10 01 F7 0C 00 00 2C 56 
00 FF FF 00 10 0D 22 93 00 00 02 00 00 10 01 F8 0C 00 00 35 DD 
00 FF FF 00 10 0D 22 93 00 00 02 00 00 10 01 F9 0C 00 00 34 F4 
00 FF FF 00 10 0D 22 93 00 00 02 00 00 10 01 FB 0C 00 00 2B CA 
00 FF FF 00 10 0D 22 93 00 00 02 00 00 10 01 FC 0C 00 00 1E 54 
00 FF FF 00 10 0D 22 93 00 00 02 00 00 10 01 FD 0C 00 00 18 F6 
00 FF FF 00 10 0D 22 93 00 00 02 00 00 10 01 FE 0C 00 00 19 5E 
00 FF FF 00 10 0D 22 93 00 00 02 00 00 10 01 FF 0C 00 00 3B 22 
00 FF FF 00 10 0D 22 93 00 00 02 00 00 10 02 00 0C 00 00 2E 22 
00 FF FF 00 10 0D 22 93 00 00 02 00 00 10 02 01 0C 00 00 33 54 
00 FF FF 00 10 0D 22 93 00 00 02 00 00 10 02 03 0C 00 00 2E 22 
00 FF FF 00 10 0D 22 93 00 00 02 00 00 10 02 04 0C 00 00 26 FD 
00 FF FF 00 10 0D 22 93 00 00 02 00 00 10 02 05 0C 00 00 1B 66 
00 FF FF 00 10 0D 22 93 00 00 02 00 00 10 02 06 0C 00 00 1B 08 
00 FF FF 00 10 0D 22 93 00 00 02 00 00 10 02 07 0C 00 00 21 E6 
00 FF FF 00 10 0D 22 93 00 00 02 00 00 10 02 08 0C 00 00 30 9E 
00 FF FF 00 10 0D 22 93 00 00 02 00 00 10 02 09 0C 00 00 2F 8A 
00 FF FF 00 10 0D 22 93 00 00 02 00 00 10 02 0A 0C 00 00 34 F4 
00 FF FF 00 10 0D 22 93 00 00 02 00 00 10 02 0B 0C 00 00 32 8A 
00 FF FF 00 10 0D 22 93 00 00 02 00 00 10 02 0C 0C 00 00 30 E5 
00 FF FF 00 10 0D 22 93 00 00 02 00 00 10 02 0D 0C 00 00 3A 34 
00 FF FF 00 10 0D 22 93 00 00 02 00 00 10 02 0E 0C 00 00 17 56 
00 FF FF 00 10 0D 22 93 00 00 02 00 00 10 02 10 0C 00 00 26 4B 
00 FF FF 00 10 0D 22 93 00 00 02 00 00 10 02 11 0C 00 00 39 4A 
00 FF FF 00 10 0D 22 93 00 00 02 00 00 10 02 12 0C 00 00 2E D4 
00 FF FF 00 10 0D 22 93 00 00 02 00 00 10 02 13 0C 00 00 3B 29 
00 FF FF 00 10 0D 22 93 00 00 02 00 00 10 02 14 0C 00 00 2F AE 
00 FF FF 00 10 0D 22 93 00 00 02 00 00 10 02 15 0C 00 00 28 1B 
00 FF FF 00 10 0D 22 93 00 00 02 00 00 10 02 16 0C 00 00 1B 0D 
00 FF FF 00 10 0D 22 93 00 00 02 00 00 10 02 17 0C 00 00 1A 26 
00 FF FF 00 10 0D 22 93 00 00 02 00 00 10 02 18 0C 00 00 1C 06 
00 FF FF 00 10 0D 22 93 00 00 02 00 00 10 02 19 0C 00 00 3B 22 
00 FF FF 00 10 0D 22 93 00 00 02 00 00 10 02 1A 0C 00 00 3D 0D 
00 FF FF 00 10 0D 22 93 00 00 02 00 00 10 02 1B 0C 00 00 30 65 
00 FF FF 00 10 0D 22 93 00 00 02 00 00 10 02 1C 0C 00 00 34 F4 
00 FF FF 00 10 0D 22 93 00 00 02 00 00 10 02 1D 0C 00 00 30 9E 
00 FF FF 00 10 0D 22 93 00 00 02 00 00 10 02 1E 0C 00 00 22 25 
00 FF FF 00 10 0D 22 93 00 00 02 00 00 10 02 1F 0C 00 00 1A FA 
00 FF FF 00 10 0D 22 93 00 00 02 00 00 10 02 20 0C 00 00 1B 72 
00 FF FF 00 10 0D 22 93 00 00 02 00 00 10 02 21 0C 00 00 1E 3D 
00 FF FF 00 10 0D 22 93 00 00 02 00 00 10 02 22 0C 00 00 37 6A 
00 FF FF 00 10 0D 22 93 00 00 02 00 00 10 02 23 0C 00 00 3D 0D 
00 FF FF 00 10 0D 22 93 00 00 02 00 00 10 02 24 0C 00 00 2E 22 
00 FF FF 00 10 0D 22 93 00 00 02 00 00 10 02 25 0C 00 00 2F C1 
00 FF FF 00 10 0D 22 93 00 00 02 00 00 10 02 26 0C 00 00 1F AD 
00 FF FF 00 10 0D 22 93 00 00 02 00 00 10 02 27 0C 00 00 1A 0A 
00 FF FF 00 10 0D 22 93 00 00 02 00 00 10 02 28 0C 00 00 18 A5 
00 FF FF 00 10 0D 22 93 00 00 02 00 00 10 02 29 0C 00 00 0F 3F 
00 FF FF 00 10 0D 22 93 00 00 02 00 00 10 02 2A 0C 00 00 38 59 
00 FF FF 00 10 0D 22 93 00 00 02 00 00 10 02 2B 0C 00 00 2C 98 
00 FF FF 00 10 0D 22 93 00 00 02 00 00 10 02 2C 0C 00 00 3B 22 
00 FF FF 00 10 0D 22 93 00 00 02 00 00 10 02 2D 0C 00 00 2F 8A 
00 FF FF 00 10 0D 22 93 00 00 02 00 00 10 02 2E 0C 00 00 32 8A 
00 FF FF 00 10 0D 22 93 00 00 02 00 00 10 02 2F 0C 00 00 1F 4A 
00 FF FF 00 10 0D 22 93 00 00 02 00 00 10 02 31 0C 00 00 0D 5F 
00 FF FF 00 10 0D 22 93 00 00 02 00 00 10 02 32 0C 00 00 23 31 
00 FF FF 00 10 0D 22 93 00 00 02 00 00 10 02 33 0C 00 00 32 8A 
00 FF FF 00 10 0D 22 93 00 00 02 00 00 10 02 35 0C 00 00 21 AE 
00 FF FF 00 10 0D 22 93 00 00 02 00 00 10 02 36 0C 00 00 38 48 
00 FF FF 00 10 0D 22 93 00 00 02 00 00 10 02 38 0C 00 00 1B CE 
00 FF FF 00 10 0D 22 93 00 00 02 00 00 10 02 39 0C 00 00 1A 61 
00 FF FF 00 10 0D 22 93 00 00 02 00 00 10 02 3A 0C 00 00 1B 95 
00 FF FF 00 10 0D 22 93 00 00 02 00 00 10 02 3B 0C 00 00 2B 8E 
00 FF FF 00 10 0D 22 93 00 00 02 00 00 10 02 3C 0C 00 00 34 22 
00 FF FF 00 10 0D 22 93 00 00 02 00 00 10 02 3D 0C 00 00 36 A4 
00 FF FF 00 10 0D 22 93 00 00 02 00 00 10 02 3F 0C 00 00 32 46 
00 FF FF 00 10 0D 22 93 00 00 02 00 00 10 02 40 0C 00 00 21 C6 
00 FF FF 00 10 0D 22 93 00 00 02 00 00 10 02 41 0C 00 00 2F 8A 
00 FF FF 00 10 0D 22 93 00 00 02 00 00 10 02 42 0C 00 00 1C CA 
00 FF FF 00 10 0D 22 93 00 00 02 00 00 10 02 43 0C 00 00 20 8E 
00 FF FF 00 10 0D 22 93 00 00 02 00 00 10 02 44 0C 00 00 38 64 
00 FF FF 00 10 0D 22 93 00 00 02 00 00 10 02 45 0C 00 00 35 09 
00 FF FF 00 10 0D 22 93 00 00 02 00 00 10 02 46 0C 00 00 32 8A 
00 FF FF 00 10 0D 22 93 00 00 02 00 00 10 02 47 0C 00 00 2E 42 
00 FF FF 00 10 0D 22 93 00 00 02 00 00 10 02 48 0C 00 00 28 EE 
00 FF FF 00 10 0D 22 93 00 00 02 00 00 10 02 4A 0C 00 00 16 CE 
00 FF FF 00 10 0D 22 93 00 00 02 00 00 10 02 4B 0C 00 00 1C CB 
00 FF FF 00 10 0D 22 93 00 00 02 00 00 10 02 4C 0C 00 00 2E DE 
00 FF FF 00 10 0D 22 93 00 00 02 00 00 10 02 4D 0C 00 00 32 8A 
00 FF FF 00 10 0D 22 93 00 00 02 00 00 10 02 4E 0C 00 00 34 22 
00 FF FF 00 10 0D 22 93 00 00 02 00 00 10 02 4F 0C 00 00 2E D4 
00 FF FF 00 10 0D 22 93 00 00 02 00 00 10 02 50 0C 00 00 33 0D 
00 FF FF 00 10 0D 22 93 00 00 02 00 00 10 02 51 0C 00 00 22 C5 
00 FF FF 00 10 0D 22 93 00 00 02 00 00 10 02 52 0C 00 00 16 17 
00 FF FF 00 10 0D 22 93 00 00 02 00 00 10 02 53 0C 00 00 13 12 
00 FF FF 00 10 0D 22 93 00 00 02 00 00 10 02 54 0C 00 00 25 BD 
00 FF FF 00 10 0D 22 93 00 00 02 00 00 10 02 55 0C 00 00 3A 3D 
00 FF FF 00 10 0D 22 93 00 00 02 00 00 10 02 56 0C 00 00 31 C4 
00 FF FF 00 10 0D 22 93 00 00 02 00 00 10 02 57 0C 00 00 34 F4 
00 FF FF 00 10 0D 22 93 00 00 02 00 00 10 02 58 0C 00 00 2E EB 
00 FF FF 00 10 0D 22 93 00 00 02 00 00 10 02 59 0C 00 00 13 56 
00 FF FF 00 10 0D 22 93 00 00 02 00 00 10 02 5A 0C 00 00 1B 7C 
00 FF FF 00 10 0D 22 93 00 00 02 00 00 10 02 5B 0C 00 00 15 1F 
00 FF FF 00 10 0D 22 93 00 00 02 00 00 10 02 5D 0C 00 00 29 1E 
00 FF FF 00 10 0D 22 93 00 00 02 00 00 10 02 5E 0C 00 00 2D 74 
00 FF FF 00 10 0D 22 93 00 00 02 00 00 10 02 5F 0C 00 00 30 44 
00 FF FF 00 10 0D 22 93 00 00 02 00 00 10 02 60 0C 00 00 34 39 
00 FF FF 00 10 0D 22 93 00 00 02 00 00 10 02 61 0C 00 00 2E 42 
00 FF FF 00 10 0D 22 93 00 00 02 00 00 10 02 62 0C 00 00 22 06 
00 FF FF 00 10 0D 22 93 00 00 02 00 00 10 02 63 0C 00 00 1D 5E 
00 FF FF 00 10 0D 22 93 00 00 02 00 00 10 02 65 0C 00 00 2A DE 
00 FF FF 00 10 0D 22 93 00 00 02 00 00 10 02 66 0C 00 00 3B 22 
00 FF FF 00 10 0D 22 93 00 00 02 00 00 10 02 67 0C 00 00 30 E6 
00 FF FF 00 10 0D 22 93 00 00 02 00 00 10 02 68 0C 00 00 3C 14 
00 FF FF 00 10 0D 22 93 00 00 02 00 00 10 02 69 0C 00 00 3A 2E 
00 FF FF 00 10 0D 22 93 00 00 02 00 00 10 02 6B 0C 00 00 1B A7 
00 FF FF 00 10 0D 22 93 00 00 02 00 00 10 02 6C 0C 00 00 16 E3 
00 FF FF 00 10 0D 22 93 00 00 02 00 00 10 02 6D 0C 00 00 1E FD 
00 FF FF 00 10 0D 22 93 00 00 02 00 00 10 02 6E 0C 00 00 18 D3 
00 FF FF 00 10 0D 22 93 00 00 02 00 00 10 02 6F 0C 00 00 3D 0D 
00 FF FF 00 10 0D 22 93 00 00 02 00 00 10 02 70 0C 00 00 38 64 
00 FF FF 00 10 0D 22 93 00 00 02 00 00 10 02 71 0C 00 00 34 22 
00 FF FF 00 10 0D 22 93 00 00 02 00 00 10 02 72 0C 00 00 2F EE 
00 FF FF 00 10 0D 22 93 00 00 02 00 00 10 02 73 0C 00 00 22 5E 
00 FF FF 00 10 0D 22 93 00 00 02 00 00 10 02 74 0C 00 00 1B 61 
00 FF FF 00 10 0D 22 93 00 00 02 00 00 10 02 75 0C 00 00 1A D6 
00 FF FF 00 10 0D 22 93 00 00 02 00 00 10 02 76 0C 00 00 1F B8 
00 FF FF 00 10 0D 22 93 00 00 02 00 00 10 02 77 0C 00 00 31 21 
00 FF FF 00 10 0D 22 93 00 00 02 00 00 10 02 78 0C 00 00 30 44 
00 FF FF 00 10 0D 22 93 00 00 02 00 00 10 02 79 0C 00 00 34 22 
00 FF FF 00 10 0D 22 93 00 00 02 00 00 10 02 7A 0C 00 00 32 5A 
00 FF FF 00 10 0D 22 93 00 00 02 00 00 10 02 7B 0C 00 00 2B D4 
00 FF FF 00 10 0D 22 93 00 00 02 00 00 10 02 7C 0C 00 00 1D 42 
00 FF FF 00 10 0D 22 93 00 00 02 00 00 10 02 7D 0C 00 00 18 1A 
00 FF FF 00 10 0D 22 93 00 00 02 00 00 10 02 7E 0C 00 00 1A 61 
00 FF FF 00 10 0D 22 93 00 00 02 00 00 10 02 7F 0C 00 00 2D 4A 
00 FF FF 00 10 0D 22 93 00 00 02 00 00 10 02 80 0C 00 00 32 8A 
00 FF FF 00 10 0D 22 93 00 00 02 00 00 10 02 81 0C 00 00 33 6D 
00 FF FF 00 10 0D 22 93 00 00 02 00 00 10 02 82 0C 00 00 19 CD 
00 FF FF 00 10 0D 22 93 00 00 02 00 00 10 02 83 0C 00 00 31 61 
00 FF FF 00 10 0D 22 93 00 00 02 00 00 10 02 84 0C 00 00 23 31 
00 FF FF 00 10 0D 22 93 00 00 02 00 00 10 02 85 0C 00 00 1C 18 
00 FF FF 00 10 0D 22 93 00 00 02 00 00 10 02 86 0C 00 00 1C 02 
00 FF FF 00 10 0D 22 93 00 00 02 00 00 10 02 87 0C 00 00 23 E1 
00 FF FF 00 10 0D 22 93 00 00 02 00 00 10 02 88 0C 00 00 39 4A 
00 FF FF 00 10 0D 22 93 00 00 02 00 00 10 02 89 0C 00 00 2F 8A 
00 FF FF 00 10 0D 22 93 00 00 02 00 00 10 02 8A 0C 00 00 32 8A 
00 FF FF 00 10 0D 22 93 00 00 02 00 00 10 02 8B 0C 00 00 2E 90 
00 FF FF 00 10 0D 22 93 00 00 02 00 00 10 02 8C 0C 00 00 35 CA 
00 FF FF 00 10 0D 22 93 00 00 02 00 00 10 02 8E 0C 00 00 12 6F 
00 FF FF 00 10 0D 22 93 00 00 02 00 00 10 02 8F 0C 00 00 15 5B 
00 FF FF 00 10 0D 22 93 00 00 02 00 00 10 02 90 0C 00 00 22 DB 
00 FF FF 00 10 0D 22 93 00 00 02 00 00 10 02 91 0C 00 00 3A 34 
00 FF FF 00 10 0D 22 93 00 00 02 00 00 10 02 92 0C 00 00 37 82 
00 FF FF 00 10 0D 22 93 00 00 02 00 00 10 02 93 0C 00 00 38 64 
00 FF FF 00 10 0D 22 93 00 00 02 00 00 10 02 94 0C 00 00 2E B4 
00 FF FF 00 10 0D 22 93 00 00 02 00 00 10 02 95 0C 00 00 23 33 
00 FF FF 00 10 0D 22 93 00 00 02 00 00 10 02 96 0C 00 00 17 ED 
00 FF FF 00 10 0D 22 93 00 00 02 00 00 10 02 97 0C 00 00 16 9D 
00 FF FF 00 10 0D 22 93 00 00 02 00 00 10 02 98 0C 00 00 20 47 
00 FF FF 00 10 0D 22 93 00 00 02 00 00 10 02 99 0C 00 00 36 A4 
00 FF FF 00 10 0D 22 93 00 00 02 00 00 10 02 9A 0C 00 00 36 A4 
00 FF FF 00 10 0D 22 93 00 00 02 00 00 10 02 9B 0C 00 00 2E 49 
00 FF FF 00 10 0D 22 93 00 00 02 00 00 10 02 9C 0C 00 00 38 64 
00 FF FF 00 10 0D 22 93 00 00 02 00 00 10 02 9E 0C 00 00 1C 85 
00 FF FF 00 10 0D 22 93 00 00 02 00 00 10 02 A1 0C 00 00 1A 55 
00 FF FF 00 10 0D 22 93 00 00 02 00 00 10 02 A2 0C 00 00 39 4A 
00 FF FF 00 10 0D 22 93 00 00 02 00 00 10 02 A3 0C 00 00 30 44 
00 FF FF 00 10 0D 22 93 00 00 02 00 00 10 02 A4 0C 00 00 35 09 
00 FF FF 00 10 0D 22 93 00 00 02 00 00 10 02 A5 0C 00 00 36 89 
00 FF FF 00 10 0D 22 93 00 00 02 00 00 10 02 A6 0C 00 00 23 AE 
00 FF FF 00 10 0D 22 93 00 00 02 00 00 10 02 A8 0C 00 00 1E 4D 
00 FF FF 00 10 0D 22 93 00 00 02 00 00 10 02 A9 0C 00 00 24 E6 
00 FF FF 00 10 0D 22 93 00 00 02 00 00 10 02 AA 0C 00 00 2E 22 
00 FF FF 00 10 0D 22 93 00 00 02 00 00 10 02 AB 0C 00 00 36 A4 
00 FF FF 00 10 0D 22 93 00 00 02 00 00 10 02 AC 0C 00 00 2E F9 
00 FF FF 00 10 0D 22 93 00 00 02 00 00 10 02 AD 0C 00 00 38 64 
00 FF FF 00 10 0D 22 93 00 00 02 00 00 10 02 AE 0C 00 00 2C 99 
00 FF FF 00 10 0D 22 93 00 00 02 00 00 10 02 AF 0C 00 00 1D ED 
00 FF FF 00 10 0D 22 93 00 00 02 00 00 10 02 B0 0C 00 00 18 86 
00 FF FF 00 10 0D 22 93 00 00 02 00 00 10 02 B1 0C 00 00 23 79 
00 FF FF 00 10 0D 22 93 00 00 02 00 00 10 02 B2 0C 00 00 30 9E 
00 FF FF 00 10 0D 22 93 00 00 02 00 00 10 02 B3 0C 00 00 34 22 
00 FF FF 00 10 0D 22 93 00 00 02 00 00 10 02 B4 0C 00 00 35 CA 
00 FF FF 00 10 0D 22 93 00 00 02 00 00 10 02 B5 0C 00 00 3B 29 
00 FF FF 00 10 0D 22 93 00 00 02 00 00 10 02 B6 0C 00 00 2F B8 
00 FF FF 00 10 0D 22 93 00 00 02 00 00 10 02 B7 0C 00 00 24 A1 
00 FF FF 00 10 0D 22 93 00 00 02 00 00 10 02 B8 0C 00 00 1B FE 
00 FF FF 00 10 0D 22 93 00 00 02 00 00 10 02 B9 0C 00 00 18 EE 
00 FF FF 00 10 0D 22 93 00 00 02 00 00 10 02 BA 0C 00 00 21 C6 
00 FF FF 00 10 0D 22 93 00 00 02 00 00 10 02 BB 0C 00 00 38 59 
00 FF FF 00 10 0D 22 93 00 00 02 00 00 10 02 BC 0C 00 00 31 C4 
00 FF FF 00 10 0D 22 93 00 00 02 00 00 10 02 BD 0C 00 00 34 22 
00 FF FF 00 10 0D 22 93 00 00 02 00 00 10 02 BE 0C 00 00 38 64 
00 FF FF 00 10 0D 22 93 00 00 02 00 00 10 02 BF 0C 00 00 2A 12 
00 FF FF 00 10 0D 22 93 00 00 02 00 00 10 02 C0 0C 00 00 1C AE 
00 FF FF 00 10 0D 22 93 00 00 02 00 00 10 02 C1 0C 00 00 17 BE 
00 FF FF 00 10 0D 22 93 00 00 02 00 00 10 02 C2 0C 00 00 18 EC 
00 FF FF 00 10 0D 22 93 00 00 02 00 00 10 02 C3 0C 00 00 1A AE 
00 FF FF 00 10 0D 22 93 00 00 02 00 00 10 02 C4 0C 00 00 3C 14 
00 FF FF 00 10 0D 22 93 00 00 02 00 00 10 02 C5 0C 00 00 37 91 
00 FF FF 00 10 0D 22 93 00 00 02 00 00 10 02 C6 0C 00 00 2F 8A 
00 FF FF 00 10 0D 22 93 00 00 02 00 00 10 02 C7 0C 00 00 34 0D 
00 FF FF 00 10 0D 22 93 00 00 02 00 00 10 02 C8 0C 00 00 19 6B 
00 FF FF 00 10 0D 22 93 00 00 02 00 00 10 02 C9 0C 00 00 17 89 
00 FF FF 00 10 0D 22 93 00 00 02 00 00 10 02 CA 0C 00 00 17 F7 
00 FF FF 00 10 0D 22 93 00 00 02 00 00 10 02 CB 0C 00 00 22 15 
00 FF FF 00 10 0D 22 93 00 00 02 00 00 10 02 CC 0C 00 00 2A 2A 
00 FF FF 00 10 0D 22 93 00 00 02 00 00 10 02 CD 0C 00 00 35 CA 
00 FF FF 00 10 0D 22 93 00 00 02 00 00 10 02 CE 0C 00 00 3C 19 
00 FF FF 00 10 0D 22 93 00 00 02 00 00 10 02 CF 0C 00 00 34 39 
00 FF FF 00 10 0D 22 93 00 00 02 00 00 10 02 D0 0C 00 00 22 73 
00 FF FF 00 10 0D 22 93 00 00 02 00 00 10 02 D1 0C 00 00 15 DB 
00 FF FF 00 10 0D 22 93 00 00 02 00 00 10 02 D2 0C 00 00 17 22 
00 FF FF 00 10 0D 22 93 00 00 02 00 00 10 02 D3 0C 00 00 13 DA 
00 FF FF 00 10 0D 22 93 00 00 02 00 00 10 02 D5 0C 00 00 11 59 
00 FF FF 00 10 0D 22 93 00 00 02 00 00 10 02 D6 0C 00 00 32 8A 
00 FF FF 00 10 0D 22 93 00 00 02 00 00 10 02 D7 0C 00 00 2E D4 
00 FF FF 00 10 0D 22 93 00 00 02 00 00 10 02 D8 0C 00 00 33 EA 
00 FF FF 00 10 0D 22 93 00 00 02 00 00 10 02 D9 0C 00 00 26 36 
00 FF FF 00 10 0D 22 93 00 00 02 00 00 10 02 DA 0C 00 00 1A B2 
00 FF FF 00 10 0D 22 93 00 00 02 00 00 10 02 DB 0C 00 00 17 5E 
00 FF FF 00 10 0D 22 93 00 00 02 00 00 10 02 DC 0C 00 00 1B 86 
00 FF FF 00 10 0D 22 93 00 00 02 00 00 10 02 DD 0C 00 00 2B 94 
00 FF FF 00 10 0D 22 93 00 00 02 00 00 10 02 DE 0C 00 00 31 C4 
00 FF FF 00 10 0D 22 93 00 00 02 00 00 10 02 DF 0C 00 00 2F 8A 
00 FF FF 00 10 0D 22 93 00 00 02 00 00 10 02 E0 0C 00 00 35 AE 
00 FF FF 00 10 0D 22 93 00 00 02 00 00 10 02 E1 0C 00 00 2E C2 
00 FF FF 00 10 0D 22 93 00 00 02 00 00 10 02 E2 0C 00 00 18 E6 
00 FF FF 00 10 0D 22 93 00 00 02 00 00 10 02 E3 0C 00 00 15 22 
00 FF FF 00 10 0D 22 93 00 00 02 00 00 10 02 E4 0C 00 00 1B 4B 
00 FF FF 00 10 0D 22 93 00 00 02 00 00 10 02 E5 0C 00 00 23 9D 
00 FF FF 00 10 0D 22 93 00 00 02 00 00 10 02 E6 0C 00 00 34 D0 
00 FF FF 00 10 0D 22 93 00 00 02 00 00 10 02 E7 0C 00 00 31 C4 
00 FF FF 00 10 0D 22 93 00 00 02 00 00 10 02 E8 0C 00 00 2F 8A 
00 FF FF 00 10 0D 22 93 00 00 02 00 00 10 02 E9 0C 00 00 2E F2 
00 FF FF 00 10 0D 22 93 00 00 02 00 00 10 02 EA 0C 00 00 25 81 
00 FF FF 00 10 0D 22 93 00 00 02 00 00 10 02 EB 0C 00 00 18 F9 
00 FF FF 00 10 0D 22 93 00 00 02 00 00 10 02 EC 0C 00 00 14 C4 
00 FF FF 00 10 0D 22 93 00 00 02 00 00 10 02 ED 0C 00 00 1E 84 
00 FF FF 00 10 0D 22 93 00 00 02 00 00 10 02 EE 0C 00 00 2D E4 
00 FF FF 00 10 0D 22 93 00 00 02 00 00 10 02 EF 0C 00 00 33 54 
00 FF FF 00 10 0D 22 93 00 00 02 00 00 10 02 F1 0C 00 00 3C 14 
00 FF FF 00 10 0D 22 93 00 00 02 00 00 10 02 F2 0C 00 00 2A DE 
00 FF FF 00 10 0D 22 93 00 00 02 00 00 10 02 F3 0C 00 00 1E 49 
00 FF FF 00 10 0D 22 93 00 00 02 00 00 10 02 F4 0C 00 00 15 BA 
00 FF FF 00 10 0D 22 93 00 00 02 00 00 10 02 F5 0C 00 00 1A A9 
00 FF FF 00 10 0D 22 93 00 00 02 00 00 10 02 F6 0C 00 00 25 C9 
00 FF FF 00 10 0D 22 93 00 00 02 00 00 10 02 F7 0C 00 00 37 6A 
00 FF FF 00 10 0D 22 93 00 00 02 00 00 10 02 F8 0C 00 00 1E 0C 
00 FF FF 00 10 0D 22 93 00 00 02 00 00 10 02 F9 0C 00 00 3C 14 
00 FF FF 00 10 0D 22 93 00 00 02 00 00 10 02 FA 0C 00 00 36 8C 
00 FF FF 00 10 0D 22 93 00 00 02 00 00 10 02 FB 0C 00 00 26 56 
00 FF FF 00 10 0D 22 93 00 00 02 00 00 10 02 FC 0C 00 00 19 51 
00 FF FF 00 10 0D 22 93 00 00 02 00 00 10 02 FD 0C 00 00 18 8E 
00 FF FF 00 10 0D 22 93 00 00 02 00 00 10 02 FE 0C 00 00 10 29 
00 FF FF 00 10 0D 22 93 00 00 02 00 00 10 02 FF 0C 00 00 2B 9A 
00 FF FF 00 10 0D 22 93 00 00 02 00 00 10 03 00 0C 00 00 2F AD 
00 FF FF 00 10 0D 22 93 00 00 02 00 00 10 03 02 0C 00 00 3C 19 
00 FF FF 00 10 0D 22 93 00 00 02 00 00 10 03 03 0C 00 00 2C 82 
00 FF FF 00 10 0D 22 93 00 00 02 00 00 10 03 04 0C 00 00 15 BD 
00 FF FF 00 10 0D 22 93 00 00 02 00 00 10 03 05 0C 00 00 17 73 
00 FF FF 00 10 0D 22 93 00 00 02 00 00 10 03 06 0C 00 00 14 01 
00 FF FF 00 10 0D 22 93 00 00 02 00 00 10 03 08 0C 00 00 3A 28 
00 FF FF 00 10 0D 22 93 00 00 02 00 00 10 03 09 0C 00 00 3D 0D 
00 FF FF 00 10 0D 22 93 00 00 02 00 00 10 03 0A 0C 00 00 30 44 
00 FF FF 00 10 0D 22 93 00 00 02 00 00 10 03 0B 0C 00 00 2E 44 
00 FF FF 00 10 0D 22 93 00 00 02 00 00 10 03 0C 0C 00 00 29 EB 
00 FF FF 00 10 0D 22 93 00 00 02 00 00 10 03 0D 0C 00 00 18 44 
00 FF FF 00 10 0D 22 93 00 00 02 00 00 10 03 0E 0C 00 00 14 0A 
00 FF FF 00 10 0D 22 93 00 00 02 00 00 10 03 0F 0C 00 00 16 5A 
00 FF FF 00 10 0D 22 93 00 00 02 00 00 10 03 10 0C 00 00 0E EF 
00 FF FF 00 10 0D 22 93 00 00 02 00 00 10 03 11 0C 00 00 25 D0 
00 FF FF 00 10 0D 22 93 00 00 02 00 00 10 03 12 0C 00 00 31 02 
00 FF FF 00 10 0D 22 93 00 00 02 00 00 10 03 13 0C 00 00 3B 29 
00 FF FF 00 10 0D 22 93 00 00 02 00 00 10 03 14 0C 00 00 2C 3B 
00 FF FF 00 10 0D 22 93 00 00 02 00 00 10 03 15 0C 00 00 1F 6B 
00 FF FF 00 10 0D 22 93 00 00 02 00 00 10 03 18 0C 00 00 21 BC 
00 FF FF 00 10 0D 22 93 00 00 02 00 00 10 03 1A 0C 00 00 2F 8A 
00 FF FF 00 10 0D 22 93 00 00 02 00 00 10 03 1B 0C 00 00 1D BD 
00 FF FF 00 10 0D 22 93 00 00 02 00 00 10 03 1C 0C 00 00 3B 1B 
00 FF FF 00 10 0D 22 93 00 00 02 00 00 10 03 1D 0C 00 00 27 BA 
00 FF FF 00 10 0D 22 93 00 00 02 00 00 10 03 1E 0C 00 00 13 66 
00 FF FF 00 10 0D 22 93 00 00 02 00 00 10 03 1F 0C 00 00 13 2B 
00 FF FF 00 10 0D 22 93 00 00 02 00 00 10 03 20 0C 00 00 17 0A 
00 FF FF 00 10 0D 22 93 00 00 02 00 00 10 03 21 0C 00 00 26 0F 
00 FF FF 00 10 0D 22 93 00 00 02 00 00 10 03 22 0C 00 00 34 39 
00 FF FF 00 10 0D 22 93 00 00 02 00 00 10 03 23 0C 00 00 37 82 
00 FF FF 00 10 0D 22 93 00 00 02 00 00 10 03 24 0C 00 00 38 71 
00 FF FF 00 10 0D 22 93 00 00 02 00 00 10 03 25 0C 00 00 31 23 
00 FF FF 00 10 0D 22 93 00 00 02 00 00 10 03 26 0C 00 00 1F 25 
00 FF FF 00 10 0D 22 93 00 00 02 00 00 10 03 27 0C 00 00 16 5C 
00 FF FF 00 10 0D 22 93 00 00 02 00 00 10 03 28 0C 00 00 18 6F 
00 FF FF 00 10 0D 22 93 00 00 02 00 00 10 03 29 0C 00 00 21 36 
00 FF FF 00 10 0D 22 93 00 00 02 00 00 10 03 2A 0C 00 00 2F D8 
00 FF FF 00 10 0D 22 93 00 00 02 00 00 10 03 2C 0C 00 00 3D 0D 
00 FF FF 00 10 0D 22 93 00 00 02 00 00 10 03 2F 0C 00 00 1C 6E 
00 FF FF 00 10 0D 22 93 00 00 02 00 00 10 03 30 0C 00 00 15 61 
00 FF FF 00 10 0D 22 93 00 00 02 00 00 10 03 32 0C 00 00 22 92 
00 FF FF 00 10 0D 22 93 00 00 02 00 00 10 03 33 0C 00 00 30 65 
00 FF FF 00 10 0D 22 93 00 00 02 00 00 10 03 34 0C 00 00 31 E1 
00 FF FF 00 10 0D 22 93 00 00 02 00 00 10 03 35 0C 00 00 34 22 
00 FF FF 00 10 0D 22 93 00 00 02 00 00 10 03 36 0C 00 00 2F 9A 
00 FF FF 00 10 0D 22 93 00 00 02 00 00 10 03 37 0C 00 00 21 CA 
00 FF FF 00 10 0D 22 93 00 00 02 00 00 10 03 38 0C 00 00 1C 6B 
00 FF FF 00 10 0D 22 93 00 00 02 00 00 10 03 3A 0C 00 00 2F 1B 
00 FF FF 00 10 0D 22 93 00 00 02 00 00 10 03 3B 0C 00 00 33 CB 
00 FF FF 00 10 0D 22 93 00 00 02 00 00 10 03 3C 0C 00 00 35 DD 
00 FF FF 00 10 0D 22 93 00 00 02 00 00 10 03 3E 0C 00 00 30 A3 
00 FF FF 00 10 0D 22 93 00 00 02 00 00 10 03 40 0C 00 00 1B 41 
00 FF FF 00 10 0D 22 93 00 00 02 00 00 10 03 42 0C 00 00 1F 8D 
00 FF FF 00 10 0D 22 93 00 00 02 00 00 10 03 45 0C 00 00 37 91 
00 FF FF 00 10 0D 22 93 00 00 02 00 00 10 03 46 0C 00 00 24 7A 
00 FF FF 00 10 0D 22 93 00 00 02 00 00 10 03 47 0C 00 00 32 72 
00 FF FF 00 10 0D 22 93 00 00 02 00 00 10 03 48 0C 00 00 22 34 
00 FF FF 00 10 0D 22 93 00 00 02 00 00 10 03 49 0C 00 00 1B 19 
00 FF FF 00 10 0D 22 93 00 00 02 00 00 10 03 4A 0C 00 00 15 AD 
00 FF FF 00 10 0D 22 93 00 00 02 00 00 10 03 4B 0C 00 00 24 96 
00 FF FF 00 10 0D 22 93 00 00 02 00 00 10 03 4C 0C 00 00 36 B5 
00 FF FF 00 10 0D 22 93 00 00 02 00 00 10 03 4E 0C 00 00 37 91 
00 FF FF 00 10 0D 22 93 00 00 02 00 00 10 03 4F 0C 00 00 3A 2E 
00 FF FF 00 10 0D 22 93 00 00 02 00 00 10 03 51 0C 00 00 27 36 
00 FF FF 00 10 0D 22 93 00 00 02 00 00 10 03 52 0C 00 00 14 69 
00 FF FF 00 10 0D 22 93 00 00 02 00 00 10 03 53 0C 00 00 1B 95 
00 FF FF 00 10 0D 22 93 00 00 02 00 00 10 03 54 0C 00 00 11 FF 
00 FF FF 00 10 0D 22 93 00 00 02 00 00 10 03 55 0C 00 00 35 DD 
00 FF FF 00 10 0D 22 93 00 00 02 00 00 10 03 56 0C 00 00 31 E1 
00 FF FF 00 10 0D 22 93 00 00 02 00 00 10 03 58 0C 00 00 33 0D 
00 FF FF 00 10 0D 22 93 00 00 02 00 00 10 03 59 0C 00 00 22 BE 
00 FF FF 00 10 0D 22 93 00 00 02 00 00 10 03 5A 0C 00 00 1C 05 
00 FF FF 00 10 0D 22 93 00 00 02 00 00 10 03 5B 0C 00 00 17 FE 
00 FF FF 00 10 0D 22 93 00 00 02 00 00 10 03 5C 0C 00 00 2E 5D 
00 FF FF 00 10 0D 22 93 00 00 02 00 00 10 03 5D 0C 00 00 34 22 
00 FF FF 00 10 0D 22 93 00 00 02 00 00 10 03 5E 0C 00 00 2F AD 
00 FF FF 00 10 0D 22 93 00 00 02 00 00 10 03 61 0C 00 00 29 AD 
00 FF FF 00 10 0D 22 93 00 00 02 00 00 10 03 62 0C 00 00 1C B5 
00 FF FF 00 10 0D 22 93 00 00 02 00 00 10 03 63 0C 00 00 18 D5 
00 FF FF 00 10 0D 22 93 00 00 02 00 00 10 03 64 0C 00 00 24 23 
00 FF FF 00 10 0D 22 93 00 00 02 00 00 10 03 65 0C 00 00 32 3A 
00 FF FF 00 10 0D 22 93 00 00 02 00 00 10 03 66 0C 00 00 1D C4 
00 FF FF 00 10 0D 22 93 00 00 02 00 00 10 03 67 0C 00 00 2E 22 
00 FF FF 00 10 0D 22 93 00 00 02 00 00 10 03 68 0C 00 00 31 21 
00 FF FF 00 10 0D 22 93 00 00 02 00 00 10 03 69 0C 00 00 32 A5 
00 FF FF 00 10 0D 22 93 00 00 02 00 00 10 03 6A 0C 00 00 17 64 
00 FF FF 00 10 0D 22 93 00 00 02 00 00 10 03 6B 0C 00 00 19 E1 
00 FF FF 00 10 0D 22 93 00 00 02 00 00 10 03 6C 0C 00 00 1C 34 
00 FF FF 00 10 0D 22 93 00 00 02 00 00 10 03 6D 0C 00 00 27 FD 
00 FF FF 00 10 0D 22 93 00 00 02 00 00 10 03 6E 0C 00 00 34 C5 
00 FF FF 00 10 0D 22 93 00 00 02 00 00 10 03 6F 0C 00 00 3C 19 
00 FF FF 00 10 0D 22 93 00 00 02 00 00 10 03 70 0C 00 00 35 DD 
00 FF FF 00 10 0D 22 93 00 00 02 00 00 10 03 71 0C 00 00 30 CB 
00 FF FF 00 10 0D 22 93 00 00 02 00 00 10 03 72 0C 00 00 18 FE 
00 FF FF 00 10 0D 22 93 00 00 02 00 00 10 03 73 0C 00 00 38 71 
00 FF FF 00 10 0D 22 93 00 00 02 00 00 10 03 74 0C 00 00 18 F2 
00 FF FF 00 10 0D 22 93 00 00 02 00 00 10 03 75 0C 00 00 3A 3D 
00 FF FF 00 10 0D 22 93 00 00 02 00 00 10 03 76 0C 00 00 2C DE 
00 FF FF 00 10 0D 22 93 00 00 02 00 00 10 03 77 0C 00 00 34 F4 
00 FF FF 00 10 0D 22 93 00 00 02 00 00 10 03 78 0C 00 00 38 71 
00 FF FF 00 10 0D 22 93 00 00 02 00 00 10 03 79 0C 00 00 32 A5 
00 FF FF 00 10 0D 22 93 00 00 02 00 00 10 03 7A 0C 00 00 2E 49 
00 FF FF 00 10 0D 22 93 00 00 02 00 00 10 03 7B 0C 00 00 24 0D 
00 FF FF 00 10 0D 22 93 00 00 02 00 00 10 03 7C 0C 00 00 31 E1 
00 FF FF 00 10 0D 22 93 00 00 02 00 00 10 03 7D 0C 00 00 1D 7E 
00 FF FF 00 10 0D 22 93 00 00 02 00 00 10 03 7E 0C 00 00 2A 3D 
00 FF FF 00 10 0D 22 93 00 00 02 00 00 10 03 7F 0C 00 00 3C 19 
00 FF FF 00 10 0D 22 93 00 00 02 00 00 10 03 80 0C 00 00 38 71 
00 FF FF 00 10 0D 22 93 00 00 02 00 00 10 03 81 0C 00 00 3C 19 
00 FF FF 00 10 0D 22 93 00 00 02 00 00 10 03 82 0C 00 00 31 61 
00 FF FF 00 10 0D 22 93 00 00 02 00 00 10 03 83 0C 00 00 28 B9 
00 FF FF 00 10 0D 22 93 00 00 02 00 00 10 03 84 0C 00 00 1B F5 
00 FF FF 00 10 0D 22 93 00 00 02 00 00 10 03 85 0C 00 00 1D 39 
00 FF FF 00 10 0D 22 93 00 00 02 00 00 10 03 86 0C 00 00 16 5D 
00 FF FF 00 10 0D 22 93 00 00 02 00 00 10 03 89 0C 00 00 38 71 
00 FF FF 00 10 0D 22 93 00 00 02 00 00 10 03 8A 0C 00 00 30 65 
00 FF FF 00 10 0D 22 93 00 00 02 00 00 10 03 8C 0C 00 00 0F AF 
00 FF FF 00 10 0D 22 93 00 00 02 00 00 10 03 8D 0C 00 00 18 E5 
00 FF FF 00 10 0D 22 93 00 00 02 00 00 10 03 8E 0C 00 00 18 D9 
00 FF FF 00 10 0D 22 93 00 00 02 00 00 10 03 8F 0C 00 00 18 B2 
00 FF FF 00 10 0D 22 93 00 00 02 00 00 10 03 91 0C 00 00 26 EC 
00 FF FF 00 10 0D 22 93 00 00 02 00 00 10 03 92 0C 00 00 2E F9 
00 FF FF 00 10 0D 22 93 00 00 02 00 00 10 03 93 0C 00 00 3B 22 
00 FF FF 00 10 0D 22 93 00 00 02 00 00 10 03 94 0C 00 00 2B DB 
00 FF FF 00 10 0D 22 93 00 00 02 00 00 10 03 95 0C 00 00 1E D4 
00 FF FF 00 10 0D 22 93 00 00 02 00 00 10 03 96 0C 00 00 1B D9 
00 FF FF 00 10 0D 22 93 00 00 02 00 00 10 03 97 0C 00 00 17 D6 
00 FF FF 00 10 0D 22 93 00 00 02 00 00 10 03 98 0C 00 00 20 86 
00 FF FF 00 10 0D 22 93 00 00 02 00 00 10 03 99 0C 00 00 38 71 
00 FF FF 00 10 0D 22 93 00 00 02 00 00 10 03 9A 0C 00 00 2F AD 
00 FF FF 00 10 0D 22 93 00 00 02 00 00 10 03 9B 0C 00 00 26 91 
00 FF FF 00 10 0D 22 93 00 00 02 00 00 10 03 9C 0C 00 00 32 1E 
00 FF FF 00 10 0D 22 93 00 00 02 00 00 10 03 9D 0C 00 00 16 C1 
00 FF FF 00 10 0D 22 93 00 00 02 00 00 10 03 9E 0C 00 00 18 B6 
00 FF FF 00 10 0D 22 93 00 00 02 00 00 10 03 9F 0C 00 00 13 9C 
00 FF FF 00 10 0D 22 93 00 00 02 00 00 10 03 A0 0C 00 00 1F F2 
00 FF FF 00 10 0D 22 93 00 00 02 00 00 10 03 A1 0C 00 00 25 C1 
00 FF FF 00 10 0D 22 93 00 00 02 00 00 10 03 A2 0C 00 00 2E F9 
00 FF FF 00 10 0D 22 93 00 00 02 00 00 10 03 A3 0C 00 00 3B 29 
00 FF FF 00 10 0D 22 93 00 00 02 00 00 10 03 A4 0C 00 00 3A 3D 
00 FF FF 00 10 0D 22 93 00 00 02 00 00 10 03 A5 0C 00 00 1C 7F 
00 FF FF 00 10 0D 22 93 00 00 02 00 00 10 03 A6 0C 00 00 1C A7 
00 FF FF 00 10 0D 22 93 00 00 02 00 00 10 03 A7 0C 00 00 18 DB 
00 FF FF 00 10 0D 22 93 00 00 02 00 00 10 03 A8 0C 00 00 16 5C 
00 FF FF 00 10 0D 22 93 00 00 02 00 00 10 03 A9 0C 00 00 21 21 
00 FF FF 00 10 0D 22 93 00 00 02 00 00 10 03 AA 0C 00 00 3E 05 
00 FF FF 00 10 0D 22 93 00 00 02 00 00 10 03 AB 0C 00 00 1F 51 
00 FF FF 00 10 0D 22 93 00 00 02 00 00 10 03 AC 0C 00 00 3A 3D 
00 FF FF 00 10 0D 22 93 00 00 02 00 00 10 03 AD 0C 00 00 28 55 
00 FF FF 00 10 0D 22 93 00 00 02 00 00 10 03 AE 0C 00 00 25 22 
00 FF FF 00 10 0D 22 93 00 00 02 00 00 10 03 AF 0C 00 00 1A 83 
00 FF FF 00 10 0D 22 93 00 00 02 00 00 10 03 B0 0C 00 00 1A 2A 
00 FF FF 00 10 0D 22 93 00 00 02 00 00 10 03 B1 0C 00 00 21 15 
00 FF FF 00 10 0D 22 93 00 00 02 00 00 10 03 B2 0C 00 00 25 51 
00 FF FF 00 10 0D 22 93 00 00 02 00 00 10 03 B3 0C 00 00 3B 29 
00 FF FF 00 10 0D 22 93 00 00 02 00 00 10 03 B4 0C 00 00 32 A5 
00 FF FF 00 10 0D 22 93 00 00 02 00 00 10 03 B5 0C 00 00 35 DD 
00 FF FF 00 10 0D 22 93 00 00 02 00 00 10 03 B6 0C 00 00 2A 61 
00 FF FF 00 10 0D 22 93 00 00 02 00 00 10 03 B7 0C 00 00 21 2D 
00 FF FF 00 10 0D 22 93 00 00 02 00 00 10 03 B8 0C 00 00 1B 63 
00 FF FF 00 10 0D 22 93 00 00 02 00 00 10 03 B9 0C 00 00 1F 02 
00 FF FF 00 10 0D 22 93 00 00 02 00 00 10 03 BA 0C 00 00 27 E3 
00 FF FF 00 10 0D 22 93 00 00 02 00 00 10 03 BB 0C 00 00 34 39 
00 FF FF 00 10 0D 22 93 00 00 02 00 00 10 03 BC 0C 00 00 3A 3D 
00 FF FF 00 10 0D 22 93 00 00 02 00 00 10 03 BD 0C 00 00 3B 29 
00 FF FF 00 10 0D 22 93 00 00 02 00 00 10 03 BE 0C 00 00 36 81 
00 FF FF 00 10 0D 22 93 00 00 02 00 00 10 03 BF 0C 00 00 25 F5 
00 FF FF 00 10 0D 22 93 00 00 02 00 00 10 03 C0 0C 00 00 18 92 
00 FF FF 00 10 0D 22 93 00 00 02 00 00 10 03 C1 0C 00 00 1E AE 
00 FF FF 00 10 0D 22 93 00 00 02 00 00 10 03 C3 0C 00 00 2D FD 
00 FF FF 00 10 0D 22 93 00 00 02 00 00 10 03 C4 0C 00 00 2E 49 
00 FF FF 00 10 0D 22 93 00 00 02 00 00 10 03 C5 0C 00 00 39 55 
00 FF FF 00 10 0D 22 93 00 00 02 00 00 10 03 C6 0C 00 00 33 EA 
00 FF FF 00 10 0D 22 93 00 00 02 00 00 10 03 C7 0C 00 00 2E 5D 
00 FF FF 00 10 0D 22 93 00 00 02 00 00 10 03 C8 0C 00 00 1D 0F 
00 FF FF 00 10 0D 22 93 00 00 02 00 00 10 03 C9 0C 00 00 16 6A 
00 FF FF 00 10 0D 22 93 00 00 02 00 00 10 03 CB 0C 00 00 2A 6B 
00 FF FF 00 10 0D 22 93 00 00 02 00 00 10 03 CD 0C 00 00 2A BA 
00 FF FF 00 10 0D 22 93 00 00 02 00 00 10 03 CE 0C 00 00 2E F9 
00 FF FF 00 10 0D 22 93 00 00 02 00 00 10 03 CF 0C 00 00 34 BD 
00 FF FF 00 10 0D 22 93 00 00 02 00 00 10 03 D0 0C 00 00 1D CB 
00 FF FF 00 10 0D 22 93 00 00 02 00 00 10 03 D1 0C 00 00 1C B2 
00 FF FF 00 10 0D 22 93 00 00 02 00 00 10 03 D2 0C 00 00 1D 2B 
00 FF FF 00 10 0D 22 93 00 00 02 00 00 10 03 D3 0C 00 00 1F 01 
00 FF FF 00 10 0D 22 93 00 00 02 00 00 10 03 D4 0C 00 00 31 91 
00 FF FF 00 10 0D 22 93 00 00 02 00 00 10 03 D5 0C 00 00 32 A5 
00 FF FF 00 10 0D 22 93 00 00 02 00 00 10 03 D6 0C 00 00 35 09 
00 FF FF 00 10 0D 22 93 00 00 02 00 00 10 03 D7 0C 00 00 34 A3 
00 FF FF 00 10 0D 22 93 00 00 02 00 00 10 03 D8 0C 00 00 2C 59 
00 FF FF 00 10 0D 22 93 00 00 02 00 00 10 03 DA 0C 00 00 19 11 
00 FF FF 00 10 0D 22 93 00 00 02 00 00 10 03 DB 0C 00 00 19 C1 
00 FF FF 00 10 0D 22 93 00 00 02 00 00 10 03 DC 0C 00 00 26 49 
00 FF FF 00 10 0D 22 93 00 00 02 00 00 10 03 DD 0C 00 00 3D 0D 
00 FF FF 00 10 0D 22 93 00 00 02 00 00 10 03 DE 0C 00 00 3A 3D 
00 FF FF 00 10 0D 22 93 00 00 02 00 00 10 03 DF 0C 00 00 30 65 
00 FF FF 00 10 0D 22 93 00 00 02 00 00 10 03 E0 0C 00 00 2E 25 
00 FF FF 00 10 0D 22 93 00 00 02 00 00 10 03 E1 0C 00 00 27 6E 
00 FF FF 00 10 0D 22 93 00 00 02 00 00 10 03 E2 0C 00 00 1B 4E 
00 FF FF 00 10 0D 22 93 00 00 02 00 00 10 03 E3 0C 00 00 1D 85 
00 FF FF 00 10 0D 22 93 00 00 02 00 00 10 03 E4 0C 00 00 22 AC 
00 FF FF 00 10 0D 22 93 00 00 02 00 00 10 03 E5 0C 00 00 30 B5 
00 FF FF 00 10 0D 22 93 00 00 02 00 00 10 03 E6 0C 00 00 36 B5 
00 FF FF 00 10 0D 22 93 00 00 02 00 00 10 03 E7 0C 00 00 3C 19 
00 FF FF 00 10 0D 22 93 00 00 02 00 00 10 03 E8 0C 00 00 35 09 
00 FF FF 00 10 0D 22 93 00 00 02 00 00 10 03 E9 0C 00 00 2F 4B 
00 FF FF 00 10 0D 22 93 00 00 02 00 00 10 03 EA 0C 00 00 21 49 
00 FF FF 00 10 0D 22 93 00 00 02 00 00 10 03 EB 0C 00 00 19 62 
00 FF FF 00 10 0D 22 93 00 00 02 00 00 10 03 EC 0C 00 00 19 3D 
00 FF FF 00 10 0D 22 93 00 00 02 00 00 10 03 ED 0C 00 00 21 0C 
00 FF FF 00 10 0D 22 93 00 00 02 00 00 10 03 EE 0C 00 00 37 82 
00 FF FF 00 10 0D 22 93 00 00 02 00 00 10 03 EF 0C 00 00 37 91 
00 FF FF 00 10 0D 22 93 00 00 02 00 00 10 03 F0 0C 00 00 2E 49 
00 FF FF 00 10 0D 22 93 00 00 02 00 00 10 03 F1 0C 00 00 35 9B 
00 FF FF 00 10 0D 22 93 00 00 02 00 00 10 03 F2 0C 00 00 26 75 
00 FF FF 00 10 0D 22 93 00 00 02 00 00 10 03 F3 0C 00 00 19 92 
00 FF FF 00 10 0D 22 93 00 00 02 00 00 10 03 F4 0C 00 00 12 2E 
00 FF FF 00 10 0D 22 93 00 00 02 00 00 10 03 F5 0C 00 00 1A CC 
00 FF FF 00 10 0D 22 93 00 00 02 00 00 10 03 F6 0C 00 00 2A BA 
00 FF FF 00 10 0D 22 93 00 00 02 00 00 10 03 F7 0C 00 00 3B 29 
00 FF FF 00 10 0D 22 93 00 00 02 00 00 10 03 F8 0C 00 00 35 DD 
00 FF FF 00 10 0D 22 93 00 00 02 00 00 10 03 F9 0C 00 00 33 6D 
00 FF FF 00 10 0D 22 93 00 00 02 00 00 10 03 FA 0C 00 00 30 5F 
00 FF FF 00 10 0D 22 93 00 00 02 00 00 10 03 FB 0C 00 00 1F CC 
00 FF FF 00 10 0D 22 93 00 00 02 00 00 10 03 FC 0C 00 00 15 FB 
00 FF FF 00 10 0D 22 93 00 00 02 00 00 10 03 FD 0C 00 00 19 F2 
00 FF FF 00 10 0D 22 93 00 00 02 00 00 10 03 FE 0C 00 00 25 8A 
00 FF FF 00 10 0D 22 93 00 00 02 00 00 10 03 FF 0C 00 00 2A 38 
00 FF FF 00 10 0D 22 93 00 00 02 00 00 10 04 00 0C 00 00 36 B5 
00 FF FF 00 10 0D 22 93 00 00 02 00 00 10 04 01 0C 00 00 3A 3D 
00 FF FF 00 10 0D 22 93 00 00 02 00 00 10 04 02 0C 00 00 36 7D 
00 FF FF 00 10 0D 22 93 00 00 02 00 00 10 04 03 0C 00 00 27 8F 
00 FF FF 00 10 0D 22 93 00 00 02 00 00 10 04 04 0C 00 00 19 4E 
00 FF FF 00 10 0D 22 93 00 00 02 00 00 10 04 05 0C 00 00 16 CD 
00 FF FF 00 10 0D 22 93 00 00 02 00 00 10 04 06 0C 00 00 1B BA 
00 FF FF 00 10 0D 22 93 00 00 02 00 00 10 04 07 0C 00 00 0D EF 
00 FF FF 00 10 0D 22 93 00 00 02 00 00 10 04 09 0C 00 00 1B 2B 
00 FF FF 00 10 0D 22 93 00 00 02 00 00 10 04 0A 0C 00 00 32 A5 
00 FF FF 00 10 0D 22 93 00 00 02 00 00 10 04 0B 0C 00 00 31 AA 
00 FF FF 00 10 0D 22 93 00 00 02 00 00 10 04 0C 0C 00 00 1F 75 
00 FF FF 00 10 0D 22 93 00 00 02 00 00 10 04 0D 0C 00 00 19 A6 
00 FF FF 00 10 0D 22 93 00 00 02 00 00 10 04 0E 0C 00 00 23 54 
00 FF FF 00 10 0D 22 93 00 00 02 00 00 10 04 0F 0C 00 00 2C ED 
00 FF FF 00 10 0D 22 93 00 00 02 00 00 10 04 10 0C 00 00 2A C4 
00 FF FF 00 10 0D 22 93 00 00 02 00 00 10 04 11 0C 00 00 33 FE 
00 FF FF 00 10 0D 22 93 00 00 02 00 00 10 04 12 0C 00 00 1B 44 
00 FF FF 00 10 0D 22 93 00 00 02 00 00 10 04 14 0C 00 00 23 CB 
00 FF FF 00 10 0D 22 93 00 00 02 00 00 10 04 15 0C 00 00 17 4F 
00 FF FF 00 10 0D 22 93 00 00 02 00 00 10 04 16 0C 00 00 19 0A 
00 FF FF 00 10 0D 22 93 00 00 02 00 00 10 04 17 0C 00 00 1D B1 
00 FF FF 00 10 0D 22 93 00 00 02 00 00 10 04 18 0C 00 00 35 99 
00 FF FF 00 10 0D 22 93 00 00 02 00 00 10 04 1A 0C 00 00 31 21 
00 FF FF 00 10 0D 22 93 00 00 02 00 00 10 04 1B 0C 00 00 3D 0D 
00 FF FF 00 10 0D 22 93 00 00 02 00 00 10 04 1C 0C 00 00 2F 09 
00 FF FF 00 10 0D 22 93 00 00 02 00 00 10 04 1D 0C 00 00 20 06 
00 FF FF 00 10 0D 22 93 00 00 02 00 00 10 04 1E 0C 00 00 17 66 
00 FF FF 00 10 0D 22 93 00 00 02 00 00 10 04 1F 0C 00 00 18 8F 
00 FF FF 00 10 0D 22 93 00 00 02 00 00 10 04 20 0C 00 00 19 86 
00 FF FF 00 10 0D 22 93 00 00 02 00 00 10 04 21 0C 00 00 32 71 
00 FF FF 00 10 0D 22 93 00 00 02 00 00 10 04 22 0C 00 00 32 A5 
00 FF FF 00 10 0D 22 93 00 00 02 00 00 10 04 23 0C 00 00 31 E1 
00 FF FF 00 10 0D 22 93 00 00 02 00 00 10 04 24 0C 00 00 3C 12 
00 FF FF 00 10 0D 22 93 00 00 02 00 00 10 04 25 0C 00 00 28 71 
00 FF FF 00 10 0D 22 93 00 00 02 00 00 10 04 26 0C 00 00 19 B6 
00 FF FF 00 10 0D 22 93 00 00 02 00 00 10 04 27 0C 00 00 13 1A 
00 FF FF 00 10 0D 22 93 00 00 02 00 00 10 04 28 0C 00 00 1F D9 
00 FF FF 00 10 0D 22 93 00 00 02 00 00 10 04 29 0C 00 00 1E B4 
00 FF FF 00 10 0D 22 93 00 00 02 00 00 10 04 2A 0C 00 00 3D 0D 
00 FF FF 00 10 0D 22 93 00 00 02 00 00 10 04 2B 0C 00 00 32 A5 
00 FF FF 00 10 0D 22 93 00 00 02 00 00 10 04 2C 0C 00 00 33 6D 
00 FF FF 00 10 0D 22 93 00 00 02 00 00 10 04 2D 0C 00 00 2F 4E 
00 FF FF 00 10 0D 22 93 00 00 02 00 00 10 04 2E 0C 00 00 21 8B 
00 FF FF 00 10 0D 22 93 00 00 02 00 00 10 04 2F 0C 00 00 1A 11 
00 FF FF 00 10 0D 22 93 00 00 02 00 00 10 04 31 0C 00 00 26 69 
00 FF FF 00 10 0D 22 93 00 00 02 00 00 10 04 32 0C 00 00 30 65 
00 FF FF 00 10 0D 22 93 00 00 02 00 00 10 04 33 0C 00 00 31 E1 
00 FF FF 00 10 0D 22 93 00 00 02 00 00 10 04 34 0C 00 00 3D 0D 
00 FF FF 00 10 0D 22 93 00 00 02 00 00 10 04 35 0C 00 00 12 4B 
00 FF FF 00 10 0D 22 93 00 00 02 00 00 10 04 36 0C 00 00 2A 44 
00 FF FF 00 10 0D 22 93 00 00 02 00 00 10 04 37 0C 00 00 20 0C 
00 FF FF 00 10 0D 22 93 00 00 02 00 00 10 04 38 0C 00 00 1A 51 
00 FF FF 00 10 0D 22 93 00 00 02 00 00 10 04 3A 0C 00 00 2E 44 
00 FF FF 00 10 0D 22 93 00 00 02 00 00 10 04 3B 0C 00 00 3A 3D 
00 FF FF 00 10 0D 22 93 00 00 02 00 00 10 04 3C 0C 00 00 35 09 
00 FF FF 00 10 0D 22 93 00 00 02 00 00 10 04 3D 0C 00 00 3B 29 
00 FF FF 00 10 0D 22 93 00 00 02 00 00 10 04 3E 0C 00 00 2E 75 
00 FF FF 00 10 0D 22 93 00 00 02 00 00 10 04 3F 0C 00 00 22 2C 
00 FF FF 00 10 0D 22 93 00 00 02 00 00 10 04 40 0C 00 00 1A FB 
00 FF FF 00 10 0D 22 93 00 00 02 00 00 10 04 41 0C 00 00 1A EB 
00 FF FF 00 10 0D 22 93 00 00 02 00 00 10 04 42 0C 00 00 23 D1 
00 FF FF 00 10 0D 22 93 00 00 02 00 00 10 04 43 0C 00 00 33 6D 
00 FF FF 00 10 0D 22 93 00 00 02 00 00 10 04 44 0C 00 00 3D 0D 
00 FF FF 00 10 0D 22 93 00 00 02 00 00 10 04 45 0C 00 00 34 39 
00 FF FF 00 10 0D 22 93 00 00 02 00 00 10 04 46 0C 00 00 33 ED 
00 FF FF 00 10 0D 22 93 00 00 02 00 00 10 04 47 0C 00 00 29 C5 
00 FF FF 00 10 0D 22 93 00 00 02 00 00 10 04 48 0C 00 00 1C 16 
00 FF FF 00 10 0D 22 93 00 00 02 00 00 10 04 49 0C 00 00 1C 81 
00 FF FF 00 10 0D 22 93 00 00 02 00 00 10 04 4A 0C 00 00 1D A2 
00 FF FF 00 10 0D 22 93 00 00 02 00 00 10 04 4B 0C 00 00 2C A5 
00 FF FF 00 10 0D 22 93 00 00 02 00 00 10 04 4C 0C 00 00 3C 19 
00 FF FF 00 10 0D 22 93 00 00 02 00 00 10 04 4D 0C 00 00 2E 49 
00 FF FF 00 10 0D 22 93 00 00 02 00 00 10 04 4E 0C 00 00 35 DD 
00 FF FF 00 10 0D 22 93 00 00 02 00 00 10 04 4F 0C 00 00 2E D0 
00 FF FF 00 10 0D 22 93 00 00 02 00 00 10 04 50 0C 00 00 23 8D 
00 FF FF 00 10 0D 22 93 00 00 02 00 00 10 04 51 0C 00 00 19 3B 
00 FF FF 00 10 0D 22 93 00 00 02 00 00 10 04 52 0C 00 00 20 3D 
00 FF FF 00 10 0D 22 93 00 00 02 00 00 10 04 53 0C 00 00 23 3D 
00 FF FF 00 10 0D 22 93 00 00 02 00 00 10 04 54 0C 00 00 39 55 
00 FF FF 00 10 0D 22 93 00 00 02 00 00 10 04 55 0C 00 00 2E F9 
00 FF FF 00 10 0D 22 93 00 00 02 00 00 10 04 56 0C 00 00 33 6D 
00 FF FF 00 10 0D 22 93 00 00 02 00 00 10 04 57 0C 00 00 38 54 
00 FF FF 00 10 0D 22 93 00 00 02 00 00 10 04 58 0C 00 00 2B 44 
00 FF FF 00 10 0D 22 93 00 00 02 00 00 10 04 59 0C 00 00 1C B5 
00 FF FF 00 10 0D 22 93 00 00 02 00 00 10 04 5A 0C 00 00 19 E3 
00 FF FF 00 10 0D 22 93 00 00 02 00 00 10 04 5B 0C 00 00 24 23 
00 FF FF 00 10 0D 22 93 00 00 02 00 00 10 04 5C 0C 00 00 2F B5 
00 FF FF 00 10 0D 22 93 00 00 02 00 00 10 04 5D 0C 00 00 35 09 
00 FF FF 00 10 0D 22 93 00 00 02 00 00 10 04 5E 0C 00 00 32 A5 
00 FF FF 00 10 0D 22 93 00 00 02 00 00 10 04 5F 0C 00 00 35 09 
00 FF FF 00 10 0D 22 93 00 00 02 00 00 10 04 60 0C 00 00 27 AD 
00 FF FF 00 10 0D 22 93 00 00 02 00 00 10 04 62 0C 00 00 0F FE 
00 FF FF 00 10 0D 22 93 00 00 02 00 00 10 04 63 0C 00 00 2E 49 
00 FF FF 00 10 0D 22 93 00 00 02 00 00 10 04 64 0C 00 00 1F 82 
00 FF FF 00 10 0D 22 93 00 00 02 00 00 10 04 65 0C 00 00 3D 0D 
00 FF FF 00 10 0D 22 93 00 00 02 00 00 10 04 66 0C 00 00 32 A5 
00 FF FF 00 10 0D 22 93 00 00 02 00 00 10 04 67 0C 00 00 3B 29 
00 FF FF 00 10 0D 22 93 00 00 02 00 00 10 04 68 0C 00 00 3C 19 
00 FF FF 00 10 0D 22 93 00 00 02 00 00 10 04 69 0C 00 00 35 DD 
00 FF FF 00 10 0D 22 93 00 00 02 00 00 10 04 6A 0C 00 00 38 71 
