00 FF FF 00 10 0D 22 93 00 00 02 00 00 10 14 B5 0C 00 00 33 08 
00 FF FF 00 10 0D 22 93 00 00 02 00 00 10 14 B6 0C 00 00 32 F9 
00 FF FF 00 10 0D 22 93 00 00 02 00 00 10 14 B7 0C 00 00 25 91 
00 FF FF 00 10 0D 22 93 00 00 02 00 00 10 14 B8 0C 00 00 1C CB 
00 FF FF 00 10 0D 22 93 00 00 02 00 00 10 14 B9 0C 00 00 1B 05 
00 FF FF 00 10 0D 22 93 00 00 02 00 00 10 14 BA 0C 00 00 22 62 
00 FF FF 00 10 0D 22 93 00 00 02 00 00 10 14 BD 0C 00 00 3B 22 
00 FF FF 00 10 0D 22 93 00 00 02 00 00 10 14 BE 0C 00 00 31 91 
00 FF FF 00 10 0D 22 93 00 00 02 00 00 10 14 C4 0C 00 00 34 22 
00 FF FF 00 10 0D 22 93 00 00 02 00 00 10 14 C5 0C 00 00 34 22 
00 FF FF 00 10 0D 22 93 00 00 02 00 00 10 14 C6 0C 00 00 39 4A 
00 FF FF 00 10 0D 22 93 00 00 02 00 00 10 14 C7 0C 00 00 2F 99 
00 FF FF 00 10 0D 22 93 00 00 02 00 00 10 14 C8 0C 00 00 26 49 
00 FF FF 00 10 0D 22 93 00 00 02 00 00 10 14 C9 0C 00 00 1C 3D 
00 FF FF 00 10 0D 22 93 00 00 02 00 00 10 14 CB 0C 00 00 26 6A 
00 FF FF 00 10 0D 22 93 00 00 02 00 00 10 14 CC 0C 00 00 36 A4 
00 FF FF 00 10 0D 22 93 00 00 02 00 00 10 14 CD 0C 00 00 1D F9 
00 FF FF 00 10 0D 22 93 00 00 02 00 00 10 14 CE 0C 00 00 39 4A 
00 FF FF 00 10 0D 22 93 00 00 02 00 00 10 14 D1 0C 00 00 1F 5B 
00 FF FF 00 10 0D 22 93 00 00 02 00 00 10 14 D3 0C 00 00 20 93 
00 FF FF 00 10 0D 22 93 00 00 02 00 00 10 14 D4 0C 00 00 27 7A 
00 FF FF 00 10 0D 22 93 00 00 02 00 00 10 14 D7 0C 00 00 1B 75 
00 FF FF 00 10 0D 22 93 00 00 02 00 00 10 14 D8 0C 00 00 33 CB 
00 FF FF 00 10 0D 22 93 00 00 02 00 00 10 14 DA 0C 00 00 19 F4 
00 FF FF 00 10 0D 22 93 00 00 02 00 00 10 14 DB 0C 00 00 1D 25 
00 FF FF 00 10 0D 22 93 00 00 02 00 00 10 14 DE 0C 00 00 2B 35 
00 FF FF 00 10 0D 22 93 00 00 02 00 00 10 14 E8 0C 00 00 34 22 
00 FF FF 00 10 0D 22 93 00 00 02 00 00 10 14 EB 0C 00 00 1A 5D 
00 FF FF 00 10 0D 22 93 00 00 02 00 00 10 14 EC 0C 00 00 17 B1 
00 FF FF 00 10 0D 22 93 00 00 02 00 00 10 14 ED 0C 00 00 25 DD 
00 FF FF 00 10 0D 22 93 00 00 02 00 00 10 14 EF 0C 00 00 2C 59 
00 FF FF 00 10 0D 22 93 00 00 02 00 00 10 14 F1 0C 00 00 2C CA 
00 FF FF 00 10 0D 22 93 00 00 02 00 00 10 14 F3 0C 00 00 14 64 
00 FF FF 00 10 0D 22 93 00 00 02 00 00 10 14 F4 0C 00 00 17 B1 
00 FF FF 00 10 0D 22 93 00 00 02 00 00 10 14 F7 0C 00 00 34 22 
00 FF FF 00 10 0D 22 93 00 00 02 00 00 10 14 F9 0C 00 00 34 F4 
00 FF FF 00 10 0D 22 93 00 00 02 00 00 10 14 FA 0C 00 00 36 71 
00 FF FF 00 10 0D 22 93 00 00 02 00 00 10 14 FB 0C 00 00 27 CB 
00 FF FF 00 10 0D 22 93 00 00 02 00 00 10 14 FC 0C 00 00 1B 81 
00 FF FF 00 10 0D 22 93 00 00 02 00 00 10 14 FD 0C 00 00 18 AD 
00 FF FF 00 10 0D 22 93 00 00 02 00 00 10 14 FE 0C 00 00 11 56 
00 FF FF 00 10 0D 22 93 00 00 02 00 00 10 15 00 0C 00 00 22 21 
00 FF FF 00 10 0D 22 93 00 00 02 00 00 10 15 01 0C 00 00 3A 34 
00 FF FF 00 10 0D 22 93 00 00 02 00 00 10 15 03 0C 00 00 31 55 
00 FF FF 00 10 0D 22 93 00 00 02 00 00 10 15 05 0C 00 00 16 FD 
00 FF FF 00 10 0D 22 93 00 00 02 00 00 10 15 06 0C 00 00 1C 19 
00 FF FF 00 10 0D 22 93 00 00 02 00 00 10 15 07 0C 00 00 24 51 
00 FF FF 00 10 0D 22 93 00 00 02 00 00 10 15 08 0C 00 00 12 02 
00 FF FF 00 10 0D 22 93 00 00 02 00 00 10 15 09 0C 00 00 2B 21 
00 FF FF 00 10 0D 22 93 00 00 02 00 00 10 15 0A 0C 00 00 19 FB 
00 FF FF 00 10 0D 22 93 00 00 02 00 00 10 15 0B 0C 00 00 35 8D 
00 FF FF 00 10 0D 22 93 00 00 02 00 00 10 15 0E 0C 00 00 18 93 
00 FF FF 00 10 0D 22 93 00 00 02 00 00 10 15 0F 0C 00 00 1C A1 
00 FF FF 00 10 0D 22 93 00 00 02 00 00 10 15 10 0C 00 00 35 B9 
00 FF FF 00 10 0D 22 93 00 00 02 00 00 10 15 11 0C 00 00 37 82 
00 FF FF 00 10 0D 22 93 00 00 02 00 00 10 15 12 0C 00 00 31 C4 
00 FF FF 00 10 0D 22 93 00 00 02 00 00 10 15 15 0C 00 00 20 BB 
00 FF FF 00 10 0D 22 93 00 00 02 00 00 10 15 16 0C 00 00 17 25 
00 FF FF 00 10 0D 22 93 00 00 02 00 00 10 15 18 0C 00 00 11 FD 
00 FF FF 00 10 0D 22 93 00 00 02 00 00 10 15 1A 0C 00 00 24 0D 
00 FF FF 00 10 0D 22 93 00 00 02 00 00 10 15 1D 0C 00 00 15 02 
00 FF FF 00 10 0D 22 93 00 00 02 00 00 10 15 1E 0C 00 00 18 5A 
00 FF FF 00 10 0D 22 93 00 00 02 00 00 10 15 20 0C 00 00 21 95 
00 FF FF 00 10 0D 22 93 00 00 02 00 00 10 15 21 0C 00 00 16 6E 
00 FF FF 00 10 0D 22 93 00 00 02 00 00 10 15 27 0C 00 00 12 FD 
00 FF FF 00 10 0D 22 93 00 00 02 00 00 10 15 28 0C 00 00 1E 72 
00 FF FF 00 10 0D 22 93 00 00 02 00 00 10 15 2C 0C 00 00 2D 74 
00 FF FF 00 10 0D 22 93 00 00 02 00 00 10 15 2F 0C 00 00 1A ED 
00 FF FF 00 10 0D 22 93 00 00 02 00 00 10 15 33 0C 00 00 2E D4 
00 FF FF 00 10 0D 22 93 00 00 02 00 00 10 15 35 0C 00 00 2E 22 
00 FF FF 00 10 0D 22 93 00 00 02 00 00 10 15 36 0C 00 00 19 C6 
00 FF FF 00 10 0D 22 93 00 00 02 00 00 10 15 37 0C 00 00 15 92 
00 FF FF 00 10 0D 22 93 00 00 02 00 00 10 15 38 0C 00 00 18 AD 
00 FF FF 00 10 0D 22 93 00 00 02 00 00 10 15 39 0C 00 00 1E BD 
00 FF FF 00 10 0D 22 93 00 00 02 00 00 10 15 3A 0C 00 00 2A 4B 
00 FF FF 00 10 0D 22 93 00 00 02 00 00 10 15 3C 0C 00 00 2F 8A 
00 FF FF 00 10 0D 22 93 00 00 02 00 00 10 15 3F 0C 00 00 2A 11 
00 FF FF 00 10 0D 22 93 00 00 02 00 00 10 15 40 0C 00 00 17 7C 
00 FF FF 00 10 0D 22 93 00 00 02 00 00 10 15 41 0C 00 00 16 CD 
00 FF FF 00 10 0D 22 93 00 00 02 00 00 10 15 46 0C 00 00 32 8A 
00 FF FF 00 10 0D 22 93 00 00 02 00 00 10 15 47 0C 00 00 2E 19 
00 FF FF 00 10 0D 22 93 00 00 02 00 00 10 15 48 0C 00 00 23 69 
00 FF FF 00 10 0D 22 93 00 00 02 00 00 10 15 49 0C 00 00 19 13 
00 FF FF 00 10 0D 22 93 00 00 02 00 00 10 15 4A 0C 00 00 17 2B 
00 FF FF 00 10 0D 22 93 00 00 02 00 00 10 15 4B 0C 00 00 24 29 
00 FF FF 00 10 0D 22 93 00 00 02 00 00 10 15 4C 0C 00 00 34 22 
00 FF FF 00 10 0D 22 93 00 00 02 00 00 10 15 4D 0C 00 00 37 82 
00 FF FF 00 10 0D 22 93 00 00 02 00 00 10 15 4E 0C 00 00 17 8A 
00 FF FF 00 10 0D 22 93 00 00 02 00 00 10 15 4F 0C 00 00 35 B9 
00 FF FF 00 10 0D 22 93 00 00 02 00 00 10 15 50 0C 00 00 2A 3B 
00 FF FF 00 10 0D 22 93 00 00 02 00 00 10 15 51 0C 00 00 1B E1 
00 FF FF 00 10 0D 22 93 00 00 02 00 00 10 15 52 0C 00 00 1D 0D 
00 FF FF 00 10 0D 22 93 00 00 02 00 00 10 15 53 0C 00 00 1A 3A 
00 FF FF 00 10 0D 22 93 00 00 02 00 00 10 15 54 0C 00 00 1A A6 
00 FF FF 00 10 0D 22 93 00 00 02 00 00 10 15 56 0C 00 00 2E 22 
00 FF FF 00 10 0D 22 93 00 00 02 00 00 10 15 57 0C 00 00 31 02 
00 FF FF 00 10 0D 22 93 00 00 02 00 00 10 15 58 0C 00 00 2B A6 
00 FF FF 00 10 0D 22 93 00 00 02 00 00 10 15 59 0C 00 00 22 79 
00 FF FF 00 10 0D 22 93 00 00 02 00 00 10 15 5A 0C 00 00 1B BD 
00 FF FF 00 10 0D 22 93 00 00 02 00 00 10 15 5C 0C 00 00 27 7B 
00 FF FF 00 10 0D 22 93 00 00 02 00 00 10 15 5D 0C 00 00 30 44 
00 FF FF 00 10 0D 22 93 00 00 02 00 00 10 15 5E 0C 00 00 34 22 
00 FF FF 00 10 0D 22 93 00 00 02 00 00 10 15 60 0C 00 00 33 54 
00 FF FF 00 10 0D 22 93 00 00 02 00 00 10 15 61 0C 00 00 27 4D 
00 FF FF 00 10 0D 22 93 00 00 02 00 00 10 15 62 0C 00 00 1C 71 
00 FF FF 00 10 0D 22 93 00 00 02 00 00 10 15 63 0C 00 00 17 F9 
00 FF FF 00 10 0D 22 93 00 00 02 00 00 10 15 64 0C 00 00 20 45 
00 FF FF 00 10 0D 22 93 00 00 02 00 00 10 15 66 0C 00 00 39 4A 
00 FF FF 00 10 0D 22 93 00 00 02 00 00 10 15 69 0C 00 00 36 71 
00 FF FF 00 10 0D 22 93 00 00 02 00 00 10 15 6A 0C 00 00 24 5D 
00 FF FF 00 10 0D 22 93 00 00 02 00 00 10 15 6D 0C 00 00 26 25 
00 FF FF 00 10 0D 22 93 00 00 02 00 00 10 15 6E 0C 00 00 2F 8A 
00 FF FF 00 10 0D 22 93 00 00 02 00 00 10 15 6F 0C 00 00 33 54 
00 FF FF 00 10 0D 22 93 00 00 02 00 00 10 15 70 0C 00 00 36 A4 
00 FF FF 00 10 0D 22 93 00 00 02 00 00 10 15 72 0C 00 00 2B BB 
00 FF FF 00 10 0D 22 93 00 00 02 00 00 10 15 73 0C 00 00 1E BD 
00 FF FF 00 10 0D 22 93 00 00 02 00 00 10 15 74 0C 00 00 17 A9 
00 FF FF 00 10 0D 22 93 00 00 02 00 00 10 15 76 0C 00 00 0F FE 
00 FF FF 00 10 0D 22 93 00 00 02 00 00 10 15 77 0C 00 00 2E 22 
00 FF FF 00 10 0D 22 93 00 00 02 00 00 10 15 78 0C 00 00 2C CA 
00 FF FF 00 10 0D 22 93 00 00 02 00 00 10 15 79 0C 00 00 2D 74 
00 FF FF 00 10 0D 22 93 00 00 02 00 00 10 15 7A 0C 00 00 36 75 
00 FF FF 00 10 0D 22 93 00 00 02 00 00 10 15 7B 0C 00 00 24 29 
00 FF FF 00 10 0D 22 93 00 00 02 00 00 10 15 7D 0C 00 00 1F 49 
00 FF FF 00 10 0D 22 93 00 00 02 00 00 10 15 7E 0C 00 00 23 93 
00 FF FF 00 10 0D 22 93 00 00 02 00 00 10 15 80 0C 00 00 30 44 
00 FF FF 00 10 0D 22 93 00 00 02 00 00 10 15 81 0C 00 00 3A 34 
00 FF FF 00 10 0D 22 93 00 00 02 00 00 10 15 83 0C 00 00 29 2D 
00 FF FF 00 10 0D 22 93 00 00 02 00 00 10 15 84 0C 00 00 1E 09 
00 FF FF 00 10 0D 22 93 00 00 02 00 00 10 15 85 0C 00 00 19 59 
00 FF FF 00 10 0D 22 93 00 00 02 00 00 10 15 86 0C 00 00 23 31 
00 FF FF 00 10 0D 22 93 00 00 02 00 00 10 15 87 0C 00 00 2D 4B 
00 FF FF 00 10 0D 22 93 00 00 02 00 00 10 15 88 0C 00 00 32 8A 
00 FF FF 00 10 0D 22 93 00 00 02 00 00 10 15 89 0C 00 00 33 54 
00 FF FF 00 10 0D 22 93 00 00 02 00 00 10 15 8A 0C 00 00 3C 14 
00 FF FF 00 10 0D 22 93 00 00 02 00 00 10 15 8B 0C 00 00 32 25 
00 FF FF 00 10 0D 22 93 00 00 02 00 00 10 15 8D 0C 00 00 10 C2 
00 FF FF 00 10 0D 22 93 00 00 02 00 00 10 15 8E 0C 00 00 13 62 
00 FF FF 00 10 0D 22 93 00 00 02 00 00 10 15 91 0C 00 00 2E D4 
00 FF FF 00 10 0D 22 93 00 00 02 00 00 10 15 92 0C 00 00 2E D4 
00 FF FF 00 10 0D 22 93 00 00 02 00 00 10 15 95 0C 00 00 1E C5 
00 FF FF 00 10 0D 22 93 00 00 02 00 00 10 15 96 0C 00 00 17 B1 
00 FF FF 00 10 0D 22 93 00 00 02 00 00 10 15 97 0C 00 00 19 2B 
00 FF FF 00 10 0D 22 93 00 00 02 00 00 10 15 98 0C 00 00 13 D2 
00 FF FF 00 10 0D 22 93 00 00 02 00 00 10 15 99 0C 00 00 31 02 
00 FF FF 00 10 0D 22 93 00 00 02 00 00 10 15 9A 0C 00 00 3D 0A 
00 FF FF 00 10 0D 22 93 00 00 02 00 00 10 15 9B 0C 00 00 2F 8A 
00 FF FF 00 10 0D 22 93 00 00 02 00 00 10 15 9D 0C 00 00 1D F2 
00 FF FF 00 10 0D 22 93 00 00 02 00 00 10 15 A0 0C 00 00 27 11 
00 FF FF 00 10 0D 22 93 00 00 02 00 00 10 15 A2 0C 00 00 2E 22 
00 FF FF 00 10 0D 22 93 00 00 02 00 00 10 15 A5 0C 00 00 2E 19 
00 FF FF 00 10 0D 22 93 00 00 02 00 00 10 15 A7 0C 00 00 18 FB 
00 FF FF 00 10 0D 22 93 00 00 02 00 00 10 15 A8 0C 00 00 1A F9 
00 FF FF 00 10 0D 22 93 00 00 02 00 00 10 15 A9 0C 00 00 2A 4B 
00 FF FF 00 10 0D 22 93 00 00 02 00 00 10 15 AA 0C 00 00 37 82 
00 FF FF 00 10 0D 22 93 00 00 02 00 00 10 15 AB 0C 00 00 2C CA 
00 FF FF 00 10 0D 22 93 00 00 02 00 00 10 15 AC 0C 00 00 2F 8A 
00 FF FF 00 10 0D 22 93 00 00 02 00 00 10 15 AF 0C 00 00 1B CB 
00 FF FF 00 10 0D 22 93 00 00 02 00 00 10 15 B0 0C 00 00 17 3D 
00 FF FF 00 10 0D 22 93 00 00 02 00 00 10 15 B1 0C 00 00 1F FA 
00 FF FF 00 10 0D 22 93 00 00 02 00 00 10 15 B2 0C 00 00 2D 74 
00 FF FF 00 10 0D 22 93 00 00 02 00 00 10 15 BA 0C 00 00 2E 01 
00 FF FF 00 10 0D 22 93 00 00 02 00 00 10 15 BB 0C 00 00 31 02 
00 FF FF 00 10 0D 22 93 00 00 02 00 00 10 15 BF 0C 00 00 26 33 
00 FF FF 00 10 0D 22 93 00 00 02 00 00 10 15 C1 0C 00 00 17 CD 
00 FF FF 00 10 0D 22 93 00 00 02 00 00 10 15 C4 0C 00 00 34 22 
00 FF FF 00 10 0D 22 93 00 00 02 00 00 10 15 C5 0C 00 00 1C 83 
00 FF FF 00 10 0D 22 93 00 00 02 00 00 10 15 C7 0C 00 00 30 44 
00 FF FF 00 10 0D 22 93 00 00 02 00 00 10 15 C8 0C 00 00 1F D3 
00 FF FF 00 10 0D 22 93 00 00 02 00 00 10 15 C9 0C 00 00 18 B9 
00 FF FF 00 10 0D 22 93 00 00 02 00 00 10 15 CB 0C 00 00 2E CD 
00 FF FF 00 10 0D 22 93 00 00 02 00 00 10 15 CD 0C 00 00 38 64 
00 FF FF 00 10 0D 22 93 00 00 02 00 00 10 15 D2 0C 00 00 18 CB 
00 FF FF 00 10 0D 22 93 00 00 02 00 00 10 15 D3 0C 00 00 18 DE 
00 FF FF 00 10 0D 22 93 00 00 02 00 00 10 15 D4 0C 00 00 32 8A 
00 FF FF 00 10 0D 22 93 00 00 02 00 00 10 15 D5 0C 00 00 34 F4 
00 FF FF 00 10 0D 22 93 00 00 02 00 00 10 15 D8 0C 00 00 30 CA 
00 FF FF 00 10 0D 22 93 00 00 02 00 00 10 15 DA 0C 00 00 19 6D 
00 FF FF 00 10 0D 22 93 00 00 02 00 00 10 15 DB 0C 00 00 20 69 
00 FF FF 00 10 0D 22 93 00 00 02 00 00 10 15 DE 0C 00 00 2E 22 
00 FF FF 00 10 0D 22 93 00 00 02 00 00 10 15 E1 0C 00 00 28 31 
00 FF FF 00 10 0D 22 93 00 00 02 00 00 10 15 E3 0C 00 00 1C C1 
00 FF FF 00 10 0D 22 93 00 00 02 00 00 10 15 E5 0C 00 00 12 DE 
00 FF FF 00 10 0D 22 93 00 00 02 00 00 10 15 E6 0C 00 00 1D A9 
00 FF FF 00 10 0D 22 93 00 00 02 00 00 10 15 E7 0C 00 00 3A 34 
00 FF FF 00 10 0D 22 93 00 00 02 00 00 10 15 E8 0C 00 00 31 02 
00 FF FF 00 10 0D 22 93 00 00 02 00 00 10 15 E9 0C 00 00 31 49 
00 FF FF 00 10 0D 22 93 00 00 02 00 00 10 15 EB 0C 00 00 16 FD 
00 FF FF 00 10 0D 22 93 00 00 02 00 00 10 15 EF 0C 00 00 38 64 
00 FF FF 00 10 0D 22 93 00 00 02 00 00 10 15 F0 0C 00 00 2E 22 
00 FF FF 00 10 0D 22 93 00 00 02 00 00 10 15 F3 0C 00 00 1B 1D 
00 FF FF 00 10 0D 22 93 00 00 02 00 00 10 15 F4 0C 00 00 1A A5 
00 FF FF 00 10 0D 22 93 00 00 02 00 00 10 15 F6 0C 00 00 2D FD 
00 FF FF 00 10 0D 22 93 00 00 02 00 00 10 15 F7 0C 00 00 3C 14 
00 FF FF 00 10 0D 22 93 00 00 02 00 00 10 15 F8 0C 00 00 39 4A 
00 FF FF 00 10 0D 22 93 00 00 02 00 00 10 15 FB 0C 00 00 20 A9 
00 FF FF 00 10 0D 22 93 00 00 02 00 00 10 15 FE 0C 00 00 24 41 
00 FF FF 00 10 0D 22 93 00 00 02 00 00 10 16 00 0C 00 00 34 F4 
00 FF FF 00 10 0D 22 93 00 00 02 00 00 10 16 02 0C 00 00 32 33 
00 FF FF 00 10 0D 22 93 00 00 02 00 00 10 16 04 0C 00 00 1B B6 
00 FF FF 00 10 0D 22 93 00 00 02 00 00 10 16 05 0C 00 00 1A 85 
00 FF FF 00 10 0D 22 93 00 00 02 00 00 10 16 06 0C 00 00 1B C5 
00 FF FF 00 10 0D 22 93 00 00 02 00 00 10 16 08 0C 00 00 39 4A 
00 FF FF 00 10 0D 22 93 00 00 02 00 00 10 16 0A 0C 00 00 30 44 
00 FF FF 00 10 0D 22 93 00 00 02 00 00 10 16 0C 0C 00 00 21 65 
00 FF FF 00 10 0D 22 93 00 00 02 00 00 10 16 0E 0C 00 00 19 EB 
00 FF FF 00 10 0D 22 93 00 00 02 00 00 10 16 0F 0C 00 00 2D 59 
00 FF FF 00 10 0D 22 93 00 00 02 00 00 10 16 10 0C 00 00 2F 8A 
00 FF FF 00 10 0D 22 93 00 00 02 00 00 10 16 13 0C 00 00 39 3A 
00 FF FF 00 10 0D 22 93 00 00 02 00 00 10 16 14 0C 00 00 29 F1 
00 FF FF 00 10 0D 22 93 00 00 02 00 00 10 16 15 0C 00 00 1B 1B 
00 FF FF 00 10 0D 22 93 00 00 02 00 00 10 16 17 0C 00 00 1C 49 
00 FF FF 00 10 0D 22 93 00 00 02 00 00 10 16 19 0C 00 00 2E 22 
00 FF FF 00 10 0D 22 93 00 00 02 00 00 10 16 1A 0C 00 00 31 02 
00 FF FF 00 10 0D 22 93 00 00 02 00 00 10 16 1E 0C 00 00 15 1A 
00 FF FF 00 10 0D 22 93 00 00 02 00 00 10 16 21 0C 00 00 15 3C 
00 FF FF 00 10 0D 22 93 00 00 02 00 00 10 16 23 0C 00 00 39 4A 
00 FF FF 00 10 0D 22 93 00 00 02 00 00 10 16 27 0C 00 00 19 7D 
00 FF FF 00 10 0D 22 93 00 00 02 00 00 10 16 28 0C 00 00 21 FB 
00 FF FF 00 10 0D 22 93 00 00 02 00 00 10 16 2B 0C 00 00 37 82 
00 FF FF 00 10 0D 22 93 00 00 02 00 00 10 16 2D 0C 00 00 34 A9 
00 FF FF 00 10 0D 22 93 00 00 02 00 00 10 16 2E 0C 00 00 22 5B 
00 FF FF 00 10 0D 22 93 00 00 02 00 00 10 16 2F 0C 00 00 18 72 
00 FF FF 00 10 0D 22 93 00 00 02 00 00 10 16 30 0C 00 00 17 51 
00 FF FF 00 10 0D 22 93 00 00 02 00 00 10 16 31 0C 00 00 21 D1 
00 FF FF 00 10 0D 22 93 00 00 02 00 00 10 16 34 0C 00 00 39 3B 
00 FF FF 00 10 0D 22 93 00 00 02 00 00 10 16 36 0C 00 00 2B 1D 
00 FF FF 00 10 0D 22 93 00 00 02 00 00 10 16 37 0C 00 00 1D D9 
00 FF FF 00 10 0D 22 93 00 00 02 00 00 10 16 38 0C 00 00 16 CD 
00 FF FF 00 10 0D 22 93 00 00 02 00 00 10 16 3A 0C 00 00 22 35 
00 FF FF 00 10 0D 22 93 00 00 02 00 00 10 16 3B 0C 00 00 3A 34 
00 FF FF 00 10 0D 22 93 00 00 02 00 00 10 16 3C 0C 00 00 37 82 
00 FF FF 00 10 0D 22 93 00 00 02 00 00 10 16 3D 0C 00 00 36 A4 
00 FF FF 00 10 0D 22 93 00 00 02 00 00 10 16 42 0C 00 00 2A 6B 
00 FF FF 00 10 0D 22 93 00 00 02 00 00 10 16 43 0C 00 00 38 64 
00 FF FF 00 10 0D 22 93 00 00 02 00 00 10 16 4C 0C 00 00 34 F4 
00 FF FF 00 10 0D 22 93 00 00 02 00 00 10 16 4D 0C 00 00 30 44 
00 FF FF 00 10 0D 22 93 00 00 02 00 00 10 16 52 0C 00 00 10 7E 
00 FF FF 00 10 0D 22 93 00 00 02 00 00 10 16 54 0C 00 00 3B 22 
00 FF FF 00 10 0D 22 93 00 00 02 00 00 10 16 56 0C 00 00 1E E5 
00 FF FF 00 10 0D 22 93 00 00 02 00 00 10 16 57 0C 00 00 3C 14 
00 FF FF 00 10 0D 22 93 00 00 02 00 00 10 16 61 0C 00 00 23 8D 
00 FF FF 00 10 0D 22 93 00 00 02 00 00 10 16 62 0C 00 00 1B ED 
00 FF FF 00 10 0D 22 93 00 00 02 00 00 10 16 63 0C 00 00 19 E6 
00 FF FF 00 10 0D 22 93 00 00 02 00 00 10 16 64 0C 00 00 25 85 
00 FF FF 00 10 0D 22 93 00 00 02 00 00 10 16 67 0C 00 00 30 44 
00 FF FF 00 10 0D 22 93 00 00 02 00 00 10 16 68 0C 00 00 28 63 
00 FF FF 00 10 0D 22 93 00 00 02 00 00 10 16 6B 0C 00 00 16 71 
00 FF FF 00 10 0D 22 93 00 00 02 00 00 10 16 6C 0C 00 00 23 31 
00 FF FF 00 10 0D 22 93 00 00 02 00 00 10 16 6D 0C 00 00 37 5B 
00 FF FF 00 10 0D 22 93 00 00 02 00 00 10 16 6E 0C 00 00 2E 22 
00 FF FF 00 10 0D 22 93 00 00 02 00 00 10 16 72 0C 00 00 25 11 
00 FF FF 00 10 0D 22 93 00 00 02 00 00 10 16 75 0C 00 00 21 35 
00 FF FF 00 10 0D 22 93 00 00 02 00 00 10 16 79 0C 00 00 2A C3 
00 FF FF 00 10 0D 22 93 00 00 02 00 00 10 16 7A 0C 00 00 2E 01 
00 FF FF 00 10 0D 22 93 00 00 02 00 00 10 16 7C 0C 00 00 1A 7B 
00 FF FF 00 10 0D 22 93 00 00 02 00 00 10 16 7D 0C 00 00 20 C9 
00 FF FF 00 10 0D 22 93 00 00 02 00 00 10 16 80 0C 00 00 3B 22 
00 FF FF 00 10 0D 22 93 00 00 02 00 00 10 16 81 0C 00 00 31 02 
00 FF FF 00 10 0D 22 93 00 00 02 00 00 10 16 84 0C 00 00 1D 45 
00 FF FF 00 10 0D 22 93 00 00 02 00 00 10 16 89 0C 00 00 1D 89 
00 FF FF 00 10 0D 22 93 00 00 02 00 00 10 16 8A 0C 00 00 36 A4 
00 FF FF 00 10 0D 22 93 00 00 02 00 00 10 16 8B 0C 00 00 2B D0 
00 FF FF 00 10 0D 22 93 00 00 02 00 00 10 16 8F 0C 00 00 15 4C 
00 FF FF 00 10 0D 22 93 00 00 02 00 00 10 16 92 0C 00 00 1F 8D 
00 FF FF 00 10 0D 22 93 00 00 02 00 00 10 16 93 0C 00 00 2F A5 
00 FF FF 00 10 0D 22 93 00 00 02 00 00 10 16 95 0C 00 00 18 C9 
00 FF FF 00 10 0D 22 93 00 00 02 00 00 10 16 97 0C 00 00 25 C1 
00 FF FF 00 10 0D 22 93 00 00 02 00 00 10 16 99 0C 00 00 2D 74 
00 FF FF 00 10 0D 22 93 00 00 02 00 00 10 16 9A 0C 00 00 3B 22 
00 FF FF 00 10 0D 22 93 00 00 02 00 00 10 16 9B 0C 00 00 34 B5 
00 FF FF 00 10 0D 22 93 00 00 02 00 00 10 16 A1 0C 00 00 1E 5B 
00 FF FF 00 10 0D 22 93 00 00 02 00 00 10 16 A3 0C 00 00 19 61 
00 FF FF 00 10 0D 22 93 00 00 02 00 00 10 16 A9 0C 00 00 18 DF 
00 FF FF 00 10 0D 22 93 00 00 02 00 00 10 16 AA 0C 00 00 34 F4 
00 FF FF 00 10 0D 22 93 00 00 02 00 00 10 16 AD 0C 00 00 2C B1 
00 FF FF 00 10 0D 22 93 00 00 02 00 00 10 16 AF 0C 00 00 11 16 
00 FF FF 00 10 0D 22 93 00 00 02 00 00 10 16 B2 0C 00 00 2C 47 
00 FF FF 00 10 0D 22 93 00 00 02 00 00 10 16 B3 0C 00 00 3A 34 
00 FF FF 00 10 0D 22 93 00 00 02 00 00 10 16 B4 0C 00 00 33 54 
00 FF FF 00 10 0D 22 93 00 00 02 00 00 10 16 B5 0C 00 00 30 7B 
00 FF FF 00 10 0D 22 93 00 00 02 00 00 10 16 B7 0C 00 00 1C 13 
00 FF FF 00 10 0D 22 93 00 00 02 00 00 10 16 BB 0C 00 00 30 44 
00 FF FF 00 10 0D 22 93 00 00 02 00 00 10 16 BD 0C 00 00 34 F4 
00 FF FF 00 10 0D 22 93 00 00 02 00 00 10 16 BF 0C 00 00 1E F9 
00 FF FF 00 10 0D 22 93 00 00 02 00 00 10 16 C1 0C 00 00 23 0E 
00 FF FF 00 10 0D 22 93 00 00 02 00 00 10 16 C2 0C 00 00 2F 99 
00 FF FF 00 10 0D 22 93 00 00 02 00 00 10 16 C4 0C 00 00 2C CA 
00 FF FF 00 10 0D 22 93 00 00 02 00 00 10 16 C6 0C 00 00 17 86 
00 FF FF 00 10 0D 22 93 00 00 02 00 00 10 16 C8 0C 00 00 1A 45 
00 FF FF 00 10 0D 22 93 00 00 02 00 00 10 16 CA 0C 00 00 28 89 
00 FF FF 00 10 0D 22 93 00 00 02 00 00 10 16 CB 0C 00 00 2D 74 
00 FF FF 00 10 0D 22 93 00 00 02 00 00 10 16 CC 0C 00 00 3C 14 
00 FF FF 00 10 0D 22 93 00 00 02 00 00 10 16 CE 0C 00 00 2E D4 
00 FF FF 00 10 0D 22 93 00 00 02 00 00 10 16 D1 0C 00 00 19 B5 
00 FF FF 00 10 0D 22 93 00 00 02 00 00 10 16 D5 0C 00 00 31 02 
00 FF FF 00 10 0D 22 93 00 00 02 00 00 10 16 D6 0C 00 00 2E 22 
00 FF FF 00 10 0D 22 93 00 00 02 00 00 10 16 D8 0C 00 00 25 71 
00 FF FF 00 10 0D 22 93 00 00 02 00 00 10 16 D9 0C 00 00 19 9B 
00 FF FF 00 10 0D 22 93 00 00 02 00 00 10 16 DB 0C 00 00 26 DB 
00 FF FF 00 10 0D 22 93 00 00 02 00 00 10 16 DC 0C 00 00 39 4A 
00 FF FF 00 10 0D 22 93 00 00 02 00 00 10 16 DD 0C 00 00 38 64 
00 FF FF 00 10 0D 22 93 00 00 02 00 00 10 16 E2 0C 00 00 13 D1 
00 FF FF 00 10 0D 22 93 00 00 02 00 00 10 16 E4 0C 00 00 15 24 
00 FF FF 00 10 0D 22 93 00 00 02 00 00 10 16 E6 0C 00 00 2F 8A 
00 FF FF 00 10 0D 22 93 00 00 02 00 00 10 16 E7 0C 00 00 3B 22 
00 FF FF 00 10 0D 22 93 00 00 02 00 00 10 16 E9 0C 00 00 26 45 
00 FF FF 00 10 0D 22 93 00 00 02 00 00 10 16 EA 0C 00 00 1A 31 
00 FF FF 00 10 0D 22 93 00 00 02 00 00 10 16 EB 0C 00 00 19 C1 
00 FF FF 00 10 0D 22 93 00 00 02 00 00 10 16 EC 0C 00 00 25 7B 
00 FF FF 00 10 0D 22 93 00 00 02 00 00 10 16 EE 0C 00 00 3C 14 
00 FF FF 00 10 0D 22 93 00 00 02 00 00 10 16 F7 0C 00 00 2D 74 
00 FF FF 00 10 0D 22 93 00 00 02 00 00 10 17 00 0C 00 00 22 09 
00 FF FF 00 10 0D 22 93 00 00 02 00 00 10 17 03 0C 00 00 1F B9 
00 FF FF 00 10 0D 22 93 00 00 02 00 00 10 17 04 0C 00 00 17 CA 
00 FF FF 00 10 0D 22 93 00 00 02 00 00 10 17 05 0C 00 00 1F 31 
00 FF FF 00 10 0D 22 93 00 00 02 00 00 10 17 07 0C 00 00 2F 8A 
00 FF FF 00 10 0D 22 93 00 00 02 00 00 10 17 08 0C 00 00 2F 8A 
00 FF FF 00 10 0D 22 93 00 00 02 00 00 10 17 0B 0C 00 00 25 2C 
00 FF FF 00 10 0D 22 93 00 00 02 00 00 10 17 0C 0C 00 00 19 FB 
00 FF FF 00 10 0D 22 93 00 00 02 00 00 10 17 0E 0C 00 00 1F B9 
00 FF FF 00 10 0D 22 93 00 00 02 00 00 10 17 0F 0C 00 00 23 3D 
00 FF FF 00 10 0D 22 93 00 00 02 00 00 10 17 10 0C 00 00 39 4A 
00 FF FF 00 10 0D 22 93 00 00 02 00 00 10 17 11 0C 00 00 3C 14 
00 FF FF 00 10 0D 22 93 00 00 02 00 00 10 17 12 0C 00 00 37 82 
00 FF FF 00 10 0D 22 93 00 00 02 00 00 10 17 18 0C 00 00 0E 84 
00 FF FF 00 10 0D 22 93 00 00 02 00 00 10 17 19 0C 00 00 3B 22 
00 FF FF 00 10 0D 22 93 00 00 02 00 00 10 17 20 0C 00 00 2E 22 
00 FF FF 00 10 0D 22 93 00 00 02 00 00 10 17 21 0C 00 00 34 22 
00 FF FF 00 10 0D 22 93 00 00 02 00 00 10 17 27 0C 00 00 10 02 
00 FF FF 00 10 0D 22 93 00 00 02 00 00 10 17 28 0C 00 00 25 71 
00 FF FF 00 10 0D 22 93 00 00 02 00 00 10 17 29 0C 00 00 28 B9 
00 FF FF 00 10 0D 22 93 00 00 02 00 00 10 17 32 0C 00 00 2F 8A 
00 FF FF 00 10 0D 22 93 00 00 02 00 00 10 17 33 0C 00 00 2E 22 
00 FF FF 00 10 0D 22 93 00 00 02 00 00 10 17 36 0C 00 00 21 35 
00 FF FF 00 10 0D 22 93 00 00 02 00 00 10 17 3A 0C 00 00 38 64 
00 FF FF 00 10 0D 22 93 00 00 02 00 00 10 17 3F 0C 00 00 1D 0D 
00 FF FF 00 10 0D 22 93 00 00 02 00 00 10 17 40 0C 00 00 1B 51 
00 FF FF 00 10 0D 22 93 00 00 02 00 00 10 17 44 0C 00 00 2E D4 
00 FF FF 00 10 0D 22 93 00 00 02 00 00 10 17 45 0C 00 00 3B 22 
00 FF FF 00 10 0D 22 93 00 00 02 00 00 10 17 46 0C 00 00 2C 81 
00 FF FF 00 10 0D 22 93 00 00 02 00 00 10 17 47 0C 00 00 21 C9 
00 FF FF 00 10 0D 22 93 00 00 02 00 00 10 17 4B 0C 00 00 34 F4 
00 FF FF 00 10 0D 22 93 00 00 02 00 00 10 17 4E 0C 00 00 39 41 
00 FF FF 00 10 0D 22 93 00 00 02 00 00 10 17 51 0C 00 00 1B 93 
00 FF FF 00 10 0D 22 93 00 00 02 00 00 10 17 52 0C 00 00 22 8A 
00 FF FF 00 10 0D 22 93 00 00 02 00 00 10 17 53 0C 00 00 2A 11 
00 FF FF 00 10 0D 22 93 00 00 02 00 00 10 17 54 0C 00 00 34 0D 
00 FF FF 00 10 0D 22 93 00 00 02 00 00 10 17 56 0C 00 00 1B 7D 
00 FF FF 00 10 0D 22 93 00 00 02 00 00 10 17 57 0C 00 00 31 65 
00 FF FF 00 10 0D 22 93 00 00 02 00 00 10 17 58 0C 00 00 22 8B 
00 FF FF 00 10 0D 22 93 00 00 02 00 00 10 17 5A 0C 00 00 19 31 
00 FF FF 00 10 0D 22 93 00 00 02 00 00 10 17 5E 0C 00 00 30 95 
00 FF FF 00 10 0D 22 93 00 00 02 00 00 10 17 61 0C 00 00 1C A9 
00 FF FF 00 10 0D 22 93 00 00 02 00 00 10 17 63 0C 00 00 14 EE 
00 FF FF 00 10 0D 22 93 00 00 02 00 00 10 17 64 0C 00 00 2E EB 
00 FF FF 00 10 0D 22 93 00 00 02 00 00 10 17 65 0C 00 00 2F 8A 
00 FF FF 00 10 0D 22 93 00 00 02 00 00 10 17 66 0C 00 00 3C 14 
00 FF FF 00 10 0D 22 93 00 00 02 00 00 10 17 67 0C 00 00 2E D4 
00 FF FF 00 10 0D 22 93 00 00 02 00 00 10 17 69 0C 00 00 24 5D 
00 FF FF 00 10 0D 22 93 00 00 02 00 00 10 17 6A 0C 00 00 1B CB 
00 FF FF 00 10 0D 22 93 00 00 02 00 00 10 17 6C 0C 00 00 1F 9D 
00 FF FF 00 10 0D 22 93 00 00 02 00 00 10 17 6E 0C 00 00 3B 22 
00 FF FF 00 10 0D 22 93 00 00 02 00 00 10 17 6F 0C 00 00 31 C4 
00 FF FF 00 10 0D 22 93 00 00 02 00 00 10 17 70 0C 00 00 33 54 
00 FF FF 00 10 0D 22 93 00 00 02 00 00 10 17 72 0C 00 00 1C 52 
00 FF FF 00 10 0D 22 93 00 00 02 00 00 10 17 74 0C 00 00 21 AD 
00 FF FF 00 10 0D 22 93 00 00 02 00 00 10 17 75 0C 00 00 34 A9 
00 FF FF 00 10 0D 22 93 00 00 02 00 00 10 17 76 0C 00 00 39 4A 
00 FF FF 00 10 0D 22 93 00 00 02 00 00 10 17 77 0C 00 00 2C CA 
00 FF FF 00 10 0D 22 93 00 00 02 00 00 10 17 7B 0C 00 00 1A 5D 
00 FF FF 00 10 0D 22 93 00 00 02 00 00 10 17 82 0C 00 00 2D 3B 
00 FF FF 00 10 0D 22 93 00 00 02 00 00 10 17 85 0C 00 00 0D 26 
00 FF FF 00 10 0D 22 93 00 00 02 00 00 10 17 86 0C 00 00 28 6D 
00 FF FF 00 10 0D 22 93 00 00 02 00 00 10 17 89 0C 00 00 36 A4 
00 FF FF 00 10 0D 22 93 00 00 02 00 00 10 17 8B 0C 00 00 24 FB 
00 FF FF 00 10 0D 22 93 00 00 02 00 00 10 17 8C 0C 00 00 1B 6B 
00 FF FF 00 10 0D 22 93 00 00 02 00 00 10 17 8D 0C 00 00 16 8B 
00 FF FF 00 10 0D 22 93 00 00 02 00 00 10 17 8E 0C 00 00 22 61 
00 FF FF 00 10 0D 22 93 00 00 02 00 00 10 17 8F 0C 00 00 35 CA 
00 FF FF 00 10 0D 22 93 00 00 02 00 00 10 17 90 0C 00 00 36 A4 
00 FF FF 00 10 0D 22 93 00 00 02 00 00 10 17 94 0C 00 00 1D C9 
00 FF FF 00 10 0D 22 93 00 00 02 00 00 10 17 95 0C 00 00 1C C5 
00 FF FF 00 10 0D 22 93 00 00 02 00 00 10 17 97 0C 00 00 31 32 
00 FF FF 00 10 0D 22 93 00 00 02 00 00 10 17 9A 0C 00 00 30 44 
00 FF FF 00 10 0D 22 93 00 00 02 00 00 10 17 9C 0C 00 00 24 FB 
00 FF FF 00 10 0D 22 93 00 00 02 00 00 10 17 9D 0C 00 00 19 11 
00 FF FF 00 10 0D 22 93 00 00 02 00 00 10 17 9F 0C 00 00 20 1B 
00 FF FF 00 10 0D 22 93 00 00 02 00 00 10 17 A1 0C 00 00 38 64 
00 FF FF 00 10 0D 22 93 00 00 02 00 00 10 17 A2 0C 00 00 19 0E 
00 FF FF 00 10 0D 22 93 00 00 02 00 00 10 17 A3 0C 00 00 37 82 
00 FF FF 00 10 0D 22 93 00 00 02 00 00 10 17 A5 0C 00 00 1F CB 
00 FF FF 00 10 0D 22 93 00 00 02 00 00 10 17 A7 0C 00 00 1A BB 
00 FF FF 00 10 0D 22 93 00 00 02 00 00 10 17 A8 0C 00 00 2A F5 
00 FF FF 00 10 0D 22 93 00 00 02 00 00 10 17 A9 0C 00 00 2B 82 
00 FF FF 00 10 0D 22 93 00 00 02 00 00 10 17 AB 0C 00 00 37 82 
00 FF FF 00 10 0D 22 93 00 00 02 00 00 10 17 AC 0C 00 00 2D 4B 
00 FF FF 00 10 0D 22 93 00 00 02 00 00 10 17 B0 0C 00 00 24 65 
00 FF FF 00 10 0D 22 93 00 00 02 00 00 10 17 B2 0C 00 00 39 4A 
00 FF FF 00 10 0D 22 93 00 00 02 00 00 10 17 B5 0C 00 00 2E EB 
00 FF FF 00 10 0D 22 93 00 00 02 00 00 10 17 B6 0C 00 00 1F 2B 
00 FF FF 00 10 0D 22 93 00 00 02 00 00 10 17 B7 0C 00 00 16 B9 
00 FF FF 00 10 0D 22 93 00 00 02 00 00 10 17 BA 0C 00 00 1E 46 
00 FF FF 00 10 0D 22 93 00 00 02 00 00 10 17 BB 0C 00 00 3B 22 
00 FF FF 00 10 0D 22 93 00 00 02 00 00 10 17 BE 0C 00 00 25 91 
00 FF FF 00 10 0D 22 93 00 00 02 00 00 10 17 C3 0C 00 00 36 A4 
00 FF FF 00 10 0D 22 93 00 00 02 00 00 10 17 C4 0C 00 00 34 D1 
00 FF FF 00 10 0D 22 93 00 00 02 00 00 10 17 C5 0C 00 00 3B 22 
00 FF FF 00 10 0D 22 93 00 00 02 00 00 10 17 C9 0C 00 00 17 82 
00 FF FF 00 10 0D 22 93 00 00 02 00 00 10 17 CB 0C 00 00 2E FB 
00 FF FF 00 10 0D 22 93 00 00 02 00 00 10 17 CD 0C 00 00 32 8A 
00 FF FF 00 10 0D 22 93 00 00 02 00 00 10 17 CF 0C 00 00 26 BD 
00 FF FF 00 10 0D 22 93 00 00 02 00 00 10 17 D1 0C 00 00 18 AD 
00 FF FF 00 10 0D 22 93 00 00 02 00 00 10 17 D2 0C 00 00 1D 91 
00 FF FF 00 10 0D 22 93 00 00 02 00 00 10 17 D4 0C 00 00 2F 8A 
00 FF FF 00 10 0D 22 93 00 00 02 00 00 10 17 D5 0C 00 00 2D 74 
00 FF FF 00 10 0D 22 93 00 00 02 00 00 10 17 D6 0C 00 00 2C CA 
00 FF FF 00 10 0D 22 93 00 00 02 00 00 10 17 D9 0C 00 00 1B BD 
00 FF FF 00 10 0D 22 93 00 00 02 00 00 10 17 DA 0C 00 00 20 2D 
00 FF FF 00 10 0D 22 93 00 00 02 00 00 10 17 DB 0C 00 00 2D 41 
00 FF FF 00 10 0D 22 93 00 00 02 00 00 10 17 DC 0C 00 00 34 22 
00 FF FF 00 10 0D 22 93 00 00 02 00 00 10 17 E0 0C 00 00 21 74 
00 FF FF 00 10 0D 22 93 00 00 02 00 00 10 17 E3 0C 00 00 24 8C 
00 FF FF 00 10 0D 22 93 00 00 02 00 00 10 17 E4 0C 00 00 30 E5 
00 FF FF 00 10 0D 22 93 00 00 02 00 00 10 17 E9 0C 00 00 20 6A 
00 FF FF 00 10 0D 22 93 00 00 02 00 00 10 17 EA 0C 00 00 17 51 
00 FF FF 00 10 0D 22 93 00 00 02 00 00 10 17 ED 0C 00 00 2C CA 
00 FF FF 00 10 0D 22 93 00 00 02 00 00 10 17 EF 0C 00 00 3B 22 
00 FF FF 00 10 0D 22 93 00 00 02 00 00 10 17 F1 0C 00 00 28 19 
00 FF FF 00 10 0D 22 93 00 00 02 00 00 10 17 F6 0C 00 00 2D BD 
00 FF FF 00 10 0D 22 93 00 00 02 00 00 10 17 F7 0C 00 00 2F 8A 
00 FF FF 00 10 0D 22 93 00 00 02 00 00 10 17 F8 0C 00 00 19 3B 
00 FF FF 00 10 0D 22 93 00 00 02 00 00 10 17 FA 0C 00 00 20 A5 
00 FF FF 00 10 0D 22 93 00 00 02 00 00 10 17 FB 0C 00 00 15 2A 
00 FF FF 00 10 0D 22 93 00 00 02 00 00 10 17 FD 0C 00 00 22 26 
00 FF FF 00 10 0D 22 93 00 00 02 00 00 10 18 02 0C 00 00 29 8D 
00 FF FF 00 10 0D 22 93 00 00 02 00 00 10 18 04 0C 00 00 18 6B 
00 FF FF 00 10 0D 22 93 00 00 02 00 00 10 18 05 0C 00 00 24 53 
00 FF FF 00 10 0D 22 93 00 00 02 00 00 10 18 06 0C 00 00 1A D7 
00 FF FF 00 10 0D 22 93 00 00 02 00 00 10 18 07 0C 00 00 31 C4 
00 FF FF 00 10 0D 22 93 00 00 02 00 00 10 18 0B 0C 00 00 21 35 
00 FF FF 00 10 0D 22 93 00 00 02 00 00 10 18 0E 0C 00 00 2B D3 
00 FF FF 00 10 0D 22 93 00 00 02 00 00 10 18 10 0C 00 00 33 54 
00 FF FF 00 10 0D 22 93 00 00 02 00 00 10 18 12 0C 00 00 19 11 
00 FF FF 00 10 0D 22 93 00 00 02 00 00 10 18 13 0C 00 00 2B BB 
00 FF FF 00 10 0D 22 93 00 00 02 00 00 10 18 14 0C 00 00 1C D3 
00 FF FF 00 10 0D 22 93 00 00 02 00 00 10 18 15 0C 00 00 19 A4 
00 FF FF 00 10 0D 22 93 00 00 02 00 00 10 18 16 0C 00 00 23 21 
00 FF FF 00 10 0D 22 93 00 00 02 00 00 10 18 17 0C 00 00 34 B5 
00 FF FF 00 10 0D 22 93 00 00 02 00 00 10 18 18 0C 00 00 37 82 
00 FF FF 00 10 0D 22 93 00 00 02 00 00 10 18 1F 0C 00 00 2D 2A 
00 FF FF 00 10 0D 22 93 00 00 02 00 00 10 18 22 0C 00 00 20 75 
00 FF FF 00 10 0D 22 93 00 00 02 00 00 10 18 23 0C 00 00 38 59 
00 FF FF 00 10 0D 22 93 00 00 02 00 00 10 18 25 0C 00 00 1D 5D 
00 FF FF 00 10 0D 22 93 00 00 02 00 00 10 18 27 0C 00 00 23 4B 
00 FF FF 00 10 0D 22 93 00 00 02 00 00 10 18 2C 0C 00 00 30 7B 
00 FF FF 00 10 0D 22 93 00 00 02 00 00 10 18 30 0C 00 00 21 3B 
00 FF FF 00 10 0D 22 93 00 00 02 00 00 10 18 31 0C 00 00 32 8A 
00 FF FF 00 10 0D 22 93 00 00 02 00 00 10 18 36 0C 00 00 17 11 
00 FF FF 00 10 0D 22 93 00 00 02 00 00 10 18 3A 0C 00 00 3B 22 
00 FF FF 00 10 0D 22 93 00 00 02 00 00 10 18 3B 0C 00 00 32 8A 
00 FF FF 00 10 0D 22 93 00 00 02 00 00 10 18 3C 0C 00 00 34 F4 
00 FF FF 00 10 0D 22 93 00 00 02 00 00 10 18 3E 0C 00 00 0F 27 
00 FF FF 00 10 0D 22 93 00 00 02 00 00 10 18 41 0C 00 00 27 11 
00 FF FF 00 10 0D 22 93 00 00 02 00 00 10 18 42 0C 00 00 36 A4 
00 FF FF 00 10 0D 22 93 00 00 02 00 00 10 18 44 0C 00 00 34 F4 
00 FF FF 00 10 0D 22 93 00 00 02 00 00 10 18 45 0C 00 00 39 4A 
00 FF FF 00 10 0D 22 93 00 00 02 00 00 10 18 49 0C 00 00 21 0B 
00 FF FF 00 10 0D 22 93 00 00 02 00 00 10 18 4A 0C 00 00 33 05 
00 FF FF 00 10 0D 22 93 00 00 02 00 00 10 18 4B 0C 00 00 22 AD 
00 FF FF 00 10 0D 22 93 00 00 02 00 00 10 18 4C 0C 00 00 36 A4 
00 FF FF 00 10 0D 22 93 00 00 02 00 00 10 18 4D 0C 00 00 34 22 
00 FF FF 00 10 0D 22 93 00 00 02 00 00 10 18 4F 0C 00 00 24 AB 
00 FF FF 00 10 0D 22 93 00 00 02 00 00 10 18 53 0C 00 00 3B 22 
00 FF FF 00 10 0D 22 93 00 00 02 00 00 10 18 56 0C 00 00 39 4A 
00 FF FF 00 10 0D 22 93 00 00 02 00 00 10 18 58 0C 00 00 1D 93 
00 FF FF 00 10 0D 22 93 00 00 02 00 00 10 18 59 0C 00 00 1B 5D 
00 FF FF 00 10 0D 22 93 00 00 02 00 00 10 18 5A 0C 00 00 12 82 
00 FF FF 00 10 0D 22 93 00 00 02 00 00 10 18 5B 0C 00 00 33 C9 
00 FF FF 00 10 0D 22 93 00 00 02 00 00 10 18 5C 0C 00 00 33 19 
00 FF FF 00 10 0D 22 93 00 00 02 00 00 10 18 5E 0C 00 00 31 02 
00 FF FF 00 10 0D 22 93 00 00 02 00 00 10 18 60 0C 00 00 24 41 
00 FF FF 00 10 0D 22 93 00 00 02 00 00 10 18 62 0C 00 00 1D 99 
00 FF FF 00 10 0D 22 93 00 00 02 00 00 10 18 63 0C 00 00 24 41 
00 FF FF 00 10 0D 22 93 00 00 02 00 00 10 18 64 0C 00 00 3D 0A 
00 FF FF 00 10 0D 22 93 00 00 02 00 00 10 18 65 0C 00 00 2F 8A 
00 FF FF 00 10 0D 22 93 00 00 02 00 00 10 18 67 0C 00 00 1E 0D 
00 FF FF 00 10 0D 22 93 00 00 02 00 00 10 18 6A 0C 00 00 1A E5 
00 FF FF 00 10 0D 22 93 00 00 02 00 00 10 18 6B 0C 00 00 1E FB 
00 FF FF 00 10 0D 22 93 00 00 02 00 00 10 18 6D 0C 00 00 2E 22 
00 FF FF 00 10 0D 22 93 00 00 02 00 00 10 18 6F 0C 00 00 35 CA 
00 FF FF 00 10 0D 22 93 00 00 02 00 00 10 18 70 0C 00 00 31 3D 
00 FF FF 00 10 0D 22 93 00 00 02 00 00 10 18 71 0C 00 00 25 11 
00 FF FF 00 10 0D 22 93 00 00 02 00 00 10 18 72 0C 00 00 1B E9 
00 FF FF 00 10 0D 22 93 00 00 02 00 00 10 18 73 0C 00 00 1A 7A 
00 FF FF 00 10 0D 22 93 00 00 02 00 00 10 18 74 0C 00 00 1F 91 
00 FF FF 00 10 0D 22 93 00 00 02 00 00 10 18 75 0C 00 00 1F BB 
00 FF FF 00 10 0D 22 93 00 00 02 00 00 10 18 76 0C 00 00 33 54 
00 FF FF 00 10 0D 22 93 00 00 02 00 00 10 18 77 0C 00 00 30 44 
00 FF FF 00 10 0D 22 93 00 00 02 00 00 10 18 78 0C 00 00 37 82 
00 FF FF 00 10 0D 22 93 00 00 02 00 00 10 18 79 0C 00 00 2E EB 
00 FF FF 00 10 0D 22 93 00 00 02 00 00 10 18 7A 0C 00 00 1E 11 
00 FF FF 00 10 0D 22 93 00 00 02 00 00 10 18 7B 0C 00 00 11 FF 
00 FF FF 00 10 0D 22 93 00 00 02 00 00 10 18 7C 0C 00 00 1C 6D 
00 FF FF 00 10 0D 22 93 00 00 02 00 00 10 18 7D 0C 00 00 32 1B 
00 FF FF 00 10 0D 22 93 00 00 02 00 00 10 18 7E 0C 00 00 1D 9B 
00 FF FF 00 10 0D 22 93 00 00 02 00 00 10 18 7F 0C 00 00 37 82 
00 FF FF 00 10 0D 22 93 00 00 02 00 00 10 18 80 0C 00 00 31 02 
00 FF FF 00 10 0D 22 93 00 00 02 00 00 10 18 81 0C 00 00 2B D3 
00 FF FF 00 10 0D 22 93 00 00 02 00 00 10 18 83 0C 00 00 19 9B 
00 FF FF 00 10 0D 22 93 00 00 02 00 00 10 18 84 0C 00 00 15 91 
00 FF FF 00 10 0D 22 93 00 00 02 00 00 10 18 85 0C 00 00 22 0E 
00 FF FF 00 10 0D 22 93 00 00 02 00 00 10 18 86 0C 00 00 37 82 
00 FF FF 00 10 0D 22 93 00 00 02 00 00 10 18 87 0C 00 00 34 F4 
00 FF FF 00 10 0D 22 93 00 00 02 00 00 10 18 88 0C 00 00 1B F5 
00 FF FF 00 10 0D 22 93 00 00 02 00 00 10 18 89 0C 00 00 2D 81 
00 FF FF 00 10 0D 22 93 00 00 02 00 00 10 18 8A 0C 00 00 2F A5 
00 FF FF 00 10 0D 22 93 00 00 02 00 00 10 18 8B 0C 00 00 1E 8D 
00 FF FF 00 10 0D 22 93 00 00 02 00 00 10 18 8C 0C 00 00 19 BB 
00 FF FF 00 10 0D 22 93 00 00 02 00 00 10 18 8D 0C 00 00 1A A5 
00 FF FF 00 10 0D 22 93 00 00 02 00 00 10 18 8E 0C 00 00 26 45 
00 FF FF 00 10 0D 22 93 00 00 02 00 00 10 18 90 0C 00 00 2E D4 
00 FF FF 00 10 0D 22 93 00 00 02 00 00 10 18 92 0C 00 00 32 F8 
00 FF FF 00 10 0D 22 93 00 00 02 00 00 10 18 94 0C 00 00 1A F9 
00 FF FF 00 10 0D 22 93 00 00 02 00 00 10 18 95 0C 00 00 19 55 
00 FF FF 00 10 0D 22 93 00 00 02 00 00 10 18 96 0C 00 00 28 0B 
00 FF FF 00 10 0D 22 93 00 00 02 00 00 10 18 97 0C 00 00 35 CA 
00 FF FF 00 10 0D 22 93 00 00 02 00 00 10 18 98 0C 00 00 2D 74 
00 FF FF 00 10 0D 22 93 00 00 02 00 00 10 18 99 0C 00 00 2F 31 
00 FF FF 00 10 0D 22 93 00 00 02 00 00 10 18 9A 0C 00 00 2F 8A 
00 FF FF 00 10 0D 22 93 00 00 02 00 00 10 18 9C 0C 00 00 10 61 
00 FF FF 00 10 0D 22 93 00 00 02 00 00 10 18 9D 0C 00 00 12 46 
00 FF FF 00 10 0D 22 93 00 00 02 00 00 10 18 9E 0C 00 00 1A 86 
00 FF FF 00 10 0D 22 93 00 00 02 00 00 10 18 9F 0C 00 00 2D 3B 
00 FF FF 00 10 0D 22 93 00 00 02 00 00 10 18 A0 0C 00 00 30 25 
00 FF FF 00 10 0D 22 93 00 00 02 00 00 10 18 A1 0C 00 00 34 22 
00 FF FF 00 10 0D 22 93 00 00 02 00 00 10 18 A2 0C 00 00 31 C4 
00 FF FF 00 10 0D 22 93 00 00 02 00 00 10 18 A3 0C 00 00 35 8B 
00 FF FF 00 10 0D 22 93 00 00 02 00 00 10 18 A4 0C 00 00 27 71 
00 FF FF 00 10 0D 22 93 00 00 02 00 00 10 18 A5 0C 00 00 1A A5 
00 FF FF 00 10 0D 22 93 00 00 02 00 00 10 18 A6 0C 00 00 1A C9 
00 FF FF 00 10 0D 22 93 00 00 02 00 00 10 18 A7 0C 00 00 0D C0 
00 FF FF 00 10 0D 22 93 00 00 02 00 00 10 18 A8 0C 00 00 30 44 
00 FF FF 00 10 0D 22 93 00 00 02 00 00 10 18 A9 0C 00 00 30 44 
00 FF FF 00 10 0D 22 93 00 00 02 00 00 10 18 AA 0C 00 00 32 8A 
00 FF FF 00 10 0D 22 93 00 00 02 00 00 10 18 AB 0C 00 00 33 54 
00 FF FF 00 10 0D 22 93 00 00 02 00 00 10 18 AC 0C 00 00 30 89 
00 FF FF 00 10 0D 22 93 00 00 02 00 00 10 18 AD 0C 00 00 21 35 
00 FF FF 00 10 0D 22 93 00 00 02 00 00 10 18 AF 0C 00 00 18 CB 
00 FF FF 00 10 0D 22 93 00 00 02 00 00 10 18 B0 0C 00 00 27 71 
00 FF FF 00 10 0D 22 93 00 00 02 00 00 10 18 B1 0C 00 00 1B CD 
00 FF FF 00 10 0D 22 93 00 00 02 00 00 10 18 B2 0C 00 00 3C 14 
00 FF FF 00 10 0D 22 93 00 00 02 00 00 10 18 B3 0C 00 00 2D 74 
00 FF FF 00 10 0D 22 93 00 00 02 00 00 10 18 B4 0C 00 00 32 25 
00 FF FF 00 10 0D 22 93 00 00 02 00 00 10 18 B5 0C 00 00 27 E9 
00 FF FF 00 10 0D 22 93 00 00 02 00 00 10 18 B6 0C 00 00 1B 1D 
00 FF FF 00 10 0D 22 93 00 00 02 00 00 10 18 B7 0C 00 00 18 93 
00 FF FF 00 10 0D 22 93 00 00 02 00 00 10 18 B8 0C 00 00 1F B9 
00 FF FF 00 10 0D 22 93 00 00 02 00 00 10 18 B9 0C 00 00 36 95 
00 FF FF 00 10 0D 22 93 00 00 02 00 00 10 18 BA 0C 00 00 33 54 
00 FF FF 00 10 0D 22 93 00 00 02 00 00 10 18 BB 0C 00 00 30 44 
00 FF FF 00 10 0D 22 93 00 00 02 00 00 10 18 BC 0C 00 00 21 B5 
00 FF FF 00 10 0D 22 93 00 00 02 00 00 10 18 BD 0C 00 00 2D 81 
00 FF FF 00 10 0D 22 93 00 00 02 00 00 10 18 BE 0C 00 00 1E FB 
00 FF FF 00 10 0D 22 93 00 00 02 00 00 10 18 BF 0C 00 00 1B C5 
00 FF FF 00 10 0D 22 93 00 00 02 00 00 10 18 C0 0C 00 00 21 4D 
00 FF FF 00 10 0D 22 93 00 00 02 00 00 10 18 C1 0C 00 00 1C EC 
00 FF FF 00 10 0D 22 93 00 00 02 00 00 10 18 C2 0C 00 00 3B 22 
00 FF FF 00 10 0D 22 93 00 00 02 00 00 10 18 C3 0C 00 00 36 A4 
00 FF FF 00 10 0D 22 93 00 00 02 00 00 10 18 C4 0C 00 00 31 02 
00 FF FF 00 10 0D 22 93 00 00 02 00 00 10 18 C6 0C 00 00 2A B9 
00 FF FF 00 10 0D 22 93 00 00 02 00 00 10 18 C7 0C 00 00 1B CB 
00 FF FF 00 10 0D 22 93 00 00 02 00 00 10 18 C8 0C 00 00 1D A5 
00 FF FF 00 10 0D 22 93 00 00 02 00 00 10 18 C9 0C 00 00 1D B2 
00 FF FF 00 10 0D 22 93 00 00 02 00 00 10 18 CA 0C 00 00 21 ED 
00 FF FF 00 10 0D 22 93 00 00 02 00 00 10 18 CB 0C 00 00 38 64 
00 FF FF 00 10 0D 22 93 00 00 02 00 00 10 18 CC 0C 00 00 36 A4 
00 FF FF 00 10 0D 22 93 00 00 02 00 00 10 18 CD 0C 00 00 3B 22 
00 FF FF 00 10 0D 22 93 00 00 02 00 00 10 18 CE 0C 00 00 31 90 
00 FF FF 00 10 0D 22 93 00 00 02 00 00 10 18 CF 0C 00 00 22 49 
00 FF FF 00 10 0D 22 93 00 00 02 00 00 10 18 D0 0C 00 00 18 11 
00 FF FF 00 10 0D 22 93 00 00 02 00 00 10 18 D1 0C 00 00 18 AD 
00 FF FF 00 10 0D 22 93 00 00 02 00 00 10 18 D2 0C 00 00 2B E5 
00 FF FF 00 10 0D 22 93 00 00 02 00 00 10 18 D3 0C 00 00 3B 22 
00 FF FF 00 10 0D 22 93 00 00 02 00 00 10 18 D4 0C 00 00 33 54 
00 FF FF 00 10 0D 22 93 00 00 02 00 00 10 18 D7 0C 00 00 2A 11 
00 FF FF 00 10 0D 22 93 00 00 02 00 00 10 18 D8 0C 00 00 1B 3D 
00 FF FF 00 10 0D 22 93 00 00 02 00 00 10 18 D9 0C 00 00 1A 69 
00 FF FF 00 10 0D 22 93 00 00 02 00 00 10 18 DA 0C 00 00 1F E5 
00 FF FF 00 10 0D 22 93 00 00 02 00 00 10 18 DB 0C 00 00 34 AD 
00 FF FF 00 10 0D 22 93 00 00 02 00 00 10 18 DC 0C 00 00 39 4A 
00 FF FF 00 10 0D 22 93 00 00 02 00 00 10 18 DD 0C 00 00 2E 22 
00 FF FF 00 10 0D 22 93 00 00 02 00 00 10 18 DE 0C 00 00 1A 6A 
00 FF FF 00 10 0D 22 93 00 00 02 00 00 10 18 E0 0C 00 00 21 3B 
00 FF FF 00 10 0D 22 93 00 00 02 00 00 10 18 E1 0C 00 00 0C EF 
00 FF FF 00 10 0D 22 93 00 00 02 00 00 10 18 E3 0C 00 00 26 BD 
00 FF FF 00 10 0D 22 93 00 00 02 00 00 10 18 E4 0C 00 00 33 54 
00 FF FF 00 10 0D 22 93 00 00 02 00 00 10 18 E5 0C 00 00 39 4A 
00 FF FF 00 10 0D 22 93 00 00 02 00 00 10 18 E6 0C 00 00 2E 22 
00 FF FF 00 10 0D 22 93 00 00 02 00 00 10 18 E7 0C 00 00 30 08 
00 FF FF 00 10 0D 22 93 00 00 02 00 00 10 18 E8 0C 00 00 2A 4B 
00 FF FF 00 10 0D 22 93 00 00 02 00 00 10 18 E9 0C 00 00 1B 53 
00 FF FF 00 10 0D 22 93 00 00 02 00 00 10 18 EA 0C 00 00 1A C1 
00 FF FF 00 10 0D 22 93 00 00 02 00 00 10 18 EB 0C 00 00 12 69 
00 FF FF 00 10 0D 22 93 00 00 02 00 00 10 18 EC 0C 00 00 32 33 
00 FF FF 00 10 0D 22 93 00 00 02 00 00 10 18 ED 0C 00 00 2E D4 
00 FF FF 00 10 0D 22 93 00 00 02 00 00 10 18 EE 0C 00 00 39 4A 
00 FF FF 00 10 0D 22 93 00 00 02 00 00 10 18 EF 0C 00 00 34 22 
00 FF FF 00 10 0D 22 93 00 00 02 00 00 10 18 F0 0C 00 00 33 05 
00 FF FF 00 10 0D 22 93 00 00 02 00 00 10 18 F1 0C 00 00 22 01 
00 FF FF 00 10 0D 22 93 00 00 02 00 00 10 18 F2 0C 00 00 14 D9 
00 FF FF 00 10 0D 22 93 00 00 02 00 00 10 18 F3 0C 00 00 17 DB 
00 FF FF 00 10 0D 22 93 00 00 02 00 00 10 18 F4 0C 00 00 21 D1 
00 FF FF 00 10 0D 22 93 00 00 02 00 00 10 18 F5 0C 00 00 2C CA 
00 FF FF 00 10 0D 22 93 00 00 02 00 00 10 18 F6 0C 00 00 35 CA 
00 FF FF 00 10 0D 22 93 00 00 02 00 00 10 18 F7 0C 00 00 37 82 
00 FF FF 00 10 0D 22 93 00 00 02 00 00 10 18 F8 0C 00 00 2D FD 
00 FF FF 00 10 0D 22 93 00 00 02 00 00 10 18 F9 0C 00 00 2B 01 
00 FF FF 00 10 0D 22 93 00 00 02 00 00 10 18 FA 0C 00 00 1C 49 
00 FF FF 00 10 0D 22 93 00 00 02 00 00 10 18 FB 0C 00 00 17 AB 
00 FF FF 00 10 0D 22 93 00 00 02 00 00 10 18 FC 0C 00 00 1A F9 
00 FF FF 00 10 0D 22 93 00 00 02 00 00 10 18 FD 0C 00 00 34 AD 
00 FF FF 00 10 0D 22 93 00 00 02 00 00 10 18 FE 0C 00 00 39 4A 
00 FF FF 00 10 0D 22 93 00 00 02 00 00 10 18 FF 0C 00 00 30 44 
00 FF FF 00 10 0D 22 93 00 00 02 00 00 10 19 01 0C 00 00 1D 25 
00 FF FF 00 10 0D 22 93 00 00 02 00 00 10 19 02 0C 00 00 24 1B 
00 FF FF 00 10 0D 22 93 00 00 02 00 00 10 19 03 0C 00 00 17 CD 
00 FF FF 00 10 0D 22 93 00 00 02 00 00 10 19 04 0C 00 00 1D D3 
00 FF FF 00 10 0D 22 93 00 00 02 00 00 10 19 05 0C 00 00 21 3B 
00 FF FF 00 10 0D 22 93 00 00 02 00 00 10 19 06 0C 00 00 36 A4 
00 FF FF 00 10 0D 22 93 00 00 02 00 00 10 19 07 0C 00 00 36 A4 
00 FF FF 00 10 0D 22 93 00 00 02 00 00 10 19 08 0C 00 00 14 3D 
00 FF FF 00 10 0D 22 93 00 00 02 00 00 10 19 09 0C 00 00 19 ED 
00 FF FF 00 10 0D 22 93 00 00 02 00 00 10 19 0A 0C 00 00 17 92 
00 FF FF 00 10 0D 22 93 00 00 02 00 00 10 19 0B 0C 00 00 1D 49 
00 FF FF 00 10 0D 22 93 00 00 02 00 00 10 19 0E 0C 00 00 3A 34 
00 FF FF 00 10 0D 22 93 00 00 02 00 00 10 19 10 0C 00 00 3B 22 
00 FF FF 00 10 0D 22 93 00 00 02 00 00 10 19 13 0C 00 00 17 71 
00 FF FF 00 10 0D 22 93 00 00 02 00 00 10 19 16 0C 00 00 21 C5 
00 FF FF 00 10 0D 22 93 00 00 02 00 00 10 19 17 0C 00 00 20 E3 
00 FF FF 00 10 0D 22 93 00 00 02 00 00 10 19 19 0C 00 00 3A 34 
00 FF FF 00 10 0D 22 93 00 00 02 00 00 10 19 1B 0C 00 00 2E D4 
00 FF FF 00 10 0D 22 93 00 00 02 00 00 10 19 1C 0C 00 00 1C F1 
00 FF FF 00 10 0D 22 93 00 00 02 00 00 10 19 1D 0C 00 00 1A 1E 
00 FF FF 00 10 0D 22 93 00 00 02 00 00 10 19 1E 0C 00 00 1F 3D 
00 FF FF 00 10 0D 22 93 00 00 02 00 00 10 19 1F 0C 00 00 32 15 
00 FF FF 00 10 0D 22 93 00 00 02 00 00 10 19 20 0C 00 00 2E 22 
00 FF FF 00 10 0D 22 93 00 00 02 00 00 10 19 22 0C 00 00 37 82 
00 FF FF 00 10 0D 22 93 00 00 02 00 00 10 19 23 0C 00 00 2E CD 
00 FF FF 00 10 0D 22 93 00 00 02 00 00 10 19 25 0C 00 00 1B 53 
00 FF FF 00 10 0D 22 93 00 00 02 00 00 10 19 26 0C 00 00 1F 01 
00 FF FF 00 10 0D 22 93 00 00 02 00 00 10 19 27 0C 00 00 26 4E 
00 FF FF 00 10 0D 22 93 00 00 02 00 00 10 19 29 0C 00 00 19 FB 
00 FF FF 00 10 0D 22 93 00 00 02 00 00 10 19 2B 0C 00 00 18 D9 
00 FF FF 00 10 0D 22 93 00 00 02 00 00 10 19 2D 0C 00 00 1E 05 
00 FF FF 00 10 0D 22 93 00 00 02 00 00 10 19 2E 0C 00 00 1A E1 
00 FF FF 00 10 0D 22 93 00 00 02 00 00 10 19 2F 0C 00 00 1E 41 
00 FF FF 00 10 0D 22 93 00 00 02 00 00 10 19 30 0C 00 00 2F 9D 
00 FF FF 00 10 0D 22 93 00 00 02 00 00 10 19 31 0C 00 00 2D 74 
00 FF FF 00 10 0D 22 93 00 00 02 00 00 10 19 32 0C 00 00 3D 0A 
00 FF FF 00 10 0D 22 93 00 00 02 00 00 10 19 33 0C 00 00 34 22 
00 FF FF 00 10 0D 22 93 00 00 02 00 00 10 19 34 0C 00 00 2B 0D 
00 FF FF 00 10 0D 22 93 00 00 02 00 00 10 19 35 0C 00 00 22 F1 
00 FF FF 00 10 0D 22 93 00 00 02 00 00 10 19 36 0C 00 00 19 9D 
00 FF FF 00 10 0D 22 93 00 00 02 00 00 10 19 38 0C 00 00 22 61 
00 FF FF 00 10 0D 22 93 00 00 02 00 00 10 19 39 0C 00 00 3A 34 
00 FF FF 00 10 0D 22 93 00 00 02 00 00 10 19 3A 0C 00 00 32 8A 
00 FF FF 00 10 0D 22 93 00 00 02 00 00 10 19 3C 0C 00 00 34 22 
00 FF FF 00 10 0D 22 93 00 00 02 00 00 10 19 3E 0C 00 00 1F 3D 
00 FF FF 00 10 0D 22 93 00 00 02 00 00 10 19 3F 0C 00 00 17 FD 
00 FF FF 00 10 0D 22 93 00 00 02 00 00 10 19 42 0C 00 00 31 02 
00 FF FF 00 10 0D 22 93 00 00 02 00 00 10 19 43 0C 00 00 38 64 
00 FF FF 00 10 0D 22 93 00 00 02 00 00 10 19 44 0C 00 00 2E 91 
00 FF FF 00 10 0D 22 93 00 00 02 00 00 10 19 46 0C 00 00 26 E5 
00 FF FF 00 10 0D 22 93 00 00 02 00 00 10 19 47 0C 00 00 16 12 
00 FF FF 00 10 0D 22 93 00 00 02 00 00 10 19 48 0C 00 00 14 42 
00 FF FF 00 10 0D 22 93 00 00 02 00 00 10 19 49 0C 00 00 29 13 
00 FF FF 00 10 0D 22 93 00 00 02 00 00 10 19 4A 0C 00 00 30 44 
00 FF FF 00 10 0D 22 93 00 00 02 00 00 10 19 4B 0C 00 00 3B 22 
00 FF FF 00 10 0D 22 93 00 00 02 00 00 10 19 4D 0C 00 00 31 C4 
00 FF FF 00 10 0D 22 93 00 00 02 00 00 10 19 4E 0C 00 00 2E 01 
00 FF FF 00 10 0D 22 93 00 00 02 00 00 10 19 4F 0C 00 00 1F AD 
00 FF FF 00 10 0D 22 93 00 00 02 00 00 10 19 51 0C 00 00 1F 31 
00 FF FF 00 10 0D 22 93 00 00 02 00 00 10 19 52 0C 00 00 1C 12 
00 FF FF 00 10 0D 22 93 00 00 02 00 00 10 19 53 0C 00 00 32 8A 
00 FF FF 00 10 0D 22 93 00 00 02 00 00 10 19 54 0C 00 00 20 89 
00 FF FF 00 10 0D 22 93 00 00 02 00 00 10 19 57 0C 00 00 25 C1 
00 FF FF 00 10 0D 22 93 00 00 02 00 00 10 19 58 0C 00 00 1A 0D 
00 FF FF 00 10 0D 22 93 00 00 02 00 00 10 19 59 0C 00 00 1D B1 
00 FF FF 00 10 0D 22 93 00 00 02 00 00 10 19 5A 0C 00 00 2A 11 
00 FF FF 00 10 0D 22 93 00 00 02 00 00 10 19 5B 0C 00 00 21 A1 
00 FF FF 00 10 0D 22 93 00 00 02 00 00 10 19 5C 0C 00 00 3B 22 
00 FF FF 00 10 0D 22 93 00 00 02 00 00 10 19 5D 0C 00 00 34 22 
00 FF FF 00 10 0D 22 93 00 00 02 00 00 10 19 5F 0C 00 00 2F 99 
00 FF FF 00 10 0D 22 93 00 00 02 00 00 10 19 60 0C 00 00 1E 8D 
00 FF FF 00 10 0D 22 93 00 00 02 00 00 10 19 61 0C 00 00 18 5D 
00 FF FF 00 10 0D 22 93 00 00 02 00 00 10 19 63 0C 00 00 2C 75 
00 FF FF 00 10 0D 22 93 00 00 02 00 00 10 19 64 0C 00 00 2E D4 
00 FF FF 00 10 0D 22 93 00 00 02 00 00 10 19 67 0C 00 00 35 8D 
00 FF FF 00 10 0D 22 93 00 00 02 00 00 10 19 69 0C 00 00 19 C5 
00 FF FF 00 10 0D 22 93 00 00 02 00 00 10 19 6A 0C 00 00 16 BB 
00 FF FF 00 10 0D 22 93 00 00 02 00 00 10 19 6B 0C 00 00 29 A9 
00 FF FF 00 10 0D 22 93 00 00 02 00 00 10 19 6C 0C 00 00 1D F5 
00 FF FF 00 10 0D 22 93 00 00 02 00 00 10 19 6D 0C 00 00 35 99 
00 FF FF 00 10 0D 22 93 00 00 02 00 00 10 19 6E 0C 00 00 33 54 
00 FF FF 00 10 0D 22 93 00 00 02 00 00 10 19 6F 0C 00 00 35 CA 
00 FF FF 00 10 0D 22 93 00 00 02 00 00 10 19 71 0C 00 00 1D D6 
00 FF FF 00 10 0D 22 93 00 00 02 00 00 10 19 72 0C 00 00 17 99 
00 FF FF 00 10 0D 22 93 00 00 02 00 00 10 19 73 0C 00 00 20 24 
00 FF FF 00 10 0D 22 93 00 00 02 00 00 10 19 74 0C 00 00 2C CA 
00 FF FF 00 10 0D 22 93 00 00 02 00 00 10 19 75 0C 00 00 3B 22 
00 FF FF 00 10 0D 22 93 00 00 02 00 00 10 19 77 0C 00 00 3B 22 
00 FF FF 00 10 0D 22 93 00 00 02 00 00 10 19 78 0C 00 00 34 A9 
00 FF FF 00 10 0D 22 93 00 00 02 00 00 10 19 79 0C 00 00 1B B4 
00 FF FF 00 10 0D 22 93 00 00 02 00 00 10 19 7A 0C 00 00 1A A5 
00 FF FF 00 10 0D 22 93 00 00 02 00 00 10 19 7B 0C 00 00 17 09 
00 FF FF 00 10 0D 22 93 00 00 02 00 00 10 19 7C 0C 00 00 27 4D 
00 FF FF 00 10 0D 22 93 00 00 02 00 00 10 19 7D 0C 00 00 35 CA 
00 FF FF 00 10 0D 22 93 00 00 02 00 00 10 19 7E 0C 00 00 34 22 
00 FF FF 00 10 0D 22 93 00 00 02 00 00 10 19 80 0C 00 00 1C 2B 
00 FF FF 00 10 0D 22 93 00 00 02 00 00 10 19 81 0C 00 00 31 3D 
00 FF FF 00 10 0D 22 93 00 00 02 00 00 10 19 82 0C 00 00 21 35 
00 FF FF 00 10 0D 22 93 00 00 02 00 00 10 19 83 0C 00 00 1B B1 
00 FF FF 00 10 0D 22 93 00 00 02 00 00 10 19 84 0C 00 00 1F CB 
00 FF FF 00 10 0D 22 93 00 00 02 00 00 10 19 85 0C 00 00 24 D1 
00 FF FF 00 10 0D 22 93 00 00 02 00 00 10 19 86 0C 00 00 30 44 
00 FF FF 00 10 0D 22 93 00 00 02 00 00 10 19 87 0C 00 00 36 A4 
00 FF FF 00 10 0D 22 93 00 00 02 00 00 10 19 88 0C 00 00 27 11 
00 FF FF 00 10 0D 22 93 00 00 02 00 00 10 19 89 0C 00 00 36 71 
00 FF FF 00 10 0D 22 93 00 00 02 00 00 10 19 8A 0C 00 00 2A 35 
00 FF FF 00 10 0D 22 93 00 00 02 00 00 10 19 8B 0C 00 00 14 A2 
00 FF FF 00 10 0D 22 93 00 00 02 00 00 10 19 8C 0C 00 00 11 E9 
00 FF FF 00 10 0D 22 93 00 00 02 00 00 10 19 8D 0C 00 00 26 DB 
00 FF FF 00 10 0D 22 93 00 00 02 00 00 10 19 8E 0C 00 00 37 75 
00 FF FF 00 10 0D 22 93 00 00 02 00 00 10 19 8F 0C 00 00 32 8A 
00 FF FF 00 10 0D 22 93 00 00 02 00 00 10 19 90 0C 00 00 37 82 
00 FF FF 00 10 0D 22 93 00 00 02 00 00 10 19 91 0C 00 00 19 20 
00 FF FF 00 10 0D 22 93 00 00 02 00 00 10 19 92 0C 00 00 25 11 
00 FF FF 00 10 0D 22 93 00 00 02 00 00 10 19 93 0C 00 00 22 19 
00 FF FF 00 10 0D 22 93 00 00 02 00 00 10 19 94 0C 00 00 18 FB 
00 FF FF 00 10 0D 22 93 00 00 02 00 00 10 19 95 0C 00 00 1F 13 
00 FF FF 00 10 0D 22 93 00 00 02 00 00 10 19 96 0C 00 00 26 C1 
00 FF FF 00 10 0D 22 93 00 00 02 00 00 10 19 97 0C 00 00 32 8A 
00 FF FF 00 10 0D 22 93 00 00 02 00 00 10 19 98 0C 00 00 33 54 
00 FF FF 00 10 0D 22 93 00 00 02 00 00 10 19 99 0C 00 00 39 4A 
00 FF FF 00 10 0D 22 93 00 00 02 00 00 10 19 9A 0C 00 00 30 9B 
00 FF FF 00 10 0D 22 93 00 00 02 00 00 10 19 9B 0C 00 00 28 72 
00 FF FF 00 10 0D 22 93 00 00 02 00 00 10 19 9C 0C 00 00 11 3C 
00 FF FF 00 10 0D 22 93 00 00 02 00 00 10 19 9D 0C 00 00 13 E6 
00 FF FF 00 10 0D 22 93 00 00 02 00 00 10 19 9E 0C 00 00 22 35 
00 FF FF 00 10 0D 22 93 00 00 02 00 00 10 19 9F 0C 00 00 38 50 
00 FF FF 00 10 0D 22 93 00 00 02 00 00 10 19 A0 0C 00 00 1E FD 
00 FF FF 00 10 0D 22 93 00 00 02 00 00 10 19 A1 0C 00 00 2E 75 
00 FF FF 00 10 0D 22 93 00 00 02 00 00 10 19 A3 0C 00 00 33 54 
00 FF FF 00 10 0D 22 93 00 00 02 00 00 10 19 A4 0C 00 00 19 77 
00 FF FF 00 10 0D 22 93 00 00 02 00 00 10 19 A5 0C 00 00 18 AD 
