00 FF FF 00 10 0D 22 93 00 00 02 00 00 10 07 F8 0C 00 00 35 DD 
00 FF FF 00 10 0D 22 93 00 00 02 00 00 10 07 F9 0C 00 00 31 E1 
00 FF FF 00 10 0D 22 93 00 00 02 00 00 10 07 FA 0C 00 00 34 B9 
00 FF FF 00 10 0D 22 93 00 00 02 00 00 10 07 FC 0C 00 00 11 A7 
00 FF FF 00 10 0D 22 93 00 00 02 00 00 10 07 FD 0C 00 00 17 BD 
00 FF FF 00 10 0D 22 93 00 00 02 00 00 10 07 FE 0C 00 00 20 D0 
00 FF FF 00 10 0D 22 93 00 00 02 00 00 10 07 FF 0C 00 00 37 6A 
00 FF FF 00 10 0D 22 93 00 00 02 00 00 10 08 02 0C 00 00 1D 4D 
00 FF FF 00 10 0D 22 93 00 00 02 00 00 10 08 05 0C 00 00 12 7D 
00 FF FF 00 10 0D 22 93 00 00 02 00 00 10 08 06 0C 00 00 18 5E 
00 FF FF 00 10 0D 22 93 00 00 02 00 00 10 08 07 0C 00 00 27 09 
00 FF FF 00 10 0D 22 93 00 00 02 00 00 10 08 08 0C 00 00 3D 0D 
00 FF FF 00 10 0D 22 93 00 00 02 00 00 10 08 09 0C 00 00 33 01 
00 FF FF 00 10 0D 22 93 00 00 02 00 00 10 08 0A 0C 00 00 22 21 
00 FF FF 00 10 0D 22 93 00 00 02 00 00 10 08 0B 0C 00 00 13 A7 
00 FF FF 00 10 0D 22 93 00 00 02 00 00 10 08 0C 0C 00 00 15 76 
00 FF FF 00 10 0D 22 93 00 00 02 00 00 10 08 0D 0C 00 00 14 67 
00 FF FF 00 10 0D 22 93 00 00 02 00 00 10 08 0E 0C 00 00 18 D9 
00 FF FF 00 10 0D 22 93 00 00 02 00 00 10 08 0F 0C 00 00 21 78 
00 FF FF 00 10 0D 22 93 00 00 02 00 00 10 08 11 0C 00 00 39 41 
00 FF FF 00 10 0D 22 93 00 00 02 00 00 10 08 12 0C 00 00 2A 16 
00 FF FF 00 10 0D 22 93 00 00 02 00 00 10 08 13 0C 00 00 1C 62 
00 FF FF 00 10 0D 22 93 00 00 02 00 00 10 08 14 0C 00 00 19 AB 
00 FF FF 00 10 0D 22 93 00 00 02 00 00 10 08 15 0C 00 00 13 1E 
00 FF FF 00 10 0D 22 93 00 00 02 00 00 10 08 16 0C 00 00 18 2A 
00 FF FF 00 10 0D 22 93 00 00 02 00 00 10 08 17 0C 00 00 1B F8 
00 FF FF 00 10 0D 22 93 00 00 02 00 00 10 08 18 0C 00 00 24 02 
00 FF FF 00 10 0D 22 93 00 00 02 00 00 10 08 19 0C 00 00 32 15 
00 FF FF 00 10 0D 22 93 00 00 02 00 00 10 08 1A 0C 00 00 2F F1 
00 FF FF 00 10 0D 22 93 00 00 02 00 00 10 08 1B 0C 00 00 13 3C 
00 FF FF 00 10 0D 22 93 00 00 02 00 00 10 08 1C 0C 00 00 18 AD 
00 FF FF 00 10 0D 22 93 00 00 02 00 00 10 08 1D 0C 00 00 15 53 
00 FF FF 00 10 0D 22 93 00 00 02 00 00 10 08 1E 0C 00 00 15 32 
00 FF FF 00 10 0D 22 93 00 00 02 00 00 10 08 20 0C 00 00 0C 75 
00 FF FF 00 10 0D 22 93 00 00 02 00 00 10 08 21 0C 00 00 10 CF 
00 FF FF 00 10 0D 22 93 00 00 02 00 00 10 08 22 0C 00 00 1C 8C 
00 FF FF 00 10 0D 22 93 00 00 02 00 00 10 08 23 0C 00 00 2A 8A 
00 FF FF 00 10 0D 22 93 00 00 02 00 00 10 08 24 0C 00 00 31 C4 
00 FF FF 00 10 0D 22 93 00 00 02 00 00 10 08 25 0C 00 00 1A 3D 
00 FF FF 00 10 0D 22 93 00 00 02 00 00 10 08 26 0C 00 00 2E 0D 
00 FF FF 00 10 0D 22 93 00 00 02 00 00 10 08 28 0C 00 00 13 7A 
00 FF FF 00 10 0D 22 93 00 00 02 00 00 10 08 29 0C 00 00 1B 99 
00 FF FF 00 10 0D 22 93 00 00 02 00 00 10 08 2A 0C 00 00 12 16 
00 FF FF 00 10 0D 22 93 00 00 02 00 00 10 08 2B 0C 00 00 35 CA 
00 FF FF 00 10 0D 22 93 00 00 02 00 00 10 08 2D 0C 00 00 14 B5 
00 FF FF 00 10 0D 22 93 00 00 02 00 00 10 08 2E 0C 00 00 1A D6 
00 FF FF 00 10 0D 22 93 00 00 02 00 00 10 08 2F 0C 00 00 1B 06 
00 FF FF 00 10 0D 22 93 00 00 02 00 00 10 08 30 0C 00 00 1C 9D 
00 FF FF 00 10 0D 22 93 00 00 02 00 00 10 08 31 0C 00 00 1B AD 
00 FF FF 00 10 0D 22 93 00 00 02 00 00 10 08 32 0C 00 00 1D CE 
00 FF FF 00 10 0D 22 93 00 00 02 00 00 10 08 33 0C 00 00 32 0A 
00 FF FF 00 10 0D 22 93 00 00 02 00 00 10 08 34 0C 00 00 2B D0 
00 FF FF 00 10 0D 22 93 00 00 02 00 00 10 08 35 0C 00 00 1F 50 
00 FF FF 00 10 0D 22 93 00 00 02 00 00 10 08 36 0C 00 00 11 A0 
00 FF FF 00 10 0D 22 93 00 00 02 00 00 10 08 38 0C 00 00 0E 32 
00 FF FF 00 10 0D 22 93 00 00 02 00 00 10 08 39 0C 00 00 0C 88 
00 FF FF 00 10 0D 22 93 00 00 02 00 00 10 08 3A 0C 00 00 1B 50 
00 FF FF 00 10 0D 22 93 00 00 02 00 00 10 08 3B 0C 00 00 10 3D 
00 FF FF 00 10 0D 22 93 00 00 02 00 00 10 08 3C 0C 00 00 18 1D 
00 FF FF 00 10 0D 22 93 00 00 02 00 00 10 08 3D 0C 00 00 0E 71 
00 FF FF 00 10 0D 22 93 00 00 02 00 00 10 08 3E 0C 00 00 19 7A 
00 FF FF 00 10 0D 22 93 00 00 02 00 00 10 08 40 0C 00 00 1C C5 
00 FF FF 00 10 0D 22 93 00 00 02 00 00 10 08 41 0C 00 00 1E 26 
00 FF FF 00 10 0D 22 93 00 00 02 00 00 10 08 42 0C 00 00 18 6A 
00 FF FF 00 10 0D 22 93 00 00 02 00 00 10 08 43 0C 00 00 18 F8 
00 FF FF 00 10 0D 22 93 00 00 02 00 00 10 08 44 0C 00 00 2E CD 
00 FF FF 00 10 0D 22 93 00 00 02 00 00 10 08 45 0C 00 00 16 DF 
00 FF FF 00 10 0D 22 93 00 00 02 00 00 10 08 46 0C 00 00 1D B1 
00 FF FF 00 10 0D 22 93 00 00 02 00 00 10 08 47 0C 00 00 18 41 
00 FF FF 00 10 0D 22 93 00 00 02 00 00 10 08 48 0C 00 00 21 6C 
00 FF FF 00 10 0D 22 93 00 00 02 00 00 10 08 49 0C 00 00 24 19 
00 FF FF 00 10 0D 22 93 00 00 02 00 00 10 08 4A 0C 00 00 1E 68 
00 FF FF 00 10 0D 22 93 00 00 02 00 00 10 08 4C 0C 00 00 18 B0 
00 FF FF 00 10 0D 22 93 00 00 02 00 00 10 08 4D 0C 00 00 25 CE 
00 FF FF 00 10 0D 22 93 00 00 02 00 00 10 08 4E 0C 00 00 25 CB 
00 FF FF 00 10 0D 22 93 00 00 02 00 00 10 08 4F 0C 00 00 16 D9 
00 FF FF 00 10 0D 22 93 00 00 02 00 00 10 08 52 0C 00 00 27 E3 
00 FF FF 00 10 0D 22 93 00 00 02 00 00 10 08 53 0C 00 00 1C D2 
00 FF FF 00 10 0D 22 93 00 00 02 00 00 10 08 54 0C 00 00 1D 19 
00 FF FF 00 10 0D 22 93 00 00 02 00 00 10 08 56 0C 00 00 13 43 
00 FF FF 00 10 0D 22 93 00 00 02 00 00 10 08 57 0C 00 00 1E D4 
00 FF FF 00 10 0D 22 93 00 00 02 00 00 10 08 58 0C 00 00 19 6E 
00 FF FF 00 10 0D 22 93 00 00 02 00 00 10 08 59 0C 00 00 1A 76 
00 FF FF 00 10 0D 22 93 00 00 02 00 00 10 08 5A 0C 00 00 32 46 
00 FF FF 00 10 0D 22 93 00 00 02 00 00 10 08 5B 0C 00 00 0F 81 
00 FF FF 00 10 0D 22 93 00 00 02 00 00 10 08 5C 0C 00 00 1A 28 
00 FF FF 00 10 0D 22 93 00 00 02 00 00 10 08 5D 0C 00 00 17 46 
00 FF FF 00 10 0D 22 93 00 00 02 00 00 10 08 5E 0C 00 00 21 03 
00 FF FF 00 10 0D 22 93 00 00 02 00 00 10 08 5F 0C 00 00 23 C2 
00 FF FF 00 10 0D 22 93 00 00 02 00 00 10 08 60 0C 00 00 1B 25 
00 FF FF 00 10 0D 22 93 00 00 02 00 00 10 08 61 0C 00 00 1E A3 
00 FF FF 00 10 0D 22 93 00 00 02 00 00 10 08 62 0C 00 00 1E 95 
00 FF FF 00 10 0D 22 93 00 00 02 00 00 10 08 63 0C 00 00 2A 6B 
00 FF FF 00 10 0D 22 93 00 00 02 00 00 10 08 64 0C 00 00 1E C8 
00 FF FF 00 10 0D 22 93 00 00 02 00 00 10 08 65 0C 00 00 0F 9B 
00 FF FF 00 10 0D 22 93 00 00 02 00 00 10 08 66 0C 00 00 11 FE 
00 FF FF 00 10 0D 22 93 00 00 02 00 00 10 08 67 0C 00 00 21 F6 
00 FF FF 00 10 0D 22 93 00 00 02 00 00 10 08 68 0C 00 00 1D F9 
00 FF FF 00 10 0D 22 93 00 00 02 00 00 10 08 69 0C 00 00 17 A3 
00 FF FF 00 10 0D 22 93 00 00 02 00 00 10 08 6B 0C 00 00 2D 43 
00 FF FF 00 10 0D 22 93 00 00 02 00 00 10 08 6C 0C 00 00 28 63 
00 FF FF 00 10 0D 22 93 00 00 02 00 00 10 08 6D 0C 00 00 1B CB 
00 FF FF 00 10 0D 22 93 00 00 02 00 00 10 08 6E 0C 00 00 17 1A 
00 FF FF 00 10 0D 22 93 00 00 02 00 00 10 08 70 0C 00 00 1C 95 
00 FF FF 00 10 0D 22 93 00 00 02 00 00 10 08 71 0C 00 00 17 F5 
00 FF FF 00 10 0D 22 93 00 00 02 00 00 10 08 72 0C 00 00 1D 05 
00 FF FF 00 10 0D 22 93 00 00 02 00 00 10 08 73 0C 00 00 1C AD 
00 FF FF 00 10 0D 22 93 00 00 02 00 00 10 08 74 0C 00 00 34 AA 
00 FF FF 00 10 0D 22 93 00 00 02 00 00 10 08 75 0C 00 00 26 FD 
00 FF FF 00 10 0D 22 93 00 00 02 00 00 10 08 76 0C 00 00 1C DD 
00 FF FF 00 10 0D 22 93 00 00 02 00 00 10 08 77 0C 00 00 1E 08 
00 FF FF 00 10 0D 22 93 00 00 02 00 00 10 08 79 0C 00 00 1A BD 
00 FF FF 00 10 0D 22 93 00 00 02 00 00 10 08 7A 0C 00 00 19 49 
00 FF FF 00 10 0D 22 93 00 00 02 00 00 10 08 7C 0C 00 00 15 34 
00 FF FF 00 10 0D 22 93 00 00 02 00 00 10 08 7D 0C 00 00 2F A6 
00 FF FF 00 10 0D 22 93 00 00 02 00 00 10 08 7E 0C 00 00 23 E6 
00 FF FF 00 10 0D 22 93 00 00 02 00 00 10 08 7F 0C 00 00 19 B8 
00 FF FF 00 10 0D 22 93 00 00 02 00 00 10 08 80 0C 00 00 17 14 
00 FF FF 00 10 0D 22 93 00 00 02 00 00 10 08 81 0C 00 00 19 7E 
00 FF FF 00 10 0D 22 93 00 00 02 00 00 10 08 82 0C 00 00 1B DA 
00 FF FF 00 10 0D 22 93 00 00 02 00 00 10 08 83 0C 00 00 19 46 
00 FF FF 00 10 0D 22 93 00 00 02 00 00 10 08 84 0C 00 00 21 29 
00 FF FF 00 10 0D 22 93 00 00 02 00 00 10 08 85 0C 00 00 35 A6 
00 FF FF 00 10 0D 22 93 00 00 02 00 00 10 08 86 0C 00 00 2D E6 
00 FF FF 00 10 0D 22 93 00 00 02 00 00 10 08 87 0C 00 00 1E B2 
00 FF FF 00 10 0D 22 93 00 00 02 00 00 10 08 88 0C 00 00 18 52 
00 FF FF 00 10 0D 22 93 00 00 02 00 00 10 08 89 0C 00 00 18 8E 
00 FF FF 00 10 0D 22 93 00 00 02 00 00 10 08 8A 0C 00 00 16 CE 
00 FF FF 00 10 0D 22 93 00 00 02 00 00 10 08 8B 0C 00 00 18 71 
00 FF FF 00 10 0D 22 93 00 00 02 00 00 10 08 8C 0C 00 00 1C FB 
00 FF FF 00 10 0D 22 93 00 00 02 00 00 10 08 8D 0C 00 00 25 A9 
00 FF FF 00 10 0D 22 93 00 00 02 00 00 10 08 8E 0C 00 00 39 3B 
00 FF FF 00 10 0D 22 93 00 00 02 00 00 10 08 8F 0C 00 00 26 56 
00 FF FF 00 10 0D 22 93 00 00 02 00 00 10 08 90 0C 00 00 1E BA 
00 FF FF 00 10 0D 22 93 00 00 02 00 00 10 08 91 0C 00 00 17 1E 
00 FF FF 00 10 0D 22 93 00 00 02 00 00 10 08 92 0C 00 00 14 B3 
00 FF FF 00 10 0D 22 93 00 00 02 00 00 10 08 93 0C 00 00 16 8C 
00 FF FF 00 10 0D 22 93 00 00 02 00 00 10 08 94 0C 00 00 1C 2B 
00 FF FF 00 10 0D 22 93 00 00 02 00 00 10 08 97 0C 00 00 36 81 
00 FF FF 00 10 0D 22 93 00 00 02 00 00 10 08 98 0C 00 00 24 47 
00 FF FF 00 10 0D 22 93 00 00 02 00 00 10 08 9A 0C 00 00 15 94 
00 FF FF 00 10 0D 22 93 00 00 02 00 00 10 08 9B 0C 00 00 11 52 
00 FF FF 00 10 0D 22 93 00 00 02 00 00 10 08 9C 0C 00 00 12 4D 
00 FF FF 00 10 0D 22 93 00 00 02 00 00 10 08 9D 0C 00 00 1F 69 
00 FF FF 00 10 0D 22 93 00 00 02 00 00 10 08 9E 0C 00 00 26 F1 
00 FF FF 00 10 0D 22 93 00 00 02 00 00 10 08 9F 0C 00 00 2F AD 
00 FF FF 00 10 0D 22 93 00 00 02 00 00 10 08 A0 0C 00 00 32 3B 
00 FF FF 00 10 0D 22 93 00 00 02 00 00 10 08 A1 0C 00 00 1B 69 
00 FF FF 00 10 0D 22 93 00 00 02 00 00 10 08 A3 0C 00 00 12 47 
00 FF FF 00 10 0D 22 93 00 00 02 00 00 10 08 A4 0C 00 00 12 09 
00 FF FF 00 10 0D 22 93 00 00 02 00 00 10 08 A5 0C 00 00 1E 99 
00 FF FF 00 10 0D 22 93 00 00 02 00 00 10 08 A6 0C 00 00 22 99 
00 FF FF 00 10 0D 22 93 00 00 02 00 00 10 08 A7 0C 00 00 2D C2 
00 FF FF 00 10 0D 22 93 00 00 02 00 00 10 08 A8 0C 00 00 39 4A 
00 FF FF 00 10 0D 22 93 00 00 02 00 00 10 08 A9 0C 00 00 15 67 
00 FF FF 00 10 0D 22 93 00 00 02 00 00 10 08 AA 0C 00 00 1D 17 
00 FF FF 00 10 0D 22 93 00 00 02 00 00 10 08 AB 0C 00 00 17 46 
00 FF FF 00 10 0D 22 93 00 00 02 00 00 10 08 AC 0C 00 00 10 EA 
00 FF FF 00 10 0D 22 93 00 00 02 00 00 10 08 AD 0C 00 00 14 53 
00 FF FF 00 10 0D 22 93 00 00 02 00 00 10 08 AE 0C 00 00 17 FA 
00 FF FF 00 10 0D 22 93 00 00 02 00 00 10 08 AF 0C 00 00 25 03 
00 FF FF 00 10 0D 22 93 00 00 02 00 00 10 08 B0 0C 00 00 1D EA 
00 FF FF 00 10 0D 22 93 00 00 02 00 00 10 08 B1 0C 00 00 32 F6 
00 FF FF 00 10 0D 22 93 00 00 02 00 00 10 08 B2 0C 00 00 27 BE 
00 FF FF 00 10 0D 22 93 00 00 02 00 00 10 08 B3 0C 00 00 1A 36 
00 FF FF 00 10 0D 22 93 00 00 02 00 00 10 08 B4 0C 00 00 13 72 
00 FF FF 00 10 0D 22 93 00 00 02 00 00 10 08 B5 0C 00 00 0F 8A 
00 FF FF 00 10 0D 22 93 00 00 02 00 00 10 08 B6 0C 00 00 1B 0B 
00 FF FF 00 10 0D 22 93 00 00 02 00 00 10 08 B7 0C 00 00 20 31 
00 FF FF 00 10 0D 22 93 00 00 02 00 00 10 08 B8 0C 00 00 2A 3D 
00 FF FF 00 10 0D 22 93 00 00 02 00 00 10 08 B9 0C 00 00 0F 86 
00 FF FF 00 10 0D 22 93 00 00 02 00 00 10 08 BA 0C 00 00 33 FB 
00 FF FF 00 10 0D 22 93 00 00 02 00 00 10 08 BB 0C 00 00 24 2B 
00 FF FF 00 10 0D 22 93 00 00 02 00 00 10 08 BC 0C 00 00 19 5C 
00 FF FF 00 10 0D 22 93 00 00 02 00 00 10 08 BD 0C 00 00 0D 27 
00 FF FF 00 10 0D 22 93 00 00 02 00 00 10 08 BE 0C 00 00 12 EF 
00 FF FF 00 10 0D 22 93 00 00 02 00 00 10 08 BF 0C 00 00 1C 8A 
00 FF FF 00 10 0D 22 93 00 00 02 00 00 10 08 C0 0C 00 00 14 FD 
00 FF FF 00 10 0D 22 93 00 00 02 00 00 10 08 C1 0C 00 00 35 DD 
00 FF FF 00 10 0D 22 93 00 00 02 00 00 10 08 C2 0C 00 00 3C 19 
00 FF FF 00 10 0D 22 93 00 00 02 00 00 10 08 C3 0C 00 00 2F A8 
00 FF FF 00 10 0D 22 93 00 00 02 00 00 10 08 C4 0C 00 00 1F C7 
00 FF FF 00 10 0D 22 93 00 00 02 00 00 10 08 C5 0C 00 00 14 EC 
00 FF FF 00 10 0D 22 93 00 00 02 00 00 10 08 C6 0C 00 00 10 C1 
00 FF FF 00 10 0D 22 93 00 00 02 00 00 10 08 C7 0C 00 00 13 B6 
00 FF FF 00 10 0D 22 93 00 00 02 00 00 10 08 C8 0C 00 00 1D 9B 
00 FF FF 00 10 0D 22 93 00 00 02 00 00 10 08 C9 0C 00 00 33 05 
00 FF FF 00 10 0D 22 93 00 00 02 00 00 10 08 CA 0C 00 00 3C 19 
00 FF FF 00 10 0D 22 93 00 00 02 00 00 10 08 CB 0C 00 00 39 3B 
00 FF FF 00 10 0D 22 93 00 00 02 00 00 10 08 CC 0C 00 00 27 9B 
00 FF FF 00 10 0D 22 93 00 00 02 00 00 10 08 CD 0C 00 00 1D 15 
00 FF FF 00 10 0D 22 93 00 00 02 00 00 10 08 CE 0C 00 00 12 54 
00 FF FF 00 10 0D 22 93 00 00 02 00 00 10 08 CF 0C 00 00 12 0F 
00 FF FF 00 10 0D 22 93 00 00 02 00 00 10 08 D0 0C 00 00 1A 46 
00 FF FF 00 10 0D 22 93 00 00 02 00 00 10 08 D1 0C 00 00 27 09 
00 FF FF 00 10 0D 22 93 00 00 02 00 00 10 08 D2 0C 00 00 35 DD 
00 FF FF 00 10 0D 22 93 00 00 02 00 00 10 08 D3 0C 00 00 36 B5 
00 FF FF 00 10 0D 22 93 00 00 02 00 00 10 08 D4 0C 00 00 33 05 
00 FF FF 00 10 0D 22 93 00 00 02 00 00 10 08 D6 0C 00 00 19 43 
00 FF FF 00 10 0D 22 93 00 00 02 00 00 10 08 D7 0C 00 00 15 0E 
00 FF FF 00 10 0D 22 93 00 00 02 00 00 10 08 D8 0C 00 00 11 73 
00 FF FF 00 10 0D 22 93 00 00 02 00 00 10 08 D9 0C 00 00 1C E7 
00 FF FF 00 10 0D 22 93 00 00 02 00 00 10 08 DA 0C 00 00 0E 59 
00 FF FF 00 10 0D 22 93 00 00 02 00 00 10 08 DB 0C 00 00 32 A5 
00 FF FF 00 10 0D 22 93 00 00 02 00 00 10 08 DC 0C 00 00 30 65 
00 FF FF 00 10 0D 22 93 00 00 02 00 00 10 08 DD 0C 00 00 2F EE 
00 FF FF 00 10 0D 22 93 00 00 02 00 00 10 08 DE 0C 00 00 21 71 
00 FF FF 00 10 0D 22 93 00 00 02 00 00 10 08 DF 0C 00 00 15 3C 
00 FF FF 00 10 0D 22 93 00 00 02 00 00 10 08 E0 0C 00 00 12 01 
00 FF FF 00 10 0D 22 93 00 00 02 00 00 10 08 E1 0C 00 00 17 A4 
00 FF FF 00 10 0D 22 93 00 00 02 00 00 10 08 E2 0C 00 00 28 71 
00 FF FF 00 10 0D 22 93 00 00 02 00 00 10 08 E3 0C 00 00 36 B5 
00 FF FF 00 10 0D 22 93 00 00 02 00 00 10 08 E4 0C 00 00 34 39 
00 FF FF 00 10 0D 22 93 00 00 02 00 00 10 08 E5 0C 00 00 34 D1 
00 FF FF 00 10 0D 22 93 00 00 02 00 00 10 08 E6 0C 00 00 2A 0C 
00 FF FF 00 10 0D 22 93 00 00 02 00 00 10 08 E7 0C 00 00 1D 05 
00 FF FF 00 10 0D 22 93 00 00 02 00 00 10 08 E8 0C 00 00 0C DA 
00 FF FF 00 10 0D 22 93 00 00 02 00 00 10 08 E9 0C 00 00 12 FC 
00 FF FF 00 10 0D 22 93 00 00 02 00 00 10 08 EA 0C 00 00 23 3E 
00 FF FF 00 10 0D 22 93 00 00 02 00 00 10 08 EB 0C 00 00 2C 0B 
00 FF FF 00 10 0D 22 93 00 00 02 00 00 10 08 EC 0C 00 00 2E F9 
00 FF FF 00 10 0D 22 93 00 00 02 00 00 10 08 ED 0C 00 00 38 71 
00 FF FF 00 10 0D 22 93 00 00 02 00 00 10 08 F0 0C 00 00 1B 42 
00 FF FF 00 10 0D 22 93 00 00 02 00 00 10 08 F1 0C 00 00 15 92 
00 FF FF 00 10 0D 22 93 00 00 02 00 00 10 08 F2 0C 00 00 19 E6 
00 FF FF 00 10 0D 22 93 00 00 02 00 00 10 08 F3 0C 00 00 20 31 
00 FF FF 00 10 0D 22 93 00 00 02 00 00 10 08 F4 0C 00 00 3A 3D 
00 FF FF 00 10 0D 22 93 00 00 02 00 00 10 08 F5 0C 00 00 34 39 
00 FF FF 00 10 0D 22 93 00 00 02 00 00 10 08 F6 0C 00 00 3A 3D 
00 FF FF 00 10 0D 22 93 00 00 02 00 00 10 08 F7 0C 00 00 34 A5 
00 FF FF 00 10 0D 22 93 00 00 02 00 00 10 08 F8 0C 00 00 24 AC 
00 FF FF 00 10 0D 22 93 00 00 02 00 00 10 08 F9 0C 00 00 1A BA 
00 FF FF 00 10 0D 22 93 00 00 02 00 00 10 08 FA 0C 00 00 16 DF 
00 FF FF 00 10 0D 22 93 00 00 02 00 00 10 08 FC 0C 00 00 34 BD 
00 FF FF 00 10 0D 22 93 00 00 02 00 00 10 08 FD 0C 00 00 3C 19 
00 FF FF 00 10 0D 22 93 00 00 02 00 00 10 08 FE 0C 00 00 32 A5 
00 FF FF 00 10 0D 22 93 00 00 02 00 00 10 08 FF 0C 00 00 35 DD 
00 FF FF 00 10 0D 22 93 00 00 02 00 00 10 09 00 0C 00 00 33 01 
00 FF FF 00 10 0D 22 93 00 00 02 00 00 10 09 01 0C 00 00 22 79 
00 FF FF 00 10 0D 22 93 00 00 02 00 00 10 09 04 0C 00 00 25 B7 
00 FF FF 00 10 0D 22 93 00 00 02 00 00 10 09 05 0C 00 00 35 DD 
00 FF FF 00 10 0D 22 93 00 00 02 00 00 10 09 06 0C 00 00 1C FF 
00 FF FF 00 10 0D 22 93 00 00 02 00 00 10 09 07 0C 00 00 30 65 
00 FF FF 00 10 0D 22 93 00 00 02 00 00 10 09 08 0C 00 00 19 86 
00 FF FF 00 10 0D 22 93 00 00 02 00 00 10 09 09 0C 00 00 2A 29 
00 FF FF 00 10 0D 22 93 00 00 02 00 00 10 09 0A 0C 00 00 1D D7 
00 FF FF 00 10 0D 22 93 00 00 02 00 00 10 09 0B 0C 00 00 16 AC 
00 FF FF 00 10 0D 22 93 00 00 02 00 00 10 09 0C 0C 00 00 19 DE 
00 FF FF 00 10 0D 22 93 00 00 02 00 00 10 09 0D 0C 00 00 2D 22 
00 FF FF 00 10 0D 22 93 00 00 02 00 00 10 09 0E 0C 00 00 35 DD 
00 FF FF 00 10 0D 22 93 00 00 02 00 00 10 09 0F 0C 00 00 1B 02 
00 FF FF 00 10 0D 22 93 00 00 02 00 00 10 09 10 0C 00 00 34 39 
00 FF FF 00 10 0D 22 93 00 00 02 00 00 10 09 11 0C 00 00 19 57 
00 FF FF 00 10 0D 22 93 00 00 02 00 00 10 09 12 0C 00 00 10 2A 
00 FF FF 00 10 0D 22 93 00 00 02 00 00 10 09 14 0C 00 00 1D 78 
00 FF FF 00 10 0D 22 93 00 00 02 00 00 10 09 15 0C 00 00 2F 31 
00 FF FF 00 10 0D 22 93 00 00 02 00 00 10 09 16 0C 00 00 38 71 
00 FF FF 00 10 0D 22 93 00 00 02 00 00 10 09 17 0C 00 00 35 09 
00 FF FF 00 10 0D 22 93 00 00 02 00 00 10 09 18 0C 00 00 1D 66 
00 FF FF 00 10 0D 22 93 00 00 02 00 00 10 09 1B 0C 00 00 20 DE 
00 FF FF 00 10 0D 22 93 00 00 02 00 00 10 09 1C 0C 00 00 14 05 
00 FF FF 00 10 0D 22 93 00 00 02 00 00 10 09 1D 0C 00 00 15 2F 
00 FF FF 00 10 0D 22 93 00 00 02 00 00 10 09 1E 0C 00 00 20 85 
00 FF FF 00 10 0D 22 93 00 00 02 00 00 10 09 1F 0C 00 00 38 71 
00 FF FF 00 10 0D 22 93 00 00 02 00 00 10 09 20 0C 00 00 3B 29 
00 FF FF 00 10 0D 22 93 00 00 02 00 00 10 09 21 0C 00 00 35 09 
00 FF FF 00 10 0D 22 93 00 00 02 00 00 10 09 22 0C 00 00 33 DE 
00 FF FF 00 10 0D 22 93 00 00 02 00 00 10 09 23 0C 00 00 1B CA 
00 FF FF 00 10 0D 22 93 00 00 02 00 00 10 09 25 0C 00 00 14 76 
00 FF FF 00 10 0D 22 93 00 00 02 00 00 10 09 27 0C 00 00 0F BC 
00 FF FF 00 10 0D 22 93 00 00 02 00 00 10 09 28 0C 00 00 2A 01 
00 FF FF 00 10 0D 22 93 00 00 02 00 00 10 09 29 0C 00 00 03 B8 
00 FF FF 00 10 0D 22 93 00 00 02 00 00 10 09 2B 0C 00 00 16 70 
00 FF FF 00 10 0D 22 93 00 00 02 00 00 10 09 2C 0C 00 00 1C A2 
00 FF FF 00 10 0D 22 93 00 00 02 00 00 10 09 2D 0C 00 00 09 59 
00 FF FF 00 10 0D 22 93 00 00 02 00 00 10 09 2E 0C 00 00 0A 91 
00 FF FF 00 10 0D 22 93 00 00 02 00 00 10 09 2F 0C 00 00 18 01 
00 FF FF 00 10 0D 22 93 00 00 02 00 00 10 09 30 0C 00 00 29 96 
00 FF FF 00 10 0D 22 93 00 00 02 00 00 10 09 31 0C 00 00 26 45 
00 FF FF 00 10 0D 22 93 00 00 02 00 00 10 09 32 0C 00 00 36 B5 
00 FF FF 00 10 0D 22 93 00 00 02 00 00 10 09 33 0C 00 00 31 82 
00 FF FF 00 10 0D 22 93 00 00 02 00 00 10 09 34 0C 00 00 1A 4E 
00 FF FF 00 10 0D 22 93 00 00 02 00 00 10 09 36 0C 00 00 12 1C 
00 FF FF 00 10 0D 22 93 00 00 02 00 00 10 09 37 0C 00 00 10 D0 
00 FF FF 00 10 0D 22 93 00 00 02 00 00 10 09 38 0C 00 00 22 6B 
00 FF FF 00 10 0D 22 93 00 00 02 00 00 10 09 39 0C 00 00 1F FA 
00 FF FF 00 10 0D 22 93 00 00 02 00 00 10 09 3A 0C 00 00 3D 0D 
00 FF FF 00 10 0D 22 93 00 00 02 00 00 10 09 3C 0C 00 00 2B EB 
00 FF FF 00 10 0D 22 93 00 00 02 00 00 10 09 3D 0C 00 00 11 26 
00 FF FF 00 10 0D 22 93 00 00 02 00 00 10 09 3E 0C 00 00 1C DB 
00 FF FF 00 10 0D 22 93 00 00 02 00 00 10 09 40 0C 00 00 31 55 
00 FF FF 00 10 0D 22 93 00 00 02 00 00 10 09 41 0C 00 00 35 09 
00 FF FF 00 10 0D 22 93 00 00 02 00 00 10 09 42 0C 00 00 34 39 
00 FF FF 00 10 0D 22 93 00 00 02 00 00 10 09 43 0C 00 00 2E 49 
00 FF FF 00 10 0D 22 93 00 00 02 00 00 10 09 45 0C 00 00 18 38 
00 FF FF 00 10 0D 22 93 00 00 02 00 00 10 09 46 0C 00 00 1B B9 
00 FF FF 00 10 0D 22 93 00 00 02 00 00 10 09 47 0C 00 00 1E DD 
00 FF FF 00 10 0D 22 93 00 00 02 00 00 10 09 49 0C 00 00 2F AD 
00 FF FF 00 10 0D 22 93 00 00 02 00 00 10 09 4A 0C 00 00 26 24 
00 FF FF 00 10 0D 22 93 00 00 02 00 00 10 09 4B 0C 00 00 2F AD 
00 FF FF 00 10 0D 22 93 00 00 02 00 00 10 09 4D 0C 00 00 2C C1 
00 FF FF 00 10 0D 22 93 00 00 02 00 00 10 09 4E 0C 00 00 1F 47 
00 FF FF 00 10 0D 22 93 00 00 02 00 00 10 09 4F 0C 00 00 15 A1 
00 FF FF 00 10 0D 22 93 00 00 02 00 00 10 09 50 0C 00 00 11 7C 
00 FF FF 00 10 0D 22 93 00 00 02 00 00 10 09 51 0C 00 00 16 92 
00 FF FF 00 10 0D 22 93 00 00 02 00 00 10 09 52 0C 00 00 1D 6A 
00 FF FF 00 10 0D 22 93 00 00 02 00 00 10 09 53 0C 00 00 31 50 
00 FF FF 00 10 0D 22 93 00 00 02 00 00 10 09 54 0C 00 00 3D 0D 
00 FF FF 00 10 0D 22 93 00 00 02 00 00 10 09 57 0C 00 00 13 AA 
00 FF FF 00 10 0D 22 93 00 00 02 00 00 10 09 58 0C 00 00 11 29 
00 FF FF 00 10 0D 22 93 00 00 02 00 00 10 09 5A 0C 00 00 18 69 
00 FF FF 00 10 0D 22 93 00 00 02 00 00 10 09 5B 0C 00 00 1D 9B 
00 FF FF 00 10 0D 22 93 00 00 02 00 00 10 09 5C 0C 00 00 2F C6 
00 FF FF 00 10 0D 22 93 00 00 02 00 00 10 09 5E 0C 00 00 2D A3 
00 FF FF 00 10 0D 22 93 00 00 02 00 00 10 09 5F 0C 00 00 1E 95 
00 FF FF 00 10 0D 22 93 00 00 02 00 00 10 09 60 0C 00 00 18 72 
00 FF FF 00 10 0D 22 93 00 00 02 00 00 10 09 61 0C 00 00 13 3C 
00 FF FF 00 10 0D 22 93 00 00 02 00 00 10 09 62 0C 00 00 13 C2 
00 FF FF 00 10 0D 22 93 00 00 02 00 00 10 09 64 0C 00 00 21 67 
00 FF FF 00 10 0D 22 93 00 00 02 00 00 10 09 65 0C 00 00 20 56 
00 FF FF 00 10 0D 22 93 00 00 02 00 00 10 09 66 0C 00 00 33 19 
00 FF FF 00 10 0D 22 93 00 00 02 00 00 10 09 67 0C 00 00 12 32 
00 FF FF 00 10 0D 22 93 00 00 02 00 00 10 09 68 0C 00 00 1E 08 
00 FF FF 00 10 0D 22 93 00 00 02 00 00 10 09 69 0C 00 00 16 7E 
00 FF FF 00 10 0D 22 93 00 00 02 00 00 10 09 6A 0C 00 00 11 8B 
00 FF FF 00 10 0D 22 93 00 00 02 00 00 10 09 6B 0C 00 00 10 76 
00 FF FF 00 10 0D 22 93 00 00 02 00 00 10 09 6C 0C 00 00 20 E5 
00 FF FF 00 10 0D 22 93 00 00 02 00 00 10 09 6D 0C 00 00 23 18 
00 FF FF 00 10 0D 22 93 00 00 02 00 00 10 09 6E 0C 00 00 39 55 
00 FF FF 00 10 0D 22 93 00 00 02 00 00 10 09 6F 0C 00 00 2E 94 
00 FF FF 00 10 0D 22 93 00 00 02 00 00 10 09 71 0C 00 00 1C A9 
00 FF FF 00 10 0D 22 93 00 00 02 00 00 10 09 72 0C 00 00 13 BE 
00 FF FF 00 10 0D 22 93 00 00 02 00 00 10 09 73 0C 00 00 16 19 
00 FF FF 00 10 0D 22 93 00 00 02 00 00 10 09 76 0C 00 00 2B 28 
00 FF FF 00 10 0D 22 93 00 00 02 00 00 10 09 77 0C 00 00 38 4D 
00 FF FF 00 10 0D 22 93 00 00 02 00 00 10 09 78 0C 00 00 26 AB 
00 FF FF 00 10 0D 22 93 00 00 02 00 00 10 09 79 0C 00 00 1A F5 
00 FF FF 00 10 0D 22 93 00 00 02 00 00 10 09 7A 0C 00 00 17 50 
00 FF FF 00 10 0D 22 93 00 00 02 00 00 10 09 7B 0C 00 00 16 B2 
00 FF FF 00 10 0D 22 93 00 00 02 00 00 10 09 7C 0C 00 00 14 E1 
00 FF FF 00 10 0D 22 93 00 00 02 00 00 10 09 7D 0C 00 00 1C 61 
00 FF FF 00 10 0D 22 93 00 00 02 00 00 10 09 7E 0C 00 00 20 D0 
00 FF FF 00 10 0D 22 93 00 00 02 00 00 10 09 7F 0C 00 00 30 65 
00 FF FF 00 10 0D 22 93 00 00 02 00 00 10 09 80 0C 00 00 26 CA 
00 FF FF 00 10 0D 22 93 00 00 02 00 00 10 09 81 0C 00 00 1E 9E 
00 FF FF 00 10 0D 22 93 00 00 02 00 00 10 09 82 0C 00 00 1D 48 
00 FF FF 00 10 0D 22 93 00 00 02 00 00 10 09 83 0C 00 00 17 D3 
00 FF FF 00 10 0D 22 93 00 00 02 00 00 10 09 84 0C 00 00 17 CE 
00 FF FF 00 10 0D 22 93 00 00 02 00 00 10 09 85 0C 00 00 1B 63 
00 FF FF 00 10 0D 22 93 00 00 02 00 00 10 09 86 0C 00 00 1A 99 
00 FF FF 00 10 0D 22 93 00 00 02 00 00 10 09 87 0C 00 00 2D 62 
00 FF FF 00 10 0D 22 93 00 00 02 00 00 10 09 88 0C 00 00 33 01 
00 FF FF 00 10 0D 22 93 00 00 02 00 00 10 09 8A 0C 00 00 0C 7B 
00 FF FF 00 10 0D 22 93 00 00 02 00 00 10 09 8B 0C 00 00 1C 0A 
00 FF FF 00 10 0D 22 93 00 00 02 00 00 10 09 8C 0C 00 00 11 76 
00 FF FF 00 10 0D 22 93 00 00 02 00 00 10 09 8D 0C 00 00 1D 85 
00 FF FF 00 10 0D 22 93 00 00 02 00 00 10 09 8E 0C 00 00 18 C6 
00 FF FF 00 10 0D 22 93 00 00 02 00 00 10 09 8F 0C 00 00 1A 76 
00 FF FF 00 10 0D 22 93 00 00 02 00 00 10 09 90 0C 00 00 28 FB 
00 FF FF 00 10 0D 22 93 00 00 02 00 00 10 09 91 0C 00 00 2F CC 
00 FF FF 00 10 0D 22 93 00 00 02 00 00 10 09 92 0C 00 00 20 E1 
00 FF FF 00 10 0D 22 93 00 00 02 00 00 10 09 94 0C 00 00 1B 12 
00 FF FF 00 10 0D 22 93 00 00 02 00 00 10 09 95 0C 00 00 1C 61 
00 FF FF 00 10 0D 22 93 00 00 02 00 00 10 09 96 0C 00 00 1C A8 
00 FF FF 00 10 0D 22 93 00 00 02 00 00 10 09 97 0C 00 00 17 B6 
00 FF FF 00 10 0D 22 93 00 00 02 00 00 10 09 98 0C 00 00 23 B2 
00 FF FF 00 10 0D 22 93 00 00 02 00 00 10 09 99 0C 00 00 2E DA 
00 FF FF 00 10 0D 22 93 00 00 02 00 00 10 09 9A 0C 00 00 27 A5 
00 FF FF 00 10 0D 22 93 00 00 02 00 00 10 09 9B 0C 00 00 1A B5 
00 FF FF 00 10 0D 22 93 00 00 02 00 00 10 09 9C 0C 00 00 19 95 
00 FF FF 00 10 0D 22 93 00 00 02 00 00 10 09 9E 0C 00 00 09 20 
00 FF FF 00 10 0D 22 93 00 00 02 00 00 10 09 9F 0C 00 00 0F C7 
00 FF FF 00 10 0D 22 93 00 00 02 00 00 10 09 A0 0C 00 00 1D 38 
00 FF FF 00 10 0D 22 93 00 00 02 00 00 10 09 A1 0C 00 00 1E 11 
00 FF FF 00 10 0D 22 93 00 00 02 00 00 10 09 A2 0C 00 00 2F B9 
00 FF FF 00 10 0D 22 93 00 00 02 00 00 10 09 A3 0C 00 00 32 46 
00 FF FF 00 10 0D 22 93 00 00 02 00 00 10 09 A4 0C 00 00 19 03 
00 FF FF 00 10 0D 22 93 00 00 02 00 00 10 09 A5 0C 00 00 1A 15 
00 FF FF 00 10 0D 22 93 00 00 02 00 00 10 09 A6 0C 00 00 07 82 
00 FF FF 00 10 0D 22 93 00 00 02 00 00 10 09 A7 0C 00 00 1F D6 
00 FF FF 00 10 0D 22 93 00 00 02 00 00 10 09 A8 0C 00 00 10 C3 
00 FF FF 00 10 0D 22 93 00 00 02 00 00 10 09 A9 0C 00 00 11 D3 
00 FF FF 00 10 0D 22 93 00 00 02 00 00 10 09 AB 0C 00 00 19 DB 
00 FF FF 00 10 0D 22 93 00 00 02 00 00 10 09 AC 0C 00 00 1B EB 
00 FF FF 00 10 0D 22 93 00 00 02 00 00 10 09 AD 0C 00 00 1C DB 
00 FF FF 00 10 0D 22 93 00 00 02 00 00 10 09 AF 0C 00 00 25 E6 
00 FF FF 00 10 0D 22 93 00 00 02 00 00 10 09 B0 0C 00 00 1D FA 
00 FF FF 00 10 0D 22 93 00 00 02 00 00 10 09 B1 0C 00 00 18 16 
00 FF FF 00 10 0D 22 93 00 00 02 00 00 10 09 B2 0C 00 00 1E E9 
00 FF FF 00 10 0D 22 93 00 00 02 00 00 10 09 B3 0C 00 00 0E BA 
00 FF FF 00 10 0D 22 93 00 00 02 00 00 10 09 B5 0C 00 00 0E AF 
00 FF FF 00 10 0D 22 93 00 00 02 00 00 10 09 B6 0C 00 00 21 1B 
00 FF FF 00 10 0D 22 93 00 00 02 00 00 10 09 B7 0C 00 00 25 EE 
00 FF FF 00 10 0D 22 93 00 00 02 00 00 10 09 B8 0C 00 00 25 B1 
00 FF FF 00 10 0D 22 93 00 00 02 00 00 10 09 B9 0C 00 00 0F 3E 
00 FF FF 00 10 0D 22 93 00 00 02 00 00 10 09 BA 0C 00 00 1A B6 
00 FF FF 00 10 0D 22 93 00 00 02 00 00 10 09 BB 0C 00 00 23 56 
00 FF FF 00 10 0D 22 93 00 00 02 00 00 10 09 BC 0C 00 00 23 8D 
00 FF FF 00 10 0D 22 93 00 00 02 00 00 10 09 BF 0C 00 00 14 1C 
00 FF FF 00 10 0D 22 93 00 00 02 00 00 10 09 C0 0C 00 00 2D 22 
00 FF FF 00 10 0D 22 93 00 00 02 00 00 10 09 C1 0C 00 00 21 2A 
00 FF FF 00 10 0D 22 93 00 00 02 00 00 10 09 C2 0C 00 00 1C 50 
00 FF FF 00 10 0D 22 93 00 00 02 00 00 10 09 C3 0C 00 00 1F ED 
00 FF FF 00 10 0D 22 93 00 00 02 00 00 10 09 C4 0C 00 00 22 D1 
00 FF FF 00 10 0D 22 93 00 00 02 00 00 10 09 C7 0C 00 00 1C 9D 
00 FF FF 00 10 0D 22 93 00 00 02 00 00 10 09 C8 0C 00 00 28 0C 
00 FF FF 00 10 0D 22 93 00 00 02 00 00 10 09 C9 0C 00 00 2D 72 
00 FF FF 00 10 0D 22 93 00 00 02 00 00 10 09 CA 0C 00 00 1D DE 
00 FF FF 00 10 0D 22 93 00 00 02 00 00 10 09 CB 0C 00 00 1D 78 
00 FF FF 00 10 0D 22 93 00 00 02 00 00 10 09 CC 0C 00 00 1A BE 
00 FF FF 00 10 0D 22 93 00 00 02 00 00 10 09 CE 0C 00 00 1B 95 
00 FF FF 00 10 0D 22 93 00 00 02 00 00 10 09 CF 0C 00 00 18 AA 
00 FF FF 00 10 0D 22 93 00 00 02 00 00 10 09 D0 0C 00 00 1E F6 
00 FF FF 00 10 0D 22 93 00 00 02 00 00 10 09 D1 0C 00 00 29 2E 
00 FF FF 00 10 0D 22 93 00 00 02 00 00 10 09 D2 0C 00 00 26 2A 
00 FF FF 00 10 0D 22 93 00 00 02 00 00 10 09 D3 0C 00 00 1C 56 
00 FF FF 00 10 0D 22 93 00 00 02 00 00 10 09 D4 0C 00 00 1E C9 
00 FF FF 00 10 0D 22 93 00 00 02 00 00 10 09 D5 0C 00 00 1B DA 
00 FF FF 00 10 0D 22 93 00 00 02 00 00 10 09 D6 0C 00 00 0F 47 
00 FF FF 00 10 0D 22 93 00 00 02 00 00 10 09 D7 0C 00 00 19 4B 
00 FF FF 00 10 0D 22 93 00 00 02 00 00 10 09 D8 0C 00 00 18 D9 
00 FF FF 00 10 0D 22 93 00 00 02 00 00 10 09 D9 0C 00 00 26 51 
00 FF FF 00 10 0D 22 93 00 00 02 00 00 10 09 DC 0C 00 00 11 79 
00 FF FF 00 10 0D 22 93 00 00 02 00 00 10 09 DD 0C 00 00 1A 26 
00 FF FF 00 10 0D 22 93 00 00 02 00 00 10 09 DF 0C 00 00 1A F3 
00 FF FF 00 10 0D 22 93 00 00 02 00 00 10 09 E0 0C 00 00 1E 21 
00 FF FF 00 10 0D 22 93 00 00 02 00 00 10 09 E2 0C 00 00 31 55 
00 FF FF 00 10 0D 22 93 00 00 02 00 00 10 09 E3 0C 00 00 2D DB 
00 FF FF 00 10 0D 22 93 00 00 02 00 00 10 09 E4 0C 00 00 21 46 
00 FF FF 00 10 0D 22 93 00 00 02 00 00 10 09 E5 0C 00 00 1C CA 
00 FF FF 00 10 0D 22 93 00 00 02 00 00 10 09 E6 0C 00 00 19 C7 
00 FF FF 00 10 0D 22 93 00 00 02 00 00 10 09 E7 0C 00 00 16 6A 
00 FF FF 00 10 0D 22 93 00 00 02 00 00 10 09 E8 0C 00 00 16 37 
00 FF FF 00 10 0D 22 93 00 00 02 00 00 10 09 E9 0C 00 00 1B 3E 
00 FF FF 00 10 0D 22 93 00 00 02 00 00 10 09 EA 0C 00 00 2B B2 
00 FF FF 00 10 0D 22 93 00 00 02 00 00 10 09 EB 0C 00 00 30 25 
00 FF FF 00 10 0D 22 93 00 00 02 00 00 10 09 EC 0C 00 00 2C 56 
00 FF FF 00 10 0D 22 93 00 00 02 00 00 10 09 ED 0C 00 00 1D C8 
00 FF FF 00 10 0D 22 93 00 00 02 00 00 10 09 EE 0C 00 00 19 D2 
00 FF FF 00 10 0D 22 93 00 00 02 00 00 10 09 EF 0C 00 00 16 9E 
00 FF FF 00 10 0D 22 93 00 00 02 00 00 10 09 F0 0C 00 00 14 33 
00 FF FF 00 10 0D 22 93 00 00 02 00 00 10 09 F1 0C 00 00 16 96 
00 FF FF 00 10 0D 22 93 00 00 02 00 00 10 09 F2 0C 00 00 28 2C 
00 FF FF 00 10 0D 22 93 00 00 02 00 00 10 09 F3 0C 00 00 2D 63 
00 FF FF 00 10 0D 22 93 00 00 02 00 00 10 09 F4 0C 00 00 30 AA 
00 FF FF 00 10 0D 22 93 00 00 02 00 00 10 09 F5 0C 00 00 24 A1 
00 FF FF 00 10 0D 22 93 00 00 02 00 00 10 09 F6 0C 00 00 1A E6 
00 FF FF 00 10 0D 22 93 00 00 02 00 00 10 09 F7 0C 00 00 19 53 
00 FF FF 00 10 0D 22 93 00 00 02 00 00 10 09 F8 0C 00 00 14 F6 
00 FF FF 00 10 0D 22 93 00 00 02 00 00 10 09 F9 0C 00 00 15 96 
00 FF FF 00 10 0D 22 93 00 00 02 00 00 10 09 FA 0C 00 00 18 DB 
00 FF FF 00 10 0D 22 93 00 00 02 00 00 10 09 FB 0C 00 00 21 7B 
00 FF FF 00 10 0D 22 93 00 00 02 00 00 10 09 FC 0C 00 00 3C 19 
00 FF FF 00 10 0D 22 93 00 00 02 00 00 10 09 FD 0C 00 00 33 FB 
00 FF FF 00 10 0D 22 93 00 00 02 00 00 10 09 FE 0C 00 00 23 42 
00 FF FF 00 10 0D 22 93 00 00 02 00 00 10 09 FF 0C 00 00 19 1E 
00 FF FF 00 10 0D 22 93 00 00 02 00 00 10 0A 00 0C 00 00 14 9C 
00 FF FF 00 10 0D 22 93 00 00 02 00 00 10 0A 01 0C 00 00 15 32 
00 FF FF 00 10 0D 22 93 00 00 02 00 00 10 0A 02 0C 00 00 17 A1 
00 FF FF 00 10 0D 22 93 00 00 02 00 00 10 0A 03 0C 00 00 23 0A 
00 FF FF 00 10 0D 22 93 00 00 02 00 00 10 0A 04 0C 00 00 30 65 
00 FF FF 00 10 0D 22 93 00 00 02 00 00 10 0A 05 0C 00 00 1B 2A 
00 FF FF 00 10 0D 22 93 00 00 02 00 00 10 0A 07 0C 00 00 1F B8 
00 FF FF 00 10 0D 22 93 00 00 02 00 00 10 0A 08 0C 00 00 19 0C 
00 FF FF 00 10 0D 22 93 00 00 02 00 00 10 0A 09 0C 00 00 18 CF 
00 FF FF 00 10 0D 22 93 00 00 02 00 00 10 0A 0A 0C 00 00 12 57 
00 FF FF 00 10 0D 22 93 00 00 02 00 00 10 0A 0B 0C 00 00 2F AD 
00 FF FF 00 10 0D 22 93 00 00 02 00 00 10 0A 0C 0C 00 00 23 E9 
00 FF FF 00 10 0D 22 93 00 00 02 00 00 10 0A 0D 0C 00 00 32 A5 
00 FF FF 00 10 0D 22 93 00 00 02 00 00 10 0A 0E 0C 00 00 2E 0E 
00 FF FF 00 10 0D 22 93 00 00 02 00 00 10 0A 0F 0C 00 00 2A 66 
00 FF FF 00 10 0D 22 93 00 00 02 00 00 10 0A 10 0C 00 00 1F 95 
00 FF FF 00 10 0D 22 93 00 00 02 00 00 10 0A 11 0C 00 00 0E FA 
00 FF FF 00 10 0D 22 93 00 00 02 00 00 10 0A 12 0C 00 00 0D A8 
00 FF FF 00 10 0D 22 93 00 00 02 00 00 10 0A 13 0C 00 00 15 91 
00 FF FF 00 10 0D 22 93 00 00 02 00 00 10 0A 15 0C 00 00 2F B5 
00 FF FF 00 10 0D 22 93 00 00 02 00 00 10 0A 16 0C 00 00 36 8C 
00 FF FF 00 10 0D 22 93 00 00 02 00 00 10 0A 18 0C 00 00 23 E5 
00 FF FF 00 10 0D 22 93 00 00 02 00 00 10 0A 1A 0C 00 00 13 4B 
00 FF FF 00 10 0D 22 93 00 00 02 00 00 10 0A 1B 0C 00 00 06 13 
00 FF FF 00 10 0D 22 93 00 00 02 00 00 10 0A 1C 0C 00 00 18 C6 
00 FF FF 00 10 0D 22 93 00 00 02 00 00 10 0A 1E 0C 00 00 1B 75 
00 FF FF 00 10 0D 22 93 00 00 02 00 00 10 0A 1F 0C 00 00 3C 19 
00 FF FF 00 10 0D 22 93 00 00 02 00 00 10 0A 20 0C 00 00 17 C8 
00 FF FF 00 10 0D 22 93 00 00 02 00 00 10 0A 22 0C 00 00 17 1C 
00 FF FF 00 10 0D 22 93 00 00 02 00 00 10 0A 23 0C 00 00 11 E9 
00 FF FF 00 10 0D 22 93 00 00 02 00 00 10 0A 24 0C 00 00 16 DE 
00 FF FF 00 10 0D 22 93 00 00 02 00 00 10 0A 25 0C 00 00 22 9A 
00 FF FF 00 10 0D 22 93 00 00 02 00 00 10 0A 26 0C 00 00 2B EE 
00 FF FF 00 10 0D 22 93 00 00 02 00 00 10 0A 27 0C 00 00 3C 19 
00 FF FF 00 10 0D 22 93 00 00 02 00 00 10 0A 28 0C 00 00 35 09 
00 FF FF 00 10 0D 22 93 00 00 02 00 00 10 0A 29 0C 00 00 2B E6 
00 FF FF 00 10 0D 22 93 00 00 02 00 00 10 0A 2B 0C 00 00 13 96 
00 FF FF 00 10 0D 22 93 00 00 02 00 00 10 0A 2C 0C 00 00 0B AC 
00 FF FF 00 10 0D 22 93 00 00 02 00 00 10 0A 2D 0C 00 00 1C 3B 
00 FF FF 00 10 0D 22 93 00 00 02 00 00 10 0A 2F 0C 00 00 30 65 
00 FF FF 00 10 0D 22 93 00 00 02 00 00 10 0A 30 0C 00 00 31 E1 
00 FF FF 00 10 0D 22 93 00 00 02 00 00 10 0A 31 0C 00 00 36 84 
00 FF FF 00 10 0D 22 93 00 00 02 00 00 10 0A 32 0C 00 00 28 DD 
00 FF FF 00 10 0D 22 93 00 00 02 00 00 10 0A 33 0C 00 00 1A B5 
00 FF FF 00 10 0D 22 93 00 00 02 00 00 10 0A 34 0C 00 00 10 F2 
00 FF FF 00 10 0D 22 93 00 00 02 00 00 10 0A 35 0C 00 00 15 CA 
00 FF FF 00 10 0D 22 93 00 00 02 00 00 10 0A 36 0C 00 00 18 09 
00 FF FF 00 10 0D 22 93 00 00 02 00 00 10 0A 37 0C 00 00 27 09 
00 FF FF 00 10 0D 22 93 00 00 02 00 00 10 0A 38 0C 00 00 37 91 
00 FF FF 00 10 0D 22 93 00 00 02 00 00 10 0A 39 0C 00 00 33 6D 
00 FF FF 00 10 0D 22 93 00 00 02 00 00 10 0A 3A 0C 00 00 2F 4B 
00 FF FF 00 10 0D 22 93 00 00 02 00 00 10 0A 3C 0C 00 00 0F 67 
00 FF FF 00 10 0D 22 93 00 00 02 00 00 10 0A 3D 0C 00 00 17 92 
00 FF FF 00 10 0D 22 93 00 00 02 00 00 10 0A 3E 0C 00 00 19 F4 
00 FF FF 00 10 0D 22 93 00 00 02 00 00 10 0A 3F 0C 00 00 27 0A 
00 FF FF 00 10 0D 22 93 00 00 02 00 00 10 0A 40 0C 00 00 3D 0D 
00 FF FF 00 10 0D 22 93 00 00 02 00 00 10 0A 41 0C 00 00 31 E1 
00 FF FF 00 10 0D 22 93 00 00 02 00 00 10 0A 42 0C 00 00 2F AD 
00 FF FF 00 10 0D 22 93 00 00 02 00 00 10 0A 43 0C 00 00 31 55 
00 FF FF 00 10 0D 22 93 00 00 02 00 00 10 0A 44 0C 00 00 1B FF 
00 FF FF 00 10 0D 22 93 00 00 02 00 00 10 0A 45 0C 00 00 14 FF 
00 FF FF 00 10 0D 22 93 00 00 02 00 00 10 0A 46 0C 00 00 12 72 
00 FF FF 00 10 0D 22 93 00 00 02 00 00 10 0A 47 0C 00 00 1A 92 
00 FF FF 00 10 0D 22 93 00 00 02 00 00 10 0A 48 0C 00 00 16 33 
00 FF FF 00 10 0D 22 93 00 00 02 00 00 10 0A 49 0C 00 00 2F AD 
00 FF FF 00 10 0D 22 93 00 00 02 00 00 10 0A 4A 0C 00 00 3C 19 
00 FF FF 00 10 0D 22 93 00 00 02 00 00 10 0A 4B 0C 00 00 2E 75 
00 FF FF 00 10 0D 22 93 00 00 02 00 00 10 0A 4C 0C 00 00 2A DE 
00 FF FF 00 10 0D 22 93 00 00 02 00 00 10 0A 4D 0C 00 00 11 75 
00 FF FF 00 10 0D 22 93 00 00 02 00 00 10 0A 4E 0C 00 00 17 BA 
00 FF FF 00 10 0D 22 93 00 00 02 00 00 10 0A 4F 0C 00 00 14 C4 
00 FF FF 00 10 0D 22 93 00 00 02 00 00 10 0A 50 0C 00 00 25 18 
00 FF FF 00 10 0D 22 93 00 00 02 00 00 10 0A 51 0C 00 00 30 65 
00 FF FF 00 10 0D 22 93 00 00 02 00 00 10 0A 52 0C 00 00 37 91 
00 FF FF 00 10 0D 22 93 00 00 02 00 00 10 0A 53 0C 00 00 38 71 
00 FF FF 00 10 0D 22 93 00 00 02 00 00 10 0A 54 0C 00 00 32 1E 
00 FF FF 00 10 0D 22 93 00 00 02 00 00 10 0A 55 0C 00 00 2A 83 
00 FF FF 00 10 0D 22 93 00 00 02 00 00 10 0A 56 0C 00 00 1A A6 
00 FF FF 00 10 0D 22 93 00 00 02 00 00 10 0A 57 0C 00 00 15 6D 
00 FF FF 00 10 0D 22 93 00 00 02 00 00 10 0A 58 0C 00 00 1C AA 
00 FF FF 00 10 0D 22 93 00 00 02 00 00 10 0A 59 0C 00 00 25 4A 
00 FF FF 00 10 0D 22 93 00 00 02 00 00 10 0A 5B 0C 00 00 35 DD 
00 FF FF 00 10 0D 22 93 00 00 02 00 00 10 0A 5C 0C 00 00 30 65 
00 FF FF 00 10 0D 22 93 00 00 02 00 00 10 0A 5D 0C 00 00 33 14 
00 FF FF 00 10 0D 22 93 00 00 02 00 00 10 0A 5E 0C 00 00 25 CD 
00 FF FF 00 10 0D 22 93 00 00 02 00 00 10 0A 5F 0C 00 00 1D B1 
00 FF FF 00 10 0D 22 93 00 00 02 00 00 10 0A 60 0C 00 00 1C D5 
00 FF FF 00 10 0D 22 93 00 00 02 00 00 10 0A 61 0C 00 00 20 05 
00 FF FF 00 10 0D 22 93 00 00 02 00 00 10 0A 62 0C 00 00 2C 7A 
00 FF FF 00 10 0D 22 93 00 00 02 00 00 10 0A 63 0C 00 00 3D 0D 
00 FF FF 00 10 0D 22 93 00 00 02 00 00 10 0A 64 0C 00 00 3A 3D 
00 FF FF 00 10 0D 22 93 00 00 02 00 00 10 0A 65 0C 00 00 33 01 
00 FF FF 00 10 0D 22 93 00 00 02 00 00 10 0A 66 0C 00 00 2E B2 
00 FF FF 00 10 0D 22 93 00 00 02 00 00 10 0A 67 0C 00 00 1E 82 
00 FF FF 00 10 0D 22 93 00 00 02 00 00 10 0A 68 0C 00 00 18 64 
00 FF FF 00 10 0D 22 93 00 00 02 00 00 10 0A 69 0C 00 00 1B F2 
00 FF FF 00 10 0D 22 93 00 00 02 00 00 10 0A 6A 0C 00 00 21 81 
00 FF FF 00 10 0D 22 93 00 00 02 00 00 10 0A 6B 0C 00 00 32 A5 
00 FF FF 00 10 0D 22 93 00 00 02 00 00 10 0A 6C 0C 00 00 30 65 
00 FF FF 00 10 0D 22 93 00 00 02 00 00 10 0A 6D 0C 00 00 3E 05 
00 FF FF 00 10 0D 22 93 00 00 02 00 00 10 0A 6E 0C 00 00 33 BF 
00 FF FF 00 10 0D 22 93 00 00 02 00 00 10 0A 6F 0C 00 00 26 4C 
00 FF FF 00 10 0D 22 93 00 00 02 00 00 10 0A 70 0C 00 00 19 54 
00 FF FF 00 10 0D 22 93 00 00 02 00 00 10 0A 71 0C 00 00 12 49 
00 FF FF 00 10 0D 22 93 00 00 02 00 00 10 0A 73 0C 00 00 27 5C 
00 FF FF 00 10 0D 22 93 00 00 02 00 00 10 0A 74 0C 00 00 3E 05 
00 FF FF 00 10 0D 22 93 00 00 02 00 00 10 0A 75 0C 00 00 32 A5 
00 FF FF 00 10 0D 22 93 00 00 02 00 00 10 0A 76 0C 00 00 33 6D 
00 FF FF 00 10 0D 22 93 00 00 02 00 00 10 0A 77 0C 00 00 21 E2 
00 FF FF 00 10 0D 22 93 00 00 02 00 00 10 0A 78 0C 00 00 19 97 
00 FF FF 00 10 0D 22 93 00 00 02 00 00 10 0A 79 0C 00 00 13 5C 
00 FF FF 00 10 0D 22 93 00 00 02 00 00 10 0A 7A 0C 00 00 1A BC 
00 FF FF 00 10 0D 22 93 00 00 02 00 00 10 0A 7B 0C 00 00 1B 36 
00 FF FF 00 10 0D 22 93 00 00 02 00 00 10 0A 7C 0C 00 00 19 9F 
00 FF FF 00 10 0D 22 93 00 00 02 00 00 10 0A 7D 0C 00 00 2E F9 
00 FF FF 00 10 0D 22 93 00 00 02 00 00 10 0A 80 0C 00 00 26 95 
00 FF FF 00 10 0D 22 93 00 00 02 00 00 10 0A 81 0C 00 00 19 53 
00 FF FF 00 10 0D 22 93 00 00 02 00 00 10 0A 82 0C 00 00 13 EC 
00 FF FF 00 10 0D 22 93 00 00 02 00 00 10 0A 83 0C 00 00 19 3F 
00 FF FF 00 10 0D 22 93 00 00 02 00 00 10 0A 84 0C 00 00 28 BA 
00 FF FF 00 10 0D 22 93 00 00 02 00 00 10 0A 85 0C 00 00 2E F9 
00 FF FF 00 10 0D 22 93 00 00 02 00 00 10 0A 86 0C 00 00 36 B5 
00 FF FF 00 10 0D 22 93 00 00 02 00 00 10 0A 87 0C 00 00 38 71 
00 FF FF 00 10 0D 22 93 00 00 02 00 00 10 0A 88 0C 00 00 25 4A 
00 FF FF 00 10 0D 22 93 00 00 02 00 00 10 0A 89 0C 00 00 1C 44 
00 FF FF 00 10 0D 22 93 00 00 02 00 00 10 0A 8A 0C 00 00 11 C2 
00 FF FF 00 10 0D 22 93 00 00 02 00 00 10 0A 8B 0C 00 00 15 AF 
00 FF FF 00 10 0D 22 93 00 00 02 00 00 10 0A 8C 0C 00 00 17 BB 
00 FF FF 00 10 0D 22 93 00 00 02 00 00 10 0A 8E 0C 00 00 35 DD 
00 FF FF 00 10 0D 22 93 00 00 02 00 00 10 0A 8F 0C 00 00 35 DD 
00 FF FF 00 10 0D 22 93 00 00 02 00 00 10 0A 91 0C 00 00 23 A4 
00 FF FF 00 10 0D 22 93 00 00 02 00 00 10 0A 92 0C 00 00 19 19 
00 FF FF 00 10 0D 22 93 00 00 02 00 00 10 0A 93 0C 00 00 11 62 
00 FF FF 00 10 0D 22 93 00 00 02 00 00 10 0A 94 0C 00 00 25 41 
00 FF FF 00 10 0D 22 93 00 00 02 00 00 10 0A 95 0C 00 00 1F AA 
00 FF FF 00 10 0D 22 93 00 00 02 00 00 10 0A 96 0C 00 00 16 40 
00 FF FF 00 10 0D 22 93 00 00 02 00 00 10 0A 97 0C 00 00 1D 89 
00 FF FF 00 10 0D 22 93 00 00 02 00 00 10 0A 98 0C 00 00 31 21 
00 FF FF 00 10 0D 22 93 00 00 02 00 00 10 0A 99 0C 00 00 26 13 
00 FF FF 00 10 0D 22 93 00 00 02 00 00 10 0A 9A 0C 00 00 21 3A 
00 FF FF 00 10 0D 22 93 00 00 02 00 00 10 0A 9B 0C 00 00 18 AE 
00 FF FF 00 10 0D 22 93 00 00 02 00 00 10 0A 9C 0C 00 00 1C 63 
00 FF FF 00 10 0D 22 93 00 00 02 00 00 10 0A 9D 0C 00 00 16 99 
00 FF FF 00 10 0D 22 93 00 00 02 00 00 10 0A 9E 0C 00 00 32 A5 
00 FF FF 00 10 0D 22 93 00 00 02 00 00 10 0A 9F 0C 00 00 2F AD 
00 FF FF 00 10 0D 22 93 00 00 02 00 00 10 0A A0 0C 00 00 2F AD 
00 FF FF 00 10 0D 22 93 00 00 02 00 00 10 0A A1 0C 00 00 2F C1 
00 FF FF 00 10 0D 22 93 00 00 02 00 00 10 0A A2 0C 00 00 12 3E 
00 FF FF 00 10 0D 22 93 00 00 02 00 00 10 0A A3 0C 00 00 1A FF 
00 FF FF 00 10 0D 22 93 00 00 02 00 00 10 0A A4 0C 00 00 1C 5D 
00 FF FF 00 10 0D 22 93 00 00 02 00 00 10 0A A5 0C 00 00 13 15 
00 FF FF 00 10 0D 22 93 00 00 02 00 00 10 0A A6 0C 00 00 2C F4 
00 FF FF 00 10 0D 22 93 00 00 02 00 00 10 0A A7 0C 00 00 1B 16 
00 FF FF 00 10 0D 22 93 00 00 02 00 00 10 0A A8 0C 00 00 31 21 
00 FF FF 00 10 0D 22 93 00 00 02 00 00 10 0A A9 0C 00 00 33 6D 
00 FF FF 00 10 0D 22 93 00 00 02 00 00 10 0A AA 0C 00 00 30 8B 
00 FF FF 00 10 0D 22 93 00 00 02 00 00 10 0A AB 0C 00 00 14 CD 
00 FF FF 00 10 0D 22 93 00 00 02 00 00 10 0A AC 0C 00 00 16 CA 
00 FF FF 00 10 0D 22 93 00 00 02 00 00 10 0A AD 0C 00 00 12 43 
00 FF FF 00 10 0D 22 93 00 00 02 00 00 10 0A AE 0C 00 00 11 EE 
00 FF FF 00 10 0D 22 93 00 00 02 00 00 10 0A AF 0C 00 00 22 25 
00 FF FF 00 10 0D 22 93 00 00 02 00 00 10 0A B0 0C 00 00 29 9E 
00 FF FF 00 10 0D 22 93 00 00 02 00 00 10 0A B1 0C 00 00 33 6D 
00 FF FF 00 10 0D 22 93 00 00 02 00 00 10 0A B2 0C 00 00 30 95 
00 FF FF 00 10 0D 22 93 00 00 02 00 00 10 0A B3 0C 00 00 28 B9 
00 FF FF 00 10 0D 22 93 00 00 02 00 00 10 0A B4 0C 00 00 1A CE 
00 FF FF 00 10 0D 22 93 00 00 02 00 00 10 0A B5 0C 00 00 13 7A 
00 FF FF 00 10 0D 22 93 00 00 02 00 00 10 0A B6 0C 00 00 0E C9 
00 FF FF 00 10 0D 22 93 00 00 02 00 00 10 0A B7 0C 00 00 16 2A 
00 FF FF 00 10 0D 22 93 00 00 02 00 00 10 0A B8 0C 00 00 23 E6 
00 FF FF 00 10 0D 22 93 00 00 02 00 00 10 0A B9 0C 00 00 29 96 
00 FF FF 00 10 0D 22 93 00 00 02 00 00 10 0A BA 0C 00 00 36 B5 
00 FF FF 00 10 0D 22 93 00 00 02 00 00 10 0A BB 0C 00 00 31 91 
00 FF FF 00 10 0D 22 93 00 00 02 00 00 10 0A BC 0C 00 00 22 CD 
00 FF FF 00 10 0D 22 93 00 00 02 00 00 10 0A BD 0C 00 00 16 A9 
00 FF FF 00 10 0D 22 93 00 00 02 00 00 10 0A BE 0C 00 00 12 87 
00 FF FF 00 10 0D 22 93 00 00 02 00 00 10 0A BF 0C 00 00 12 BE 
00 FF FF 00 10 0D 22 93 00 00 02 00 00 10 0A C0 0C 00 00 18 A6 
00 FF FF 00 10 0D 22 93 00 00 02 00 00 10 0A C1 0C 00 00 1E 63 
00 FF FF 00 10 0D 22 93 00 00 02 00 00 10 0A C2 0C 00 00 34 0D 
00 FF FF 00 10 0D 22 93 00 00 02 00 00 10 0A C3 0C 00 00 31 6D 
00 FF FF 00 10 0D 22 93 00 00 02 00 00 10 0A C4 0C 00 00 29 41 
00 FF FF 00 10 0D 22 93 00 00 02 00 00 10 0A C5 0C 00 00 19 02 
00 FF FF 00 10 0D 22 93 00 00 02 00 00 10 0A C6 0C 00 00 17 0A 
00 FF FF 00 10 0D 22 93 00 00 02 00 00 10 0A C7 0C 00 00 12 4E 
00 FF FF 00 10 0D 22 93 00 00 02 00 00 10 0A C8 0C 00 00 0F 12 
00 FF FF 00 10 0D 22 93 00 00 02 00 00 10 0A C9 0C 00 00 13 96 
00 FF FF 00 10 0D 22 93 00 00 02 00 00 10 0A CA 0C 00 00 21 7B 
00 FF FF 00 10 0D 22 93 00 00 02 00 00 10 0A CB 0C 00 00 13 67 
00 FF FF 00 10 0D 22 93 00 00 02 00 00 10 0A CC 0C 00 00 32 49 
00 FF FF 00 10 0D 22 93 00 00 02 00 00 10 0A CD 0C 00 00 15 5A 
00 FF FF 00 10 0D 22 93 00 00 02 00 00 10 0A CE 0C 00 00 17 25 
00 FF FF 00 10 0D 22 93 00 00 02 00 00 10 0A CF 0C 00 00 13 8B 
00 FF FF 00 10 0D 22 93 00 00 02 00 00 10 0A D0 0C 00 00 13 BA 
00 FF FF 00 10 0D 22 93 00 00 02 00 00 10 0A D1 0C 00 00 1A 8A 
00 FF FF 00 10 0D 22 93 00 00 02 00 00 10 0A D3 0C 00 00 26 FD 
00 FF FF 00 10 0D 22 93 00 00 02 00 00 10 0A D4 0C 00 00 37 63 
00 FF FF 00 10 0D 22 93 00 00 02 00 00 10 0A D7 0C 00 00 0F F1 
00 FF FF 00 10 0D 22 93 00 00 02 00 00 10 0A D8 0C 00 00 14 26 
00 FF FF 00 10 0D 22 93 00 00 02 00 00 10 0A D9 0C 00 00 10 A5 
00 FF FF 00 10 0D 22 93 00 00 02 00 00 10 0A DA 0C 00 00 18 3E 
00 FF FF 00 10 0D 22 93 00 00 02 00 00 10 0A DB 0C 00 00 1D 31 
00 FF FF 00 10 0D 22 93 00 00 02 00 00 10 0A DC 0C 00 00 31 50 
00 FF FF 00 10 0D 22 93 00 00 02 00 00 10 0A DD 0C 00 00 33 2C 
00 FF FF 00 10 0D 22 93 00 00 02 00 00 10 0A DE 0C 00 00 22 41 
00 FF FF 00 10 0D 22 93 00 00 02 00 00 10 0A DF 0C 00 00 1B 19 
00 FF FF 00 10 0D 22 93 00 00 02 00 00 10 0A E0 0C 00 00 18 17 
00 FF FF 00 10 0D 22 93 00 00 02 00 00 10 0A E1 0C 00 00 17 A4 
00 FF FF 00 10 0D 22 93 00 00 02 00 00 10 0A E2 0C 00 00 19 1A 
00 FF FF 00 10 0D 22 93 00 00 02 00 00 10 0A E3 0C 00 00 1B DD 
00 FF FF 00 10 0D 22 93 00 00 02 00 00 10 0A E4 0C 00 00 21 AD 
00 FF FF 00 10 0D 22 93 00 00 02 00 00 10 0A E5 0C 00 00 38 52 
00 FF FF 00 10 0D 22 93 00 00 02 00 00 10 0A E6 0C 00 00 2A 23 
00 FF FF 00 10 0D 22 93 00 00 02 00 00 10 0A E7 0C 00 00 1D 06 
00 FF FF 00 10 0D 22 93 00 00 02 00 00 10 0A E8 0C 00 00 1A 8B 
00 FF FF 00 10 0D 22 93 00 00 02 00 00 10 0A E9 0C 00 00 14 C7 
00 FF FF 00 10 0D 22 93 00 00 02 00 00 10 0A EA 0C 00 00 1B 96 
00 FF FF 00 10 0D 22 93 00 00 02 00 00 10 0A EB 0C 00 00 18 16 
00 FF FF 00 10 0D 22 93 00 00 02 00 00 10 0A EC 0C 00 00 1D 6A 
00 FF FF 00 10 0D 22 93 00 00 02 00 00 10 0A ED 0C 00 00 29 A8 
00 FF FF 00 10 0D 22 93 00 00 02 00 00 10 0A EF 0C 00 00 22 6C 
00 FF FF 00 10 0D 22 93 00 00 02 00 00 10 0A F1 0C 00 00 13 FB 
00 FF FF 00 10 0D 22 93 00 00 02 00 00 10 0A F3 0C 00 00 1A D3 
00 FF FF 00 10 0D 22 93 00 00 02 00 00 10 0A F4 0C 00 00 17 F1 
00 FF FF 00 10 0D 22 93 00 00 02 00 00 10 0A F5 0C 00 00 21 F5 
00 FF FF 00 10 0D 22 93 00 00 02 00 00 10 0A F6 0C 00 00 2F 13 
00 FF FF 00 10 0D 22 93 00 00 02 00 00 10 0A F8 0C 00 00 15 42 
00 FF FF 00 10 0D 22 93 00 00 02 00 00 10 0A F9 0C 00 00 2E F9 
00 FF FF 00 10 0D 22 93 00 00 02 00 00 10 0A FB 0C 00 00 22 59 
00 FF FF 00 10 0D 22 93 00 00 02 00 00 10 0A FC 0C 00 00 19 75 
00 FF FF 00 10 0D 22 93 00 00 02 00 00 10 0A FD 0C 00 00 20 4B 
00 FF FF 00 10 0D 22 93 00 00 02 00 00 10 0A FE 0C 00 00 25 CD 
00 FF FF 00 10 0D 22 93 00 00 02 00 00 10 0A FF 0C 00 00 2B 71 
00 FF FF 00 10 0D 22 93 00 00 02 00 00 10 0B 00 0C 00 00 23 ED 
00 FF FF 00 10 0D 22 93 00 00 02 00 00 10 0B 01 0C 00 00 1B 39 
00 FF FF 00 10 0D 22 93 00 00 02 00 00 10 0B 02 0C 00 00 19 73 
00 FF FF 00 10 0D 22 93 00 00 02 00 00 10 0B 03 0C 00 00 21 C5 
00 FF FF 00 10 0D 22 93 00 00 02 00 00 10 0B 04 0C 00 00 22 41 
00 FF FF 00 10 0D 22 93 00 00 02 00 00 10 0B 06 0C 00 00 16 01 
00 FF FF 00 10 0D 22 93 00 00 02 00 00 10 0B 07 0C 00 00 09 55 
00 FF FF 00 10 0D 22 93 00 00 02 00 00 10 0B 08 0C 00 00 2B 26 
00 FF FF 00 10 0D 22 93 00 00 02 00 00 10 0B 09 0C 00 00 0F B9 
00 FF FF 00 10 0D 22 93 00 00 02 00 00 10 0B 0A 0C 00 00 17 D2 
00 FF FF 00 10 0D 22 93 00 00 02 00 00 10 0B 0B 0C 00 00 05 01 
00 FF FF 00 10 0D 22 93 00 00 02 00 00 10 0B 0C 0C 00 00 24 F5 
00 FF FF 00 10 0D 22 93 00 00 02 00 00 10 0B 0D 0C 00 00 1F 7B 
00 FF FF 00 10 0D 22 93 00 00 02 00 00 10 0B 0F 0C 00 00 19 78 
00 FF FF 00 10 0D 22 93 00 00 02 00 00 10 0B 10 0C 00 00 13 6A 
00 FF FF 00 10 0D 22 93 00 00 02 00 00 10 0B 11 0C 00 00 16 DD 
00 FF FF 00 10 0D 22 93 00 00 02 00 00 10 0B 12 0C 00 00 1A 41 
00 FF FF 00 10 0D 22 93 00 00 02 00 00 10 0B 13 0C 00 00 1E 89 
00 FF FF 00 10 0D 22 93 00 00 02 00 00 10 0B 14 0C 00 00 21 03 
00 FF FF 00 10 0D 22 93 00 00 02 00 00 10 0B 15 0C 00 00 27 9A 
00 FF FF 00 10 0D 22 93 00 00 02 00 00 10 0B 16 0C 00 00 1B B1 
00 FF FF 00 10 0D 22 93 00 00 02 00 00 10 0B 19 0C 00 00 25 4E 
00 FF FF 00 10 0D 22 93 00 00 02 00 00 10 0B 1B 0C 00 00 1B D9 
00 FF FF 00 10 0D 22 93 00 00 02 00 00 10 0B 1D 0C 00 00 0F B5 
00 FF FF 00 10 0D 22 93 00 00 02 00 00 10 0B 1E 0C 00 00 23 A8 
00 FF FF 00 10 0D 22 93 00 00 02 00 00 10 0B 1F 0C 00 00 09 42 
00 FF FF 00 10 0D 22 93 00 00 02 00 00 10 0B 20 0C 00 00 18 86 
00 FF FF 00 10 0D 22 93 00 00 02 00 00 10 0B 21 0C 00 00 14 CA 
00 FF FF 00 10 0D 22 93 00 00 02 00 00 10 0B 22 0C 00 00 23 81 
00 FF FF 00 10 0D 22 93 00 00 02 00 00 10 0B 23 0C 00 00 1A B1 
00 FF FF 00 10 0D 22 93 00 00 02 00 00 10 0B 24 0C 00 00 0C A8 
00 FF FF 00 10 0D 22 93 00 00 02 00 00 10 0B 25 0C 00 00 28 94 
00 FF FF 00 10 0D 22 93 00 00 02 00 00 10 0B 26 0C 00 00 2E 22 
00 FF FF 00 10 0D 22 93 00 00 02 00 00 10 0B 27 0C 00 00 1F EA 
00 FF FF 00 10 0D 22 93 00 00 02 00 00 10 0B 28 0C 00 00 10 FC 
00 FF FF 00 10 0D 22 93 00 00 02 00 00 10 0B 2B 0C 00 00 1E 1D 
00 FF FF 00 10 0D 22 93 00 00 02 00 00 10 0B 2C 0C 00 00 19 DD 
00 FF FF 00 10 0D 22 93 00 00 02 00 00 10 0B 2D 0C 00 00 28 29 
00 FF FF 00 10 0D 22 93 00 00 02 00 00 10 0B 2F 0C 00 00 29 B6 
00 FF FF 00 10 0D 22 93 00 00 02 00 00 10 0B 30 0C 00 00 1C E8 
00 FF FF 00 10 0D 22 93 00 00 02 00 00 10 0B 31 0C 00 00 1A FA 
00 FF FF 00 10 0D 22 93 00 00 02 00 00 10 0B 33 0C 00 00 1D A6 
00 FF FF 00 10 0D 22 93 00 00 02 00 00 10 0B 34 0C 00 00 1B EB 
00 FF FF 00 10 0D 22 93 00 00 02 00 00 10 0B 35 0C 00 00 19 D5 
00 FF FF 00 10 0D 22 93 00 00 02 00 00 10 0B 36 0C 00 00 1F 6B 
00 FF FF 00 10 0D 22 93 00 00 02 00 00 10 0B 37 0C 00 00 36 81 
00 FF FF 00 10 0D 22 93 00 00 02 00 00 10 0B 38 0C 00 00 23 D2 
00 FF FF 00 10 0D 22 93 00 00 02 00 00 10 0B 39 0C 00 00 1B 98 
00 FF FF 00 10 0D 22 93 00 00 02 00 00 10 0B 3A 0C 00 00 16 31 
00 FF FF 00 10 0D 22 93 00 00 02 00 00 10 0B 3B 0C 00 00 16 96 
00 FF FF 00 10 0D 22 93 00 00 02 00 00 10 0B 3C 0C 00 00 19 E3 
00 FF FF 00 10 0D 22 93 00 00 02 00 00 10 0B 3D 0C 00 00 1D 9D 
00 FF FF 00 10 0D 22 93 00 00 02 00 00 10 0B 3E 0C 00 00 26 8E 
00 FF FF 00 10 0D 22 93 00 00 02 00 00 10 0B 3F 0C 00 00 2A 7A 
00 FF FF 00 10 0D 22 93 00 00 02 00 00 10 0B 40 0C 00 00 32 49 
00 FF FF 00 10 0D 22 93 00 00 02 00 00 10 0B 41 0C 00 00 22 86 
00 FF FF 00 10 0D 22 93 00 00 02 00 00 10 0B 42 0C 00 00 17 B5 
00 FF FF 00 10 0D 22 93 00 00 02 00 00 10 0B 43 0C 00 00 16 BD 
00 FF FF 00 10 0D 22 93 00 00 02 00 00 10 0B 44 0C 00 00 17 2C 
00 FF FF 00 10 0D 22 93 00 00 02 00 00 10 0B 45 0C 00 00 15 F5 
00 FF FF 00 10 0D 22 93 00 00 02 00 00 10 0B 46 0C 00 00 1B 8B 
00 FF FF 00 10 0D 22 93 00 00 02 00 00 10 0B 47 0C 00 00 27 A5 
00 FF FF 00 10 0D 22 93 00 00 02 00 00 10 0B 48 0C 00 00 37 91 
00 FF FF 00 10 0D 22 93 00 00 02 00 00 10 0B 49 0C 00 00 2D DB 
00 FF FF 00 10 0D 22 93 00 00 02 00 00 10 0B 4A 0C 00 00 21 38 
00 FF FF 00 10 0D 22 93 00 00 02 00 00 10 0B 4B 0C 00 00 18 48 
00 FF FF 00 10 0D 22 93 00 00 02 00 00 10 0B 4D 0C 00 00 17 4B 
00 FF FF 00 10 0D 22 93 00 00 02 00 00 10 0B 4E 0C 00 00 18 A3 
00 FF FF 00 10 0D 22 93 00 00 02 00 00 10 0B 4F 0C 00 00 20 1D 
00 FF FF 00 10 0D 22 93 00 00 02 00 00 10 0B 50 0C 00 00 2B 21 
00 FF FF 00 10 0D 22 93 00 00 02 00 00 10 0B 51 0C 00 00 2F 16 
00 FF FF 00 10 0D 22 93 00 00 02 00 00 10 0B 52 0C 00 00 29 36 
00 FF FF 00 10 0D 22 93 00 00 02 00 00 10 0B 53 0C 00 00 1B E5 
00 FF FF 00 10 0D 22 93 00 00 02 00 00 10 0B 54 0C 00 00 11 68 
00 FF FF 00 10 0D 22 93 00 00 02 00 00 10 0B 55 0C 00 00 0A 95 
00 FF FF 00 10 0D 22 93 00 00 02 00 00 10 0B 56 0C 00 00 1A 45 
00 FF FF 00 10 0D 22 93 00 00 02 00 00 10 0B 57 0C 00 00 1B 61 
00 FF FF 00 10 0D 22 93 00 00 02 00 00 10 0B 58 0C 00 00 23 1B 
00 FF FF 00 10 0D 22 93 00 00 02 00 00 10 0B 59 0C 00 00 3A 2E 
00 FF FF 00 10 0D 22 93 00 00 02 00 00 10 0B 5A 0C 00 00 33 FB 
00 FF FF 00 10 0D 22 93 00 00 02 00 00 10 0B 5B 0C 00 00 25 C2 
00 FF FF 00 10 0D 22 93 00 00 02 00 00 10 0B 5C 0C 00 00 1A 8B 
00 FF FF 00 10 0D 22 93 00 00 02 00 00 10 0B 5D 0C 00 00 15 5F 
00 FF FF 00 10 0D 22 93 00 00 02 00 00 10 0B 5E 0C 00 00 13 A2 
00 FF FF 00 10 0D 22 93 00 00 02 00 00 10 0B 5F 0C 00 00 1A F2 
00 FF FF 00 10 0D 22 93 00 00 02 00 00 10 0B 60 0C 00 00 1C 64 
00 FF FF 00 10 0D 22 93 00 00 02 00 00 10 0B 61 0C 00 00 2A 6B 
00 FF FF 00 10 0D 22 93 00 00 02 00 00 10 0B 62 0C 00 00 31 E1 
00 FF FF 00 10 0D 22 93 00 00 02 00 00 10 0B 63 0C 00 00 31 50 
00 FF FF 00 10 0D 22 93 00 00 02 00 00 10 0B 64 0C 00 00 22 5E 
00 FF FF 00 10 0D 22 93 00 00 02 00 00 10 0B 66 0C 00 00 13 53 
00 FF FF 00 10 0D 22 93 00 00 02 00 00 10 0B 67 0C 00 00 11 C9 
00 FF FF 00 10 0D 22 93 00 00 02 00 00 10 0B 69 0C 00 00 0B AC 
00 FF FF 00 10 0D 22 93 00 00 02 00 00 10 0B 6A 0C 00 00 30 B5 
00 FF FF 00 10 0D 22 93 00 00 02 00 00 10 0B 6B 0C 00 00 3D 0D 
00 FF FF 00 10 0D 22 93 00 00 02 00 00 10 0B 6C 0C 00 00 2C 98 
00 FF FF 00 10 0D 22 93 00 00 02 00 00 10 0B 6D 0C 00 00 1E E6 
00 FF FF 00 10 0D 22 93 00 00 02 00 00 10 0B 6F 0C 00 00 12 62 
00 FF FF 00 10 0D 22 93 00 00 02 00 00 10 0B 70 0C 00 00 09 AF 
00 FF FF 00 10 0D 22 93 00 00 02 00 00 10 0B 72 0C 00 00 0E 6C 
00 FF FF 00 10 0D 22 93 00 00 02 00 00 10 0B 73 0C 00 00 33 6D 
00 FF FF 00 10 0D 22 93 00 00 02 00 00 10 0B 74 0C 00 00 30 82 
00 FF FF 00 10 0D 22 93 00 00 02 00 00 10 0B 75 0C 00 00 28 50 
00 FF FF 00 10 0D 22 93 00 00 02 00 00 10 0B 77 0C 00 00 12 5D 
00 FF FF 00 10 0D 22 93 00 00 02 00 00 10 0B 78 0C 00 00 14 45 
00 FF FF 00 10 0D 22 93 00 00 02 00 00 10 0B 79 0C 00 00 14 1A 
00 FF FF 00 10 0D 22 93 00 00 02 00 00 10 0B 7A 0C 00 00 1E 09 
00 FF FF 00 10 0D 22 93 00 00 02 00 00 10 0B 7B 0C 00 00 36 7D 
00 FF FF 00 10 0D 22 93 00 00 02 00 00 10 0B 7C 0C 00 00 37 91 
00 FF FF 00 10 0D 22 93 00 00 02 00 00 10 0B 7D 0C 00 00 2F B8 
00 FF FF 00 10 0D 22 93 00 00 02 00 00 10 0B 7F 0C 00 00 15 E2 
00 FF FF 00 10 0D 22 93 00 00 02 00 00 10 0B 80 0C 00 00 10 AE 
00 FF FF 00 10 0D 22 93 00 00 02 00 00 10 0B 82 0C 00 00 1A 14 
00 FF FF 00 10 0D 22 93 00 00 02 00 00 10 0B 83 0C 00 00 23 3D 
00 FF FF 00 10 0D 22 93 00 00 02 00 00 10 0B 84 0C 00 00 31 21 
00 FF FF 00 10 0D 22 93 00 00 02 00 00 10 0B 85 0C 00 00 35 09 
00 FF FF 00 10 0D 22 93 00 00 02 00 00 10 0B 86 0C 00 00 30 B5 
00 FF FF 00 10 0D 22 93 00 00 02 00 00 10 0B 88 0C 00 00 15 BA 
00 FF FF 00 10 0D 22 93 00 00 02 00 00 10 0B 89 0C 00 00 15 D5 
00 FF FF 00 10 0D 22 93 00 00 02 00 00 10 0B 8B 0C 00 00 1E 1D 
00 FF FF 00 10 0D 22 93 00 00 02 00 00 10 0B 8C 0C 00 00 2C F4 
00 FF FF 00 10 0D 22 93 00 00 02 00 00 10 0B 8D 0C 00 00 3A 3D 
00 FF FF 00 10 0D 22 93 00 00 02 00 00 10 0B 8E 0C 00 00 3B 1D 
00 FF FF 00 10 0D 22 93 00 00 02 00 00 10 0B 90 0C 00 00 1D 9B 
00 FF FF 00 10 0D 22 93 00 00 02 00 00 10 0B 91 0C 00 00 10 DE 
00 FF FF 00 10 0D 22 93 00 00 02 00 00 10 0B 93 0C 00 00 1D B5 
00 FF FF 00 10 0D 22 93 00 00 02 00 00 10 0B 94 0C 00 00 16 DD 
00 FF FF 00 10 0D 22 93 00 00 02 00 00 10 0B 95 0C 00 00 3A 3D 
00 FF FF 00 10 0D 22 93 00 00 02 00 00 10 0B 96 0C 00 00 3B 29 
00 FF FF 00 10 0D 22 93 00 00 02 00 00 10 0B 97 0C 00 00 34 C5 
00 FF FF 00 10 0D 22 93 00 00 02 00 00 10 0B 98 0C 00 00 25 73 
00 FF FF 00 10 0D 22 93 00 00 02 00 00 10 0B 99 0C 00 00 09 4E 
00 FF FF 00 10 0D 22 93 00 00 02 00 00 10 0B 9A 0C 00 00 14 77 
00 FF FF 00 10 0D 22 93 00 00 02 00 00 10 0B 9B 0C 00 00 1A 95 
00 FF FF 00 10 0D 22 93 00 00 02 00 00 10 0B 9D 0C 00 00 35 99 
00 FF FF 00 10 0D 22 93 00 00 02 00 00 10 0B 9E 0C 00 00 38 71 
00 FF FF 00 10 0D 22 93 00 00 02 00 00 10 0B 9F 0C 00 00 36 B5 
00 FF FF 00 10 0D 22 93 00 00 02 00 00 10 0B A0 0C 00 00 2E DA 
00 FF FF 00 10 0D 22 93 00 00 02 00 00 10 0B A1 0C 00 00 1E 64 
00 FF FF 00 10 0D 22 93 00 00 02 00 00 10 0B A2 0C 00 00 16 1E 
00 FF FF 00 10 0D 22 93 00 00 02 00 00 10 0B A3 0C 00 00 13 C8 
00 FF FF 00 10 0D 22 93 00 00 02 00 00 10 0B A4 0C 00 00 15 EB 
00 FF FF 00 10 0D 22 93 00 00 02 00 00 10 0B A5 0C 00 00 26 C9 
00 FF FF 00 10 0D 22 93 00 00 02 00 00 10 0B A6 0C 00 00 34 39 
00 FF FF 00 10 0D 22 93 00 00 02 00 00 10 0B A7 0C 00 00 1C A7 
00 FF FF 00 10 0D 22 93 00 00 02 00 00 10 0B A8 0C 00 00 3B 29 
00 FF FF 00 10 0D 22 93 00 00 02 00 00 10 0B AA 0C 00 00 1D 76 
00 FF FF 00 10 0D 22 93 00 00 02 00 00 10 0B AB 0C 00 00 12 99 
00 FF FF 00 10 0D 22 93 00 00 02 00 00 10 0B AC 0C 00 00 13 32 
00 FF FF 00 10 0D 22 93 00 00 02 00 00 10 0B AD 0C 00 00 1B 7C 
00 FF FF 00 10 0D 22 93 00 00 02 00 00 10 0B AE 0C 00 00 34 B9 
00 FF FF 00 10 0D 22 93 00 00 02 00 00 10 0B AF 0C 00 00 37 91 
00 FF FF 00 10 0D 22 93 00 00 02 00 00 10 0B B0 0C 00 00 3D 0D 
00 FF FF 00 10 0D 22 93 00 00 02 00 00 10 0B B1 0C 00 00 1F 4C 
00 FF FF 00 10 0D 22 93 00 00 02 00 00 10 0B B2 0C 00 00 26 C2 
00 FF FF 00 10 0D 22 93 00 00 02 00 00 10 0B B3 0C 00 00 10 9C 
00 FF FF 00 10 0D 22 93 00 00 02 00 00 10 0B B4 0C 00 00 14 CC 
00 FF FF 00 10 0D 22 93 00 00 02 00 00 10 0B B5 0C 00 00 18 4D 
00 FF FF 00 10 0D 22 93 00 00 02 00 00 10 0B B6 0C 00 00 26 52 
00 FF FF 00 10 0D 22 93 00 00 02 00 00 10 0B B7 0C 00 00 38 71 
00 FF FF 00 10 0D 22 93 00 00 02 00 00 10 0B BA 0C 00 00 38 54 
00 FF FF 00 10 0D 22 93 00 00 02 00 00 10 0B BB 0C 00 00 28 4D 
00 FF FF 00 10 0D 22 93 00 00 02 00 00 10 0B BC 0C 00 00 1B CA 
00 FF FF 00 10 0D 22 93 00 00 02 00 00 10 0B BD 0C 00 00 13 D9 
00 FF FF 00 10 0D 22 93 00 00 02 00 00 10 0B BE 0C 00 00 1D CB 
00 FF FF 00 10 0D 22 93 00 00 02 00 00 10 0B BF 0C 00 00 34 B9 
00 FF FF 00 10 0D 22 93 00 00 02 00 00 10 0B C0 0C 00 00 3D 0D 
00 FF FF 00 10 0D 22 93 00 00 02 00 00 10 0B C1 0C 00 00 3C 19 
00 FF FF 00 10 0D 22 93 00 00 02 00 00 10 0B C3 0C 00 00 2F 4E 
00 FF FF 00 10 0D 22 93 00 00 02 00 00 10 0B C4 0C 00 00 1E B3 
00 FF FF 00 10 0D 22 93 00 00 02 00 00 10 0B C5 0C 00 00 10 AD 
00 FF FF 00 10 0D 22 93 00 00 02 00 00 10 0B C6 0C 00 00 18 12 
00 FF FF 00 10 0D 22 93 00 00 02 00 00 10 0B C7 0C 00 00 29 66 
00 FF FF 00 10 0D 22 93 00 00 02 00 00 10 0B C8 0C 00 00 39 55 
00 FF FF 00 10 0D 22 93 00 00 02 00 00 10 0B C9 0C 00 00 32 A5 
00 FF FF 00 10 0D 22 93 00 00 02 00 00 10 0B CB 0C 00 00 33 01 
00 FF FF 00 10 0D 22 93 00 00 02 00 00 10 0B CC 0C 00 00 29 81 
00 FF FF 00 10 0D 22 93 00 00 02 00 00 10 0B CD 0C 00 00 08 22 
00 FF FF 00 10 0D 22 93 00 00 02 00 00 10 0B CE 0C 00 00 17 ED 
00 FF FF 00 10 0D 22 93 00 00 02 00 00 10 0B CF 0C 00 00 17 53 
00 FF FF 00 10 0D 22 93 00 00 02 00 00 10 0B D0 0C 00 00 28 72 
00 FF FF 00 10 0D 22 93 00 00 02 00 00 10 0B D1 0C 00 00 1F 91 
00 FF FF 00 10 0D 22 93 00 00 02 00 00 10 0B D2 0C 00 00 3A 3D 
00 FF FF 00 10 0D 22 93 00 00 02 00 00 10 0B D3 0C 00 00 2E 22 
00 FF FF 00 10 0D 22 93 00 00 02 00 00 10 0B D4 0C 00 00 2F 86 
00 FF FF 00 10 0D 22 93 00 00 02 00 00 10 0B D5 0C 00 00 21 7E 
00 FF FF 00 10 0D 22 93 00 00 02 00 00 10 0B D6 0C 00 00 19 C7 
00 FF FF 00 10 0D 22 93 00 00 02 00 00 10 0B D7 0C 00 00 14 21 
00 FF FF 00 10 0D 22 93 00 00 02 00 00 10 0B D8 0C 00 00 1E DE 
00 FF FF 00 10 0D 22 93 00 00 02 00 00 10 0B D9 0C 00 00 2F 09 
00 FF FF 00 10 0D 22 93 00 00 02 00 00 10 0B DA 0C 00 00 2F AD 
00 FF FF 00 10 0D 22 93 00 00 02 00 00 10 0B DB 0C 00 00 39 55 
00 FF FF 00 10 0D 22 93 00 00 02 00 00 10 0B DD 0C 00 00 2A 1C 
00 FF FF 00 10 0D 22 93 00 00 02 00 00 10 0B DE 0C 00 00 1A DA 
00 FF FF 00 10 0D 22 93 00 00 02 00 00 10 0B DF 0C 00 00 14 2A 
00 FF FF 00 10 0D 22 93 00 00 02 00 00 10 0B E1 0C 00 00 21 ED 
00 FF FF 00 10 0D 22 93 00 00 02 00 00 10 0B E2 0C 00 00 32 A5 
00 FF FF 00 10 0D 22 93 00 00 02 00 00 10 0B E3 0C 00 00 34 39 
00 FF FF 00 10 0D 22 93 00 00 02 00 00 10 0B E4 0C 00 00 34 39 
00 FF FF 00 10 0D 22 93 00 00 02 00 00 10 0B E5 0C 00 00 3A 2D 
00 FF FF 00 10 0D 22 93 00 00 02 00 00 10 0B E6 0C 00 00 1F 2C 
00 FF FF 00 10 0D 22 93 00 00 02 00 00 10 0B E7 0C 00 00 1C 02 
00 FF FF 00 10 0D 22 93 00 00 02 00 00 10 0B E8 0C 00 00 0D EF 
00 FF FF 00 10 0D 22 93 00 00 02 00 00 10 0B E9 0C 00 00 1C DB 
00 FF FF 00 10 0D 22 93 00 00 02 00 00 10 0B EA 0C 00 00 15 D6 
00 FF FF 00 10 0D 22 93 00 00 02 00 00 10 0B EB 0C 00 00 2E F9 
00 FF FF 00 10 0D 22 93 00 00 02 00 00 10 0B EE 0C 00 00 20 AB 
00 FF FF 00 10 0D 22 93 00 00 02 00 00 10 0B EF 0C 00 00 1B DE 
00 FF FF 00 10 0D 22 93 00 00 02 00 00 10 0B F0 0C 00 00 14 52 
00 FF FF 00 10 0D 22 93 00 00 02 00 00 10 0B F1 0C 00 00 36 96 
00 FF FF 00 10 0D 22 93 00 00 02 00 00 10 0B F2 0C 00 00 1C 72 
00 FF FF 00 10 0D 22 93 00 00 02 00 00 10 0B F3 0C 00 00 23 E2 
00 FF FF 00 10 0D 22 93 00 00 02 00 00 10 0B F4 0C 00 00 37 91 
00 FF FF 00 10 0D 22 93 00 00 02 00 00 10 0B F5 0C 00 00 38 71 
00 FF FF 00 10 0D 22 93 00 00 02 00 00 10 0B F7 0C 00 00 06 04 
00 FF FF 00 10 0D 22 93 00 00 02 00 00 10 0B F9 0C 00 00 0C 63 
00 FF FF 00 10 0D 22 93 00 00 02 00 00 10 0B FA 0C 00 00 28 26 
00 FF FF 00 10 0D 22 93 00 00 02 00 00 10 0B FB 0C 00 00 0D 60 
00 FF FF 00 10 0D 22 93 00 00 02 00 00 10 0B FD 0C 00 00 35 09 
00 FF FF 00 10 0D 22 93 00 00 02 00 00 10 0B FE 0C 00 00 09 56 
00 FF FF 00 10 0D 22 93 00 00 02 00 00 10 0B FF 0C 00 00 1E CA 
00 FF FF 00 10 0D 22 93 00 00 02 00 00 10 0C 00 0C 00 00 0E 28 
00 FF FF 00 10 0D 22 93 00 00 02 00 00 10 0C 01 0C 00 00 1A F4 
00 FF FF 00 10 0D 22 93 00 00 02 00 00 10 0C 02 0C 00 00 21 81 
00 FF FF 00 10 0D 22 93 00 00 02 00 00 10 0C 03 0C 00 00 2C 99 
00 FF FF 00 10 0D 22 93 00 00 02 00 00 10 0C 04 0C 00 00 3B 29 
00 FF FF 00 10 0D 22 93 00 00 02 00 00 10 0C 05 0C 00 00 3A 3D 
00 FF FF 00 10 0D 22 93 00 00 02 00 00 10 0C 06 0C 00 00 30 65 
00 FF FF 00 10 0D 22 93 00 00 02 00 00 10 0C 07 0C 00 00 2C ED 
00 FF FF 00 10 0D 22 93 00 00 02 00 00 10 0C 08 0C 00 00 24 E9 
00 FF FF 00 10 0D 22 93 00 00 02 00 00 10 0C 09 0C 00 00 18 0C 
00 FF FF 00 10 0D 22 93 00 00 02 00 00 10 0C 0A 0C 00 00 1B 71 
00 FF FF 00 10 0D 22 93 00 00 02 00 00 10 0C 0B 0C 00 00 13 6A 
00 FF FF 00 10 0D 22 93 00 00 02 00 00 10 0C 0C 0C 00 00 35 09 
00 FF FF 00 10 0D 22 93 00 00 02 00 00 10 0C 0D 0C 00 00 2B 3A 
00 FF FF 00 10 0D 22 93 00 00 02 00 00 10 0C 0E 0C 00 00 30 65 
00 FF FF 00 10 0D 22 93 00 00 02 00 00 10 0C 0F 0C 00 00 2E B1 
00 FF FF 00 10 0D 22 93 00 00 02 00 00 10 0C 11 0C 00 00 20 89 
00 FF FF 00 10 0D 22 93 00 00 02 00 00 10 0C 12 0C 00 00 12 C1 
00 FF FF 00 10 0D 22 93 00 00 02 00 00 10 0C 13 0C 00 00 0C E7 
00 FF FF 00 10 0D 22 93 00 00 02 00 00 10 0C 15 0C 00 00 1A D2 
00 FF FF 00 10 0D 22 93 00 00 02 00 00 10 0C 17 0C 00 00 18 98 
00 FF FF 00 10 0D 22 93 00 00 02 00 00 10 0C 18 0C 00 00 31 7D 
00 FF FF 00 10 0D 22 93 00 00 02 00 00 10 0C 19 0C 00 00 24 6B 
00 FF FF 00 10 0D 22 93 00 00 02 00 00 10 0C 1A 0C 00 00 0F 75 
00 FF FF 00 10 0D 22 93 00 00 02 00 00 10 0C 1B 0C 00 00 11 F9 
00 FF FF 00 10 0D 22 93 00 00 02 00 00 10 0C 1C 0C 00 00 14 0F 
00 FF FF 00 10 0D 22 93 00 00 02 00 00 10 0C 1D 0C 00 00 1D 1B 
00 FF FF 00 10 0D 22 93 00 00 02 00 00 10 0C 1E 0C 00 00 25 56 
00 FF FF 00 10 0D 22 93 00 00 02 00 00 10 0C 1F 0C 00 00 06 7F 
00 FF FF 00 10 0D 22 93 00 00 02 00 00 10 0C 22 0C 00 00 1F 4D 
00 FF FF 00 10 0D 22 93 00 00 02 00 00 10 0C 23 0C 00 00 17 28 
00 FF FF 00 10 0D 22 93 00 00 02 00 00 10 0C 24 0C 00 00 15 7E 
00 FF FF 00 10 0D 22 93 00 00 02 00 00 10 0C 25 0C 00 00 0E A5 
00 FF FF 00 10 0D 22 93 00 00 02 00 00 10 0C 26 0C 00 00 17 AE 
00 FF FF 00 10 0D 22 93 00 00 02 00 00 10 0C 27 0C 00 00 21 F8 
00 FF FF 00 10 0D 22 93 00 00 02 00 00 10 0C 28 0C 00 00 37 91 
00 FF FF 00 10 0D 22 93 00 00 02 00 00 10 0C 29 0C 00 00 37 76 
00 FF FF 00 10 0D 22 93 00 00 02 00 00 10 0C 2A 0C 00 00 21 7B 
00 FF FF 00 10 0D 22 93 00 00 02 00 00 10 0C 2B 0C 00 00 1A 83 
00 FF FF 00 10 0D 22 93 00 00 02 00 00 10 0C 2C 0C 00 00 11 5F 
00 FF FF 00 10 0D 22 93 00 00 02 00 00 10 0C 2D 0C 00 00 12 CA 
00 FF FF 00 10 0D 22 93 00 00 02 00 00 10 0C 2E 0C 00 00 1C 46 
00 FF FF 00 10 0D 22 93 00 00 02 00 00 10 0C 2F 0C 00 00 19 6E 
00 FF FF 00 10 0D 22 93 00 00 02 00 00 10 0C 30 0C 00 00 23 B6 
00 FF FF 00 10 0D 22 93 00 00 02 00 00 10 0C 31 0C 00 00 31 21 
00 FF FF 00 10 0D 22 93 00 00 02 00 00 10 0C 33 0C 00 00 0C 53 
00 FF FF 00 10 0D 22 93 00 00 02 00 00 10 0C 34 0C 00 00 11 F7 
00 FF FF 00 10 0D 22 93 00 00 02 00 00 10 0C 35 0C 00 00 16 9A 
00 FF FF 00 10 0D 22 93 00 00 02 00 00 10 0C 36 0C 00 00 15 1D 
00 FF FF 00 10 0D 22 93 00 00 02 00 00 10 0C 37 0C 00 00 14 57 
00 FF FF 00 10 0D 22 93 00 00 02 00 00 10 0C 38 0C 00 00 1A FE 
00 FF FF 00 10 0D 22 93 00 00 02 00 00 10 0C 3A 0C 00 00 33 6D 
00 FF FF 00 10 0D 22 93 00 00 02 00 00 10 0C 3C 0C 00 00 1A 2D 
00 FF FF 00 10 0D 22 93 00 00 02 00 00 10 0C 3E 0C 00 00 17 64 
00 FF FF 00 10 0D 22 93 00 00 02 00 00 10 0C 3F 0C 00 00 1C F8 
00 FF FF 00 10 0D 22 93 00 00 02 00 00 10 0C 40 0C 00 00 17 EE 
00 FF FF 00 10 0D 22 93 00 00 02 00 00 10 0C 42 0C 00 00 27 07 
00 FF FF 00 10 0D 22 93 00 00 02 00 00 10 0C 43 0C 00 00 2E 21 
00 FF FF 00 10 0D 22 93 00 00 02 00 00 10 0C 44 0C 00 00 1F E1 
00 FF FF 00 10 0D 22 93 00 00 02 00 00 10 0C 45 0C 00 00 1B 01 
00 FF FF 00 10 0D 22 93 00 00 02 00 00 10 0C 46 0C 00 00 17 87 
00 FF FF 00 10 0D 22 93 00 00 02 00 00 10 0C 48 0C 00 00 17 D8 
00 FF FF 00 10 0D 22 93 00 00 02 00 00 10 0C 49 0C 00 00 19 3B 
00 FF FF 00 10 0D 22 93 00 00 02 00 00 10 0C 4A 0C 00 00 2B 71 
00 FF FF 00 10 0D 22 93 00 00 02 00 00 10 0C 4B 0C 00 00 2B AB 
00 FF FF 00 10 0D 22 93 00 00 02 00 00 10 0C 4C 0C 00 00 23 64 
00 FF FF 00 10 0D 22 93 00 00 02 00 00 10 0C 4D 0C 00 00 1E 99 
00 FF FF 00 10 0D 22 93 00 00 02 00 00 10 0C 4E 0C 00 00 17 6B 
00 FF FF 00 10 0D 22 93 00 00 02 00 00 10 0C 4F 0C 00 00 1C 23 
00 FF FF 00 10 0D 22 93 00 00 02 00 00 10 0C 50 0C 00 00 1F 4E 
00 FF FF 00 10 0D 22 93 00 00 02 00 00 10 0C 51 0C 00 00 1D 7D 
00 FF FF 00 10 0D 22 93 00 00 02 00 00 10 0C 52 0C 00 00 1D F2 
00 FF FF 00 10 0D 22 93 00 00 02 00 00 10 0C 53 0C 00 00 32 EE 
00 FF FF 00 10 0D 22 93 00 00 02 00 00 10 0C 54 0C 00 00 2F C2 
00 FF FF 00 10 0D 22 93 00 00 02 00 00 10 0C 55 0C 00 00 1F BE 
00 FF FF 00 10 0D 22 93 00 00 02 00 00 10 0C 56 0C 00 00 1C 4A 
00 FF FF 00 10 0D 22 93 00 00 02 00 00 10 0C 57 0C 00 00 19 9E 
00 FF FF 00 10 0D 22 93 00 00 02 00 00 10 0C 58 0C 00 00 20 87 
00 FF FF 00 10 0D 22 93 00 00 02 00 00 10 0C 59 0C 00 00 1E FA 
00 FF FF 00 10 0D 22 93 00 00 02 00 00 10 0C 5A 0C 00 00 15 21 
00 FF FF 00 10 0D 22 93 00 00 02 00 00 10 0C 5B 0C 00 00 1F FB 
00 FF FF 00 10 0D 22 93 00 00 02 00 00 10 0C 5D 0C 00 00 23 3D 
00 FF FF 00 10 0D 22 93 00 00 02 00 00 10 0C 5E 0C 00 00 1D 39 
00 FF FF 00 10 0D 22 93 00 00 02 00 00 10 0C 5F 0C 00 00 13 97 
00 FF FF 00 10 0D 22 93 00 00 02 00 00 10 0C 60 0C 00 00 0C 9C 
00 FF FF 00 10 0D 22 93 00 00 02 00 00 10 0C 62 0C 00 00 09 96 
00 FF FF 00 10 0D 22 93 00 00 02 00 00 10 0C 63 0C 00 00 19 82 
00 FF FF 00 10 0D 22 93 00 00 02 00 00 10 0C 64 0C 00 00 07 2B 
00 FF FF 00 10 0D 22 93 00 00 02 00 00 10 0C 65 0C 00 00 29 81 
00 FF FF 00 10 0D 22 93 00 00 02 00 00 10 0C 66 0C 00 00 11 92 
00 FF FF 00 10 0D 22 93 00 00 02 00 00 10 0C 67 0C 00 00 1B D9 
00 FF FF 00 10 0D 22 93 00 00 02 00 00 10 0C 68 0C 00 00 1B B1 
00 FF FF 00 10 0D 22 93 00 00 02 00 00 10 0C 69 0C 00 00 27 47 
00 FF FF 00 10 0D 22 93 00 00 02 00 00 10 0C 6A 0C 00 00 1F 32 
00 FF FF 00 10 0D 22 93 00 00 02 00 00 10 0C 6B 0C 00 00 18 0E 
00 FF FF 00 10 0D 22 93 00 00 02 00 00 10 0C 6C 0C 00 00 1D E6 
00 FF FF 00 10 0D 22 93 00 00 02 00 00 10 0C 6D 0C 00 00 1F D8 
00 FF FF 00 10 0D 22 93 00 00 02 00 00 10 0C 6E 0C 00 00 25 1B 
00 FF FF 00 10 0D 22 93 00 00 02 00 00 10 0C 6F 0C 00 00 1C 5B 
00 FF FF 00 10 0D 22 93 00 00 02 00 00 10 0C 70 0C 00 00 13 18 
00 FF FF 00 10 0D 22 93 00 00 02 00 00 10 0C 71 0C 00 00 26 D4 
00 FF FF 00 10 0D 22 93 00 00 02 00 00 10 0C 72 0C 00 00 2A 8A 
00 FF FF 00 10 0D 22 93 00 00 02 00 00 10 0C 73 0C 00 00 1E 8A 
00 FF FF 00 10 0D 22 93 00 00 02 00 00 10 0C 75 0C 00 00 13 A6 
00 FF FF 00 10 0D 22 93 00 00 02 00 00 10 0C 77 0C 00 00 1A 81 
00 FF FF 00 10 0D 22 93 00 00 02 00 00 10 0C 78 0C 00 00 13 36 
00 FF FF 00 10 0D 22 93 00 00 02 00 00 10 0C 79 0C 00 00 1D FC 
00 FF FF 00 10 0D 22 93 00 00 02 00 00 10 0C 7A 0C 00 00 24 F5 
00 FF FF 00 10 0D 22 93 00 00 02 00 00 10 0C 7B 0C 00 00 26 2E 
00 FF FF 00 10 0D 22 93 00 00 02 00 00 10 0C 7D 0C 00 00 18 FC 
00 FF FF 00 10 0D 22 93 00 00 02 00 00 10 0C 7E 0C 00 00 1D 9A 
00 FF FF 00 10 0D 22 93 00 00 02 00 00 10 0C 7F 0C 00 00 1A 7F 
00 FF FF 00 10 0D 22 93 00 00 02 00 00 10 0C 80 0C 00 00 1C A9 
00 FF FF 00 10 0D 22 93 00 00 02 00 00 10 0C 81 0C 00 00 18 6E 
00 FF FF 00 10 0D 22 93 00 00 02 00 00 10 0C 83 0C 00 00 33 6D 
00 FF FF 00 10 0D 22 93 00 00 02 00 00 10 0C 84 0C 00 00 22 AD 
00 FF FF 00 10 0D 22 93 00 00 02 00 00 10 0C 85 0C 00 00 1A 02 
00 FF FF 00 10 0D 22 93 00 00 02 00 00 10 0C 86 0C 00 00 1A 62 
00 FF FF 00 10 0D 22 93 00 00 02 00 00 10 0C 88 0C 00 00 22 63 
00 FF FF 00 10 0D 22 93 00 00 02 00 00 10 0C 89 0C 00 00 1A AE 
00 FF FF 00 10 0D 22 93 00 00 02 00 00 10 0C 8A 0C 00 00 1F 15 
00 FF FF 00 10 0D 22 93 00 00 02 00 00 10 0C 8B 0C 00 00 27 5C 
00 FF FF 00 10 0D 22 93 00 00 02 00 00 10 0C 8C 0C 00 00 2D DB 
00 FF FF 00 10 0D 22 93 00 00 02 00 00 10 0C 8D 0C 00 00 20 7D 
00 FF FF 00 10 0D 22 93 00 00 02 00 00 10 0C 8E 0C 00 00 1A F2 
00 FF FF 00 10 0D 22 93 00 00 02 00 00 10 0C 90 0C 00 00 1F ED 
00 FF FF 00 10 0D 22 93 00 00 02 00 00 10 0C 91 0C 00 00 1B EB 
00 FF FF 00 10 0D 22 93 00 00 02 00 00 10 0C 92 0C 00 00 1E 6D 
00 FF FF 00 10 0D 22 93 00 00 02 00 00 10 0C 93 0C 00 00 1E 35 
00 FF FF 00 10 0D 22 93 00 00 02 00 00 10 0C 94 0C 00 00 29 16 
00 FF FF 00 10 0D 22 93 00 00 02 00 00 10 0C 95 0C 00 00 29 36 
00 FF FF 00 10 0D 22 93 00 00 02 00 00 10 0C 96 0C 00 00 14 37 
00 FF FF 00 10 0D 22 93 00 00 02 00 00 10 0C 98 0C 00 00 2A 8A 
00 FF FF 00 10 0D 22 93 00 00 02 00 00 10 0C 99 0C 00 00 18 95 
00 FF FF 00 10 0D 22 93 00 00 02 00 00 10 0C 9A 0C 00 00 19 CB 
00 FF FF 00 10 0D 22 93 00 00 02 00 00 10 0C 9B 0C 00 00 1F 59 
00 FF FF 00 10 0D 22 93 00 00 02 00 00 10 0C 9C 0C 00 00 2C 0B 
00 FF FF 00 10 0D 22 93 00 00 02 00 00 10 0C 9D 0C 00 00 32 49 
00 FF FF 00 10 0D 22 93 00 00 02 00 00 10 0C 9E 0C 00 00 23 0A 
