00 FF FF 00 10 0D 22 93 00 00 02 00 00 10 18 29 0C 00 00 3D 0D 
00 FF FF 00 10 0D 22 93 00 00 02 00 00 10 18 2A 0C 00 00 2E F9 
00 FF FF 00 10 0D 22 93 00 00 02 00 00 10 18 2B 0C 00 00 33 6D 
00 FF FF 00 10 0D 22 93 00 00 02 00 00 10 18 2C 0C 00 00 2E 05 
00 FF FF 00 10 0D 22 93 00 00 02 00 00 10 18 2D 0C 00 00 22 52 
00 FF FF 00 10 0D 22 93 00 00 02 00 00 10 18 2E 0C 00 00 19 52 
00 FF FF 00 10 0D 22 93 00 00 02 00 00 10 18 2F 0C 00 00 18 E6 
00 FF FF 00 10 0D 22 93 00 00 02 00 00 10 18 30 0C 00 00 25 9A 
00 FF FF 00 10 0D 22 93 00 00 02 00 00 10 18 31 0C 00 00 33 3D 
00 FF FF 00 10 0D 22 93 00 00 02 00 00 10 18 32 0C 00 00 31 E1 
00 FF FF 00 10 0D 22 93 00 00 02 00 00 10 18 33 0C 00 00 22 AB 
00 FF FF 00 10 0D 22 93 00 00 02 00 00 10 18 34 0C 00 00 36 95 
00 FF FF 00 10 0D 22 93 00 00 02 00 00 10 18 35 0C 00 00 2B CB 
00 FF FF 00 10 0D 22 93 00 00 02 00 00 10 18 36 0C 00 00 1D E6 
00 FF FF 00 10 0D 22 93 00 00 02 00 00 10 18 37 0C 00 00 17 2E 
00 FF FF 00 10 0D 22 93 00 00 02 00 00 10 18 38 0C 00 00 22 FA 
00 FF FF 00 10 0D 22 93 00 00 02 00 00 10 18 39 0C 00 00 2A C4 
00 FF FF 00 10 0D 22 93 00 00 02 00 00 10 18 3A 0C 00 00 32 A5 
00 FF FF 00 10 0D 22 93 00 00 02 00 00 10 18 3B 0C 00 00 30 65 
00 FF FF 00 10 0D 22 93 00 00 02 00 00 10 18 3C 0C 00 00 30 65 
00 FF FF 00 10 0D 22 93 00 00 02 00 00 10 18 3E 0C 00 00 23 67 
00 FF FF 00 10 0D 22 93 00 00 02 00 00 10 18 3F 0C 00 00 18 FE 
00 FF FF 00 10 0D 22 93 00 00 02 00 00 10 18 40 0C 00 00 18 56 
00 FF FF 00 10 0D 22 93 00 00 02 00 00 10 18 41 0C 00 00 1D 03 
00 FF FF 00 10 0D 22 93 00 00 02 00 00 10 18 42 0C 00 00 0F 8C 
00 FF FF 00 10 0D 22 93 00 00 02 00 00 10 18 43 0C 00 00 19 B6 
00 FF FF 00 10 0D 22 93 00 00 02 00 00 10 18 44 0C 00 00 1A 66 
00 FF FF 00 10 0D 22 93 00 00 02 00 00 10 18 45 0C 00 00 1E C9 
00 FF FF 00 10 0D 22 93 00 00 02 00 00 10 18 46 0C 00 00 2A 3E 
00 FF FF 00 10 0D 22 93 00 00 02 00 00 10 18 48 0C 00 00 12 51 
00 FF FF 00 10 0D 22 93 00 00 02 00 00 10 18 49 0C 00 00 12 BB 
00 FF FF 00 10 0D 22 93 00 00 02 00 00 10 18 4A 0C 00 00 10 9E 
00 FF FF 00 10 0D 22 93 00 00 02 00 00 10 18 4B 0C 00 00 2D 12 
00 FF FF 00 10 0D 22 93 00 00 02 00 00 10 18 4C 0C 00 00 3A 3D 
00 FF FF 00 10 0D 22 93 00 00 02 00 00 10 18 4D 0C 00 00 15 52 
00 FF FF 00 10 0D 22 93 00 00 02 00 00 10 18 4F 0C 00 00 1F DC 
00 FF FF 00 10 0D 22 93 00 00 02 00 00 10 18 50 0C 00 00 18 35 
00 FF FF 00 10 0D 22 93 00 00 02 00 00 10 18 51 0C 00 00 14 BF 
00 FF FF 00 10 0D 22 93 00 00 02 00 00 10 18 52 0C 00 00 10 BA 
00 FF FF 00 10 0D 22 93 00 00 02 00 00 10 18 54 0C 00 00 18 5D 
00 FF FF 00 10 0D 22 93 00 00 02 00 00 10 18 55 0C 00 00 12 84 
00 FF FF 00 10 0D 22 93 00 00 02 00 00 10 18 58 0C 00 00 0C A1 
00 FF FF 00 10 0D 22 93 00 00 02 00 00 10 18 59 0C 00 00 11 A1 
00 FF FF 00 10 0D 22 93 00 00 02 00 00 10 18 5A 0C 00 00 21 C6 
00 FF FF 00 10 0D 22 93 00 00 02 00 00 10 18 5B 0C 00 00 17 8A 
00 FF FF 00 10 0D 22 93 00 00 02 00 00 10 18 5C 0C 00 00 22 16 
00 FF FF 00 10 0D 22 93 00 00 02 00 00 10 18 5D 0C 00 00 2E F9 
00 FF FF 00 10 0D 22 93 00 00 02 00 00 10 18 5E 0C 00 00 1F 23 
00 FF FF 00 10 0D 22 93 00 00 02 00 00 10 18 5F 0C 00 00 2A 5B 
00 FF FF 00 10 0D 22 93 00 00 02 00 00 10 18 60 0C 00 00 24 B9 
00 FF FF 00 10 0D 22 93 00 00 02 00 00 10 18 61 0C 00 00 17 03 
00 FF FF 00 10 0D 22 93 00 00 02 00 00 10 18 62 0C 00 00 11 CE 
00 FF FF 00 10 0D 22 93 00 00 02 00 00 10 18 63 0C 00 00 1F D6 
00 FF FF 00 10 0D 22 93 00 00 02 00 00 10 18 64 0C 00 00 0A AE 
00 FF FF 00 10 0D 22 93 00 00 02 00 00 10 18 66 0C 00 00 1B 4E 
00 FF FF 00 10 0D 22 93 00 00 02 00 00 10 18 67 0C 00 00 2B C9 
00 FF FF 00 10 0D 22 93 00 00 02 00 00 10 18 68 0C 00 00 0D 63 
00 FF FF 00 10 0D 22 93 00 00 02 00 00 10 18 6A 0C 00 00 0C 64 
00 FF FF 00 10 0D 22 93 00 00 02 00 00 10 18 6B 0C 00 00 0E E7 
00 FF FF 00 10 0D 22 93 00 00 02 00 00 10 18 6D 0C 00 00 0B 6F 
00 FF FF 00 10 0D 22 93 00 00 02 00 00 10 18 6E 0C 00 00 18 B0 
00 FF FF 00 10 0D 22 93 00 00 02 00 00 10 18 6F 0C 00 00 1B 56 
00 FF FF 00 10 0D 22 93 00 00 02 00 00 10 18 72 0C 00 00 05 BC 
00 FF FF 00 10 0D 22 93 00 00 02 00 00 10 18 73 0C 00 00 0F BC 
00 FF FF 00 10 0D 22 93 00 00 02 00 00 10 18 74 0C 00 00 10 86 
00 FF FF 00 10 0D 22 93 00 00 02 00 00 10 18 75 0C 00 00 0E 7F 
00 FF FF 00 10 0D 22 93 00 00 02 00 00 10 18 76 0C 00 00 15 CE 
00 FF FF 00 10 0D 22 93 00 00 02 00 00 10 18 77 0C 00 00 1D BE 
00 FF FF 00 10 0D 22 93 00 00 02 00 00 10 18 7A 0C 00 00 15 72 
00 FF FF 00 10 0D 22 93 00 00 02 00 00 10 18 7B 0C 00 00 0F 4D 
00 FF FF 00 10 0D 22 93 00 00 02 00 00 10 18 7C 0C 00 00 07 1A 
00 FF FF 00 10 0D 22 93 00 00 02 00 00 10 18 7D 0C 00 00 0E B8 
00 FF FF 00 10 0D 22 93 00 00 02 00 00 10 18 7E 0C 00 00 14 55 
00 FF FF 00 10 0D 22 93 00 00 02 00 00 10 18 80 0C 00 00 3C 19 
00 FF FF 00 10 0D 22 93 00 00 02 00 00 10 18 81 0C 00 00 29 F3 
00 FF FF 00 10 0D 22 93 00 00 02 00 00 10 18 82 0C 00 00 25 9E 
00 FF FF 00 10 0D 22 93 00 00 02 00 00 10 18 83 0C 00 00 0E 21 
00 FF FF 00 10 0D 22 93 00 00 02 00 00 10 18 84 0C 00 00 09 40 
00 FF FF 00 10 0D 22 93 00 00 02 00 00 10 18 85 0C 00 00 0A 7B 
00 FF FF 00 10 0D 22 93 00 00 02 00 00 10 18 86 0C 00 00 15 41 
00 FF FF 00 10 0D 22 93 00 00 02 00 00 10 18 87 0C 00 00 1D 10 
00 FF FF 00 10 0D 22 93 00 00 02 00 00 10 18 88 0C 00 00 2D 5D 
00 FF FF 00 10 0D 22 93 00 00 02 00 00 10 18 89 0C 00 00 0A 6D 
00 FF FF 00 10 0D 22 93 00 00 02 00 00 10 18 8A 0C 00 00 0F 21 
00 FF FF 00 10 0D 22 93 00 00 02 00 00 10 18 8B 0C 00 00 1B 64 
00 FF FF 00 10 0D 22 93 00 00 02 00 00 10 18 8C 0C 00 00 15 33 
00 FF FF 00 10 0D 22 93 00 00 02 00 00 10 18 8D 0C 00 00 10 CD 
00 FF FF 00 10 0D 22 93 00 00 02 00 00 10 18 8E 0C 00 00 18 FA 
00 FF FF 00 10 0D 22 93 00 00 02 00 00 10 18 8F 0C 00 00 15 4E 
00 FF FF 00 10 0D 22 93 00 00 02 00 00 10 18 90 0C 00 00 17 81 
00 FF FF 00 10 0D 22 93 00 00 02 00 00 10 18 91 0C 00 00 2E F9 
00 FF FF 00 10 0D 22 93 00 00 02 00 00 10 18 92 0C 00 00 2E BF 
00 FF FF 00 10 0D 22 93 00 00 02 00 00 10 18 93 0C 00 00 12 0E 
00 FF FF 00 10 0D 22 93 00 00 02 00 00 10 18 94 0C 00 00 18 EA 
00 FF FF 00 10 0D 22 93 00 00 02 00 00 10 18 95 0C 00 00 17 CA 
00 FF FF 00 10 0D 22 93 00 00 02 00 00 10 18 96 0C 00 00 0B C1 
00 FF FF 00 10 0D 22 93 00 00 02 00 00 10 18 97 0C 00 00 13 6C 
00 FF FF 00 10 0D 22 93 00 00 02 00 00 10 18 98 0C 00 00 14 91 
00 FF FF 00 10 0D 22 93 00 00 02 00 00 10 18 99 0C 00 00 13 A4 
00 FF FF 00 10 0D 22 93 00 00 02 00 00 10 18 9A 0C 00 00 2F AD 
00 FF FF 00 10 0D 22 93 00 00 02 00 00 10 18 9B 0C 00 00 16 8E 
00 FF FF 00 10 0D 22 93 00 00 02 00 00 10 18 9C 0C 00 00 11 1F 
00 FF FF 00 10 0D 22 93 00 00 02 00 00 10 18 9D 0C 00 00 0B 9B 
00 FF FF 00 10 0D 22 93 00 00 02 00 00 10 18 9E 0C 00 00 0E 93 
00 FF FF 00 10 0D 22 93 00 00 02 00 00 10 18 A0 0C 00 00 19 C8 
00 FF FF 00 10 0D 22 93 00 00 02 00 00 10 18 A1 0C 00 00 1A 8E 
00 FF FF 00 10 0D 22 93 00 00 02 00 00 10 18 A2 0C 00 00 12 C3 
00 FF FF 00 10 0D 22 93 00 00 02 00 00 10 18 A3 0C 00 00 27 72 
00 FF FF 00 10 0D 22 93 00 00 02 00 00 10 18 A4 0C 00 00 1C 13 
00 FF FF 00 10 0D 22 93 00 00 02 00 00 10 18 A5 0C 00 00 1B 2D 
00 FF FF 00 10 0D 22 93 00 00 02 00 00 10 18 A6 0C 00 00 12 C6 
00 FF FF 00 10 0D 22 93 00 00 02 00 00 10 18 A7 0C 00 00 17 AF 
00 FF FF 00 10 0D 22 93 00 00 02 00 00 10 18 A8 0C 00 00 18 0B 
00 FF FF 00 10 0D 22 93 00 00 02 00 00 10 18 A9 0C 00 00 13 32 
00 FF FF 00 10 0D 22 93 00 00 02 00 00 10 18 AA 0C 00 00 1E AF 
00 FF FF 00 10 0D 22 93 00 00 02 00 00 10 18 AC 0C 00 00 12 67 
00 FF FF 00 10 0D 22 93 00 00 02 00 00 10 18 AD 0C 00 00 1F E9 
00 FF FF 00 10 0D 22 93 00 00 02 00 00 10 18 AE 0C 00 00 14 E2 
00 FF FF 00 10 0D 22 93 00 00 02 00 00 10 18 AF 0C 00 00 11 B3 
00 FF FF 00 10 0D 22 93 00 00 02 00 00 10 18 B0 0C 00 00 16 27 
00 FF FF 00 10 0D 22 93 00 00 02 00 00 10 18 B1 0C 00 00 0E 2B 
00 FF FF 00 10 0D 22 93 00 00 02 00 00 10 18 B2 0C 00 00 0E 2A 
00 FF FF 00 10 0D 22 93 00 00 02 00 00 10 18 B3 0C 00 00 12 77 
00 FF FF 00 10 0D 22 93 00 00 02 00 00 10 18 B4 0C 00 00 31 36 
00 FF FF 00 10 0D 22 93 00 00 02 00 00 10 18 B5 0C 00 00 12 B2 
00 FF FF 00 10 0D 22 93 00 00 02 00 00 10 18 B6 0C 00 00 18 CC 
00 FF FF 00 10 0D 22 93 00 00 02 00 00 10 18 B9 0C 00 00 15 27 
00 FF FF 00 10 0D 22 93 00 00 02 00 00 10 18 BA 0C 00 00 1C BA 
00 FF FF 00 10 0D 22 93 00 00 02 00 00 10 18 BD 0C 00 00 29 C5 
00 FF FF 00 10 0D 22 93 00 00 02 00 00 10 18 BE 0C 00 00 1F 66 
00 FF FF 00 10 0D 22 93 00 00 02 00 00 10 18 BF 0C 00 00 17 55 
00 FF FF 00 10 0D 22 93 00 00 02 00 00 10 18 C0 0C 00 00 0F 9E 
00 FF FF 00 10 0D 22 93 00 00 02 00 00 10 18 C1 0C 00 00 1F 4C 
00 FF FF 00 10 0D 22 93 00 00 02 00 00 10 18 C2 0C 00 00 0E A1 
00 FF FF 00 10 0D 22 93 00 00 02 00 00 10 18 C3 0C 00 00 16 01 
00 FF FF 00 10 0D 22 93 00 00 02 00 00 10 18 C4 0C 00 00 14 B5 
00 FF FF 00 10 0D 22 93 00 00 02 00 00 10 18 C5 0C 00 00 0D 05 
00 FF FF 00 10 0D 22 93 00 00 02 00 00 10 18 C6 0C 00 00 22 88 
00 FF FF 00 10 0D 22 93 00 00 02 00 00 10 18 C7 0C 00 00 1D EA 
00 FF FF 00 10 0D 22 93 00 00 02 00 00 10 18 C8 0C 00 00 19 85 
00 FF FF 00 10 0D 22 93 00 00 02 00 00 10 18 C9 0C 00 00 14 4A 
00 FF FF 00 10 0D 22 93 00 00 02 00 00 10 18 CA 0C 00 00 13 16 
00 FF FF 00 10 0D 22 93 00 00 02 00 00 10 18 CB 0C 00 00 18 F9 
00 FF FF 00 10 0D 22 93 00 00 02 00 00 10 18 CC 0C 00 00 15 2D 
00 FF FF 00 10 0D 22 93 00 00 02 00 00 10 18 CD 0C 00 00 10 19 
00 FF FF 00 10 0D 22 93 00 00 02 00 00 10 18 CE 0C 00 00 12 CA 
00 FF FF 00 10 0D 22 93 00 00 02 00 00 10 18 CF 0C 00 00 0E 70 
00 FF FF 00 10 0D 22 93 00 00 02 00 00 10 18 D0 0C 00 00 1B A4 
00 FF FF 00 10 0D 22 93 00 00 02 00 00 10 18 D2 0C 00 00 14 AF 
00 FF FF 00 10 0D 22 93 00 00 02 00 00 10 18 D3 0C 00 00 22 47 
00 FF FF 00 10 0D 22 93 00 00 02 00 00 10 18 D4 0C 00 00 13 42 
00 FF FF 00 10 0D 22 93 00 00 02 00 00 10 18 D5 0C 00 00 08 CE 
00 FF FF 00 10 0D 22 93 00 00 02 00 00 10 18 D7 0C 00 00 24 37 
00 FF FF 00 10 0D 22 93 00 00 02 00 00 10 18 D8 0C 00 00 13 52 
00 FF FF 00 10 0D 22 93 00 00 02 00 00 10 18 D9 0C 00 00 0D 20 
00 FF FF 00 10 0D 22 93 00 00 02 00 00 10 18 DA 0C 00 00 24 95 
00 FF FF 00 10 0D 22 93 00 00 02 00 00 10 18 DB 0C 00 00 0C FF 
00 FF FF 00 10 0D 22 93 00 00 02 00 00 10 18 DC 0C 00 00 1A FE 
00 FF FF 00 10 0D 22 93 00 00 02 00 00 10 18 DD 0C 00 00 13 79 
00 FF FF 00 10 0D 22 93 00 00 02 00 00 10 18 DE 0C 00 00 0D 44 
00 FF FF 00 10 0D 22 93 00 00 02 00 00 10 18 E0 0C 00 00 1B DC 
00 FF FF 00 10 0D 22 93 00 00 02 00 00 10 18 E1 0C 00 00 14 18 
00 FF FF 00 10 0D 22 93 00 00 02 00 00 10 18 E3 0C 00 00 27 DE 
00 FF FF 00 10 0D 22 93 00 00 02 00 00 10 18 E4 0C 00 00 25 A8 
00 FF FF 00 10 0D 22 93 00 00 02 00 00 10 18 E5 0C 00 00 1B 82 
00 FF FF 00 10 0D 22 93 00 00 02 00 00 10 18 E6 0C 00 00 0E AF 
00 FF FF 00 10 0D 22 93 00 00 02 00 00 10 18 E8 0C 00 00 26 1B 
00 FF FF 00 10 0D 22 93 00 00 02 00 00 10 18 E9 0C 00 00 1E 26 
00 FF FF 00 10 0D 22 93 00 00 02 00 00 10 18 EA 0C 00 00 0F E2 
00 FF FF 00 10 0D 22 93 00 00 02 00 00 10 18 EB 0C 00 00 0E 36 
00 FF FF 00 10 0D 22 93 00 00 02 00 00 10 18 EC 0C 00 00 15 1B 
00 FF FF 00 10 0D 22 93 00 00 02 00 00 10 18 ED 0C 00 00 25 0B 
00 FF FF 00 10 0D 22 93 00 00 02 00 00 10 18 EE 0C 00 00 1D 22 
00 FF FF 00 10 0D 22 93 00 00 02 00 00 10 18 EF 0C 00 00 11 D5 
00 FF FF 00 10 0D 22 93 00 00 02 00 00 10 18 F1 0C 00 00 17 3B 
00 FF FF 00 10 0D 22 93 00 00 02 00 00 10 18 F2 0C 00 00 1C 2E 
00 FF FF 00 10 0D 22 93 00 00 02 00 00 10 18 F3 0C 00 00 1C B6 
00 FF FF 00 10 0D 22 93 00 00 02 00 00 10 18 F4 0C 00 00 17 75 
00 FF FF 00 10 0D 22 93 00 00 02 00 00 10 18 F5 0C 00 00 1A A5 
00 FF FF 00 10 0D 22 93 00 00 02 00 00 10 18 F6 0C 00 00 14 83 
00 FF FF 00 10 0D 22 93 00 00 02 00 00 10 18 F7 0C 00 00 17 C7 
00 FF FF 00 10 0D 22 93 00 00 02 00 00 10 18 F8 0C 00 00 18 BA 
00 FF FF 00 10 0D 22 93 00 00 02 00 00 10 18 FA 0C 00 00 1F 6E 
00 FF FF 00 10 0D 22 93 00 00 02 00 00 10 18 FB 0C 00 00 1B 25 
00 FF FF 00 10 0D 22 93 00 00 02 00 00 10 18 FC 0C 00 00 16 5C 
00 FF FF 00 10 0D 22 93 00 00 02 00 00 10 18 FE 0C 00 00 12 73 
00 FF FF 00 10 0D 22 93 00 00 02 00 00 10 18 FF 0C 00 00 13 2B 
00 FF FF 00 10 0D 22 93 00 00 02 00 00 10 19 00 0C 00 00 15 8B 
00 FF FF 00 10 0D 22 93 00 00 02 00 00 10 19 02 0C 00 00 1C 03 
00 FF FF 00 10 0D 22 93 00 00 02 00 00 10 19 03 0C 00 00 19 83 
00 FF FF 00 10 0D 22 93 00 00 02 00 00 10 19 04 0C 00 00 12 24 
00 FF FF 00 10 0D 22 93 00 00 02 00 00 10 19 05 0C 00 00 23 25 
00 FF FF 00 10 0D 22 93 00 00 02 00 00 10 19 06 0C 00 00 25 0F 
00 FF FF 00 10 0D 22 93 00 00 02 00 00 10 19 07 0C 00 00 1A 14 
00 FF FF 00 10 0D 22 93 00 00 02 00 00 10 19 08 0C 00 00 16 03 
00 FF FF 00 10 0D 22 93 00 00 02 00 00 10 19 09 0C 00 00 15 11 
00 FF FF 00 10 0D 22 93 00 00 02 00 00 10 19 0B 0C 00 00 16 CE 
00 FF FF 00 10 0D 22 93 00 00 02 00 00 10 19 0C 0C 00 00 10 C0 
00 FF FF 00 10 0D 22 93 00 00 02 00 00 10 19 0D 0C 00 00 1B 97 
00 FF FF 00 10 0D 22 93 00 00 02 00 00 10 19 0E 0C 00 00 2D 45 
00 FF FF 00 10 0D 22 93 00 00 02 00 00 10 19 0F 0C 00 00 35 99 
00 FF FF 00 10 0D 22 93 00 00 02 00 00 10 19 10 0C 00 00 17 AB 
00 FF FF 00 10 0D 22 93 00 00 02 00 00 10 19 11 0C 00 00 19 31 
00 FF FF 00 10 0D 22 93 00 00 02 00 00 10 19 16 0C 00 00 16 06 
00 FF FF 00 10 0D 22 93 00 00 02 00 00 10 19 19 0C 00 00 1E FF 
00 FF FF 00 10 0D 22 93 00 00 02 00 00 10 19 1A 0C 00 00 00 97 
00 FF FF 00 10 0D 22 93 00 00 02 00 00 10 19 1B 0C 00 00 15 E0 
00 FF FF 00 10 0D 22 93 00 00 02 00 00 10 19 1C 0C 00 00 0A 94 
00 FF FF 00 10 0D 22 93 00 00 02 00 00 10 19 1D 0C 00 00 0C CE 
00 FF FF 00 10 0D 22 93 00 00 02 00 00 10 19 1E 0C 00 00 23 01 
00 FF FF 00 10 0D 22 93 00 00 02 00 00 10 19 1F 0C 00 00 16 AD 
00 FF FF 00 10 0D 22 93 00 00 02 00 00 10 19 20 0C 00 00 02 7A 
00 FF FF 00 10 0D 22 93 00 00 02 00 00 10 19 21 0C 00 00 0B 0B 
00 FF FF 00 10 0D 22 93 00 00 02 00 00 10 19 23 0C 00 00 0A 9C 
00 FF FF 00 10 0D 22 93 00 00 02 00 00 10 19 24 0C 00 00 12 E9 
00 FF FF 00 10 0D 22 93 00 00 02 00 00 10 19 25 0C 00 00 0F 97 
00 FF FF 00 10 0D 22 93 00 00 02 00 00 10 19 26 0C 00 00 12 BC 
00 FF FF 00 10 0D 22 93 00 00 02 00 00 10 19 27 0C 00 00 12 65 
00 FF FF 00 10 0D 22 93 00 00 02 00 00 10 19 28 0C 00 00 30 CB 
00 FF FF 00 10 0D 22 93 00 00 02 00 00 10 19 29 0C 00 00 2B 03 
00 FF FF 00 10 0D 22 93 00 00 02 00 00 10 19 2A 0C 00 00 27 F9 
00 FF FF 00 10 0D 22 93 00 00 02 00 00 10 19 2B 0C 00 00 0D E5 
00 FF FF 00 10 0D 22 93 00 00 02 00 00 10 19 2C 0C 00 00 10 EC 
00 FF FF 00 10 0D 22 93 00 00 02 00 00 10 19 2D 0C 00 00 0E 7A 
00 FF FF 00 10 0D 22 93 00 00 02 00 00 10 19 2E 0C 00 00 11 3B 
00 FF FF 00 10 0D 22 93 00 00 02 00 00 10 19 2F 0C 00 00 1B 3A 
00 FF FF 00 10 0D 22 93 00 00 02 00 00 10 19 31 0C 00 00 21 93 
00 FF FF 00 10 0D 22 93 00 00 02 00 00 10 19 32 0C 00 00 30 95 
00 FF FF 00 10 0D 22 93 00 00 02 00 00 10 19 33 0C 00 00 20 1C 
00 FF FF 00 10 0D 22 93 00 00 02 00 00 10 19 34 0C 00 00 16 00 
00 FF FF 00 10 0D 22 93 00 00 02 00 00 10 19 35 0C 00 00 0D AC 
00 FF FF 00 10 0D 22 93 00 00 02 00 00 10 19 36 0C 00 00 10 5F 
00 FF FF 00 10 0D 22 93 00 00 02 00 00 10 19 37 0C 00 00 11 BF 
00 FF FF 00 10 0D 22 93 00 00 02 00 00 10 19 39 0C 00 00 0E D6 
00 FF FF 00 10 0D 22 93 00 00 02 00 00 10 19 3A 0C 00 00 11 0B 
00 FF FF 00 10 0D 22 93 00 00 02 00 00 10 19 3C 0C 00 00 20 9E 
00 FF FF 00 10 0D 22 93 00 00 02 00 00 10 19 3D 0C 00 00 13 97 
00 FF FF 00 10 0D 22 93 00 00 02 00 00 10 19 3E 0C 00 00 0C 5F 
00 FF FF 00 10 0D 22 93 00 00 02 00 00 10 19 3F 0C 00 00 19 98 
00 FF FF 00 10 0D 22 93 00 00 02 00 00 10 19 40 0C 00 00 10 1E 
00 FF FF 00 10 0D 22 93 00 00 02 00 00 10 19 41 0C 00 00 15 CE 
00 FF FF 00 10 0D 22 93 00 00 02 00 00 10 19 43 0C 00 00 33 DD 
00 FF FF 00 10 0D 22 93 00 00 02 00 00 10 19 44 0C 00 00 29 C5 
00 FF FF 00 10 0D 22 93 00 00 02 00 00 10 19 46 0C 00 00 13 76 
00 FF FF 00 10 0D 22 93 00 00 02 00 00 10 19 47 0C 00 00 09 4F 
00 FF FF 00 10 0D 22 93 00 00 02 00 00 10 19 48 0C 00 00 11 0E 
00 FF FF 00 10 0D 22 93 00 00 02 00 00 10 19 49 0C 00 00 13 87 
00 FF FF 00 10 0D 22 93 00 00 02 00 00 10 19 4A 0C 00 00 2C ED 
00 FF FF 00 10 0D 22 93 00 00 02 00 00 10 19 4B 0C 00 00 31 21 
00 FF FF 00 10 0D 22 93 00 00 02 00 00 10 19 4C 0C 00 00 1B 71 
00 FF FF 00 10 0D 22 93 00 00 02 00 00 10 19 4D 0C 00 00 14 FD 
00 FF FF 00 10 0D 22 93 00 00 02 00 00 10 19 4F 0C 00 00 10 47 
00 FF FF 00 10 0D 22 93 00 00 02 00 00 10 19 50 0C 00 00 0C A8 
00 FF FF 00 10 0D 22 93 00 00 02 00 00 10 19 51 0C 00 00 20 41 
00 FF FF 00 10 0D 22 93 00 00 02 00 00 10 19 52 0C 00 00 2D 63 
00 FF FF 00 10 0D 22 93 00 00 02 00 00 10 19 53 0C 00 00 27 5D 
00 FF FF 00 10 0D 22 93 00 00 02 00 00 10 19 54 0C 00 00 37 91 
00 FF FF 00 10 0D 22 93 00 00 02 00 00 10 19 55 0C 00 00 1C DD 
00 FF FF 00 10 0D 22 93 00 00 02 00 00 10 19 57 0C 00 00 0E A7 
00 FF FF 00 10 0D 22 93 00 00 02 00 00 10 19 58 0C 00 00 10 A0 
00 FF FF 00 10 0D 22 93 00 00 02 00 00 10 19 59 0C 00 00 0A 40 
00 FF FF 00 10 0D 22 93 00 00 02 00 00 10 19 5A 0C 00 00 10 FB 
00 FF FF 00 10 0D 22 93 00 00 02 00 00 10 19 5B 0C 00 00 2C F4 
00 FF FF 00 10 0D 22 93 00 00 02 00 00 10 19 5C 0C 00 00 28 E1 
00 FF FF 00 10 0D 22 93 00 00 02 00 00 10 19 5D 0C 00 00 29 54 
00 FF FF 00 10 0D 22 93 00 00 02 00 00 10 19 5E 0C 00 00 2B 4A 
00 FF FF 00 10 0D 22 93 00 00 02 00 00 10 19 60 0C 00 00 10 67 
00 FF FF 00 10 0D 22 93 00 00 02 00 00 10 19 61 0C 00 00 0D 23 
00 FF FF 00 10 0D 22 93 00 00 02 00 00 10 19 62 0C 00 00 1E 77 
00 FF FF 00 10 0D 22 93 00 00 02 00 00 10 19 63 0C 00 00 22 C2 
00 FF FF 00 10 0D 22 93 00 00 02 00 00 10 19 64 0C 00 00 28 0A 
00 FF FF 00 10 0D 22 93 00 00 02 00 00 10 19 65 0C 00 00 2C AE 
00 FF FF 00 10 0D 22 93 00 00 02 00 00 10 19 66 0C 00 00 34 B2 
00 FF FF 00 10 0D 22 93 00 00 02 00 00 10 19 69 0C 00 00 12 66 
00 FF FF 00 10 0D 22 93 00 00 02 00 00 10 19 6B 0C 00 00 19 1F 
00 FF FF 00 10 0D 22 93 00 00 02 00 00 10 19 6C 0C 00 00 1B 8C 
00 FF FF 00 10 0D 22 93 00 00 02 00 00 10 19 6D 0C 00 00 0B C5 
00 FF FF 00 10 0D 22 93 00 00 02 00 00 10 19 6E 0C 00 00 13 DE 
00 FF FF 00 10 0D 22 93 00 00 02 00 00 10 19 6F 0C 00 00 31 68 
00 FF FF 00 10 0D 22 93 00 00 02 00 00 10 19 70 0C 00 00 23 E8 
00 FF FF 00 10 0D 22 93 00 00 02 00 00 10 19 71 0C 00 00 15 75 
00 FF FF 00 10 0D 22 93 00 00 02 00 00 10 19 72 0C 00 00 11 CB 
00 FF FF 00 10 0D 22 93 00 00 02 00 00 10 19 73 0C 00 00 20 C1 
00 FF FF 00 10 0D 22 93 00 00 02 00 00 10 19 74 0C 00 00 10 B3 
00 FF FF 00 10 0D 22 93 00 00 02 00 00 10 19 75 0C 00 00 24 02 
00 FF FF 00 10 0D 22 93 00 00 02 00 00 10 19 76 0C 00 00 26 66 
00 FF FF 00 10 0D 22 93 00 00 02 00 00 10 19 77 0C 00 00 1B A4 
00 FF FF 00 10 0D 22 93 00 00 02 00 00 10 19 78 0C 00 00 30 6B 
00 FF FF 00 10 0D 22 93 00 00 02 00 00 10 19 79 0C 00 00 12 5C 
00 FF FF 00 10 0D 22 93 00 00 02 00 00 10 19 7A 0C 00 00 13 D8 
00 FF FF 00 10 0D 22 93 00 00 02 00 00 10 19 7B 0C 00 00 0E 66 
00 FF FF 00 10 0D 22 93 00 00 02 00 00 10 19 7C 0C 00 00 1A 6C 
00 FF FF 00 10 0D 22 93 00 00 02 00 00 10 19 7D 0C 00 00 11 CC 
00 FF FF 00 10 0D 22 93 00 00 02 00 00 10 19 7E 0C 00 00 20 E2 
00 FF FF 00 10 0D 22 93 00 00 02 00 00 10 19 7F 0C 00 00 37 6A 
00 FF FF 00 10 0D 22 93 00 00 02 00 00 10 19 80 0C 00 00 31 21 
00 FF FF 00 10 0D 22 93 00 00 02 00 00 10 19 83 0C 00 00 13 52 
00 FF FF 00 10 0D 22 93 00 00 02 00 00 10 19 84 0C 00 00 10 0D 
00 FF FF 00 10 0D 22 93 00 00 02 00 00 10 19 85 0C 00 00 19 D7 
00 FF FF 00 10 0D 22 93 00 00 02 00 00 10 19 86 0C 00 00 3B 29 
00 FF FF 00 10 0D 22 93 00 00 02 00 00 10 19 87 0C 00 00 31 21 
00 FF FF 00 10 0D 22 93 00 00 02 00 00 10 19 88 0C 00 00 32 A5 
00 FF FF 00 10 0D 22 93 00 00 02 00 00 10 19 89 0C 00 00 1A C8 
00 FF FF 00 10 0D 22 93 00 00 02 00 00 10 19 8A 0C 00 00 14 E6 
00 FF FF 00 10 0D 22 93 00 00 02 00 00 10 19 8B 0C 00 00 17 FB 
00 FF FF 00 10 0D 22 93 00 00 02 00 00 10 19 8C 0C 00 00 12 43 
00 FF FF 00 10 0D 22 93 00 00 02 00 00 10 19 8D 0C 00 00 10 A7 
00 FF FF 00 10 0D 22 93 00 00 02 00 00 10 19 8E 0C 00 00 0C 54 
00 FF FF 00 10 0D 22 93 00 00 02 00 00 10 19 8F 0C 00 00 32 A5 
00 FF FF 00 10 0D 22 93 00 00 02 00 00 10 19 90 0C 00 00 1E 1E 
00 FF FF 00 10 0D 22 93 00 00 02 00 00 10 19 91 0C 00 00 34 39 
00 FF FF 00 10 0D 22 93 00 00 02 00 00 10 19 92 0C 00 00 1B A9 
00 FF FF 00 10 0D 22 93 00 00 02 00 00 10 19 93 0C 00 00 21 2F 
00 FF FF 00 10 0D 22 93 00 00 02 00 00 10 19 94 0C 00 00 1A 16 
00 FF FF 00 10 0D 22 93 00 00 02 00 00 10 19 95 0C 00 00 16 14 
00 FF FF 00 10 0D 22 93 00 00 02 00 00 10 19 96 0C 00 00 0B 0F 
00 FF FF 00 10 0D 22 93 00 00 02 00 00 10 19 97 0C 00 00 20 DE 
00 FF FF 00 10 0D 22 93 00 00 02 00 00 10 19 98 0C 00 00 31 21 
00 FF FF 00 10 0D 22 93 00 00 02 00 00 10 19 99 0C 00 00 21 F2 
00 FF FF 00 10 0D 22 93 00 00 02 00 00 10 19 9A 0C 00 00 0A A7 
00 FF FF 00 10 0D 22 93 00 00 02 00 00 10 19 9B 0C 00 00 10 D9 
00 FF FF 00 10 0D 22 93 00 00 02 00 00 10 19 9C 0C 00 00 16 DF 
00 FF FF 00 10 0D 22 93 00 00 02 00 00 10 19 9D 0C 00 00 10 E8 
00 FF FF 00 10 0D 22 93 00 00 02 00 00 10 19 9E 0C 00 00 0F 87 
00 FF FF 00 10 0D 22 93 00 00 02 00 00 10 19 9F 0C 00 00 1C 83 
00 FF FF 00 10 0D 22 93 00 00 02 00 00 10 19 A0 0C 00 00 24 5E 
00 FF FF 00 10 0D 22 93 00 00 02 00 00 10 19 A1 0C 00 00 39 42 
00 FF FF 00 10 0D 22 93 00 00 02 00 00 10 19 A4 0C 00 00 0C A4 
00 FF FF 00 10 0D 22 93 00 00 02 00 00 10 19 A6 0C 00 00 0C 26 
00 FF FF 00 10 0D 22 93 00 00 02 00 00 10 19 A7 0C 00 00 0C 9F 
00 FF FF 00 10 0D 22 93 00 00 02 00 00 10 19 A8 0C 00 00 0A DE 
00 FF FF 00 10 0D 22 93 00 00 02 00 00 10 19 A9 0C 00 00 13 47 
00 FF FF 00 10 0D 22 93 00 00 02 00 00 10 19 AA 0C 00 00 18 51 
00 FF FF 00 10 0D 22 93 00 00 02 00 00 10 19 AB 0C 00 00 1A 3F 
00 FF FF 00 10 0D 22 93 00 00 02 00 00 10 19 AC 0C 00 00 23 0D 
00 FF FF 00 10 0D 22 93 00 00 02 00 00 10 19 AD 0C 00 00 0D 4A 
00 FF FF 00 10 0D 22 93 00 00 02 00 00 10 19 AE 0C 00 00 0F 30 
00 FF FF 00 10 0D 22 93 00 00 02 00 00 10 19 AF 0C 00 00 18 9F 
00 FF FF 00 10 0D 22 93 00 00 02 00 00 10 19 B0 0C 00 00 11 2A 
00 FF FF 00 10 0D 22 93 00 00 02 00 00 10 19 B1 0C 00 00 30 CA 
00 FF FF 00 10 0D 22 93 00 00 02 00 00 10 19 B3 0C 00 00 31 21 
00 FF FF 00 10 0D 22 93 00 00 02 00 00 10 19 B5 0C 00 00 20 52 
00 FF FF 00 10 0D 22 93 00 00 02 00 00 10 19 B6 0C 00 00 12 E5 
00 FF FF 00 10 0D 22 93 00 00 02 00 00 10 19 B7 0C 00 00 12 B7 
00 FF FF 00 10 0D 22 93 00 00 02 00 00 10 19 B8 0C 00 00 19 10 
00 FF FF 00 10 0D 22 93 00 00 02 00 00 10 19 B9 0C 00 00 25 31 
00 FF FF 00 10 0D 22 93 00 00 02 00 00 10 19 BA 0C 00 00 31 E1 
00 FF FF 00 10 0D 22 93 00 00 02 00 00 10 19 BB 0C 00 00 3D 0D 
00 FF FF 00 10 0D 22 93 00 00 02 00 00 10 19 BC 0C 00 00 33 EB 
00 FF FF 00 10 0D 22 93 00 00 02 00 00 10 19 BD 0C 00 00 28 55 
00 FF FF 00 10 0D 22 93 00 00 02 00 00 10 19 BE 0C 00 00 0F C8 
00 FF FF 00 10 0D 22 93 00 00 02 00 00 10 19 BF 0C 00 00 17 19 
00 FF FF 00 10 0D 22 93 00 00 02 00 00 10 19 C0 0C 00 00 12 75 
00 FF FF 00 10 0D 22 93 00 00 02 00 00 10 19 C1 0C 00 00 27 93 
00 FF FF 00 10 0D 22 93 00 00 02 00 00 10 19 C2 0C 00 00 3B 29 
00 FF FF 00 10 0D 22 93 00 00 02 00 00 10 19 C3 0C 00 00 39 55 
00 FF FF 00 10 0D 22 93 00 00 02 00 00 10 19 C4 0C 00 00 3A 2D 
00 FF FF 00 10 0D 22 93 00 00 02 00 00 10 19 C6 0C 00 00 20 6D 
00 FF FF 00 10 0D 22 93 00 00 02 00 00 10 19 C7 0C 00 00 15 B6 
00 FF FF 00 10 0D 22 93 00 00 02 00 00 10 19 C8 0C 00 00 0D 38 
00 FF FF 00 10 0D 22 93 00 00 02 00 00 10 19 CA 0C 00 00 1E D2 
00 FF FF 00 10 0D 22 93 00 00 02 00 00 10 19 CB 0C 00 00 19 3F 
00 FF FF 00 10 0D 22 93 00 00 02 00 00 10 19 CC 0C 00 00 36 86 
00 FF FF 00 10 0D 22 93 00 00 02 00 00 10 19 CD 0C 00 00 34 B9 
00 FF FF 00 10 0D 22 93 00 00 02 00 00 10 19 CE 0C 00 00 21 DA 
00 FF FF 00 10 0D 22 93 00 00 02 00 00 10 19 CF 0C 00 00 19 D8 
00 FF FF 00 10 0D 22 93 00 00 02 00 00 10 19 D0 0C 00 00 0E 5A 
00 FF FF 00 10 0D 22 93 00 00 02 00 00 10 19 D1 0C 00 00 0F 4E 
00 FF FF 00 10 0D 22 93 00 00 02 00 00 10 19 D2 0C 00 00 17 23 
00 FF FF 00 10 0D 22 93 00 00 02 00 00 10 19 D3 0C 00 00 1E C9 
00 FF FF 00 10 0D 22 93 00 00 02 00 00 10 19 D4 0C 00 00 32 5B 
00 FF FF 00 10 0D 22 93 00 00 02 00 00 10 19 D5 0C 00 00 32 36 
00 FF FF 00 10 0D 22 93 00 00 02 00 00 10 19 D6 0C 00 00 10 E0 
00 FF FF 00 10 0D 22 93 00 00 02 00 00 10 19 D7 0C 00 00 1F E2 
00 FF FF 00 10 0D 22 93 00 00 02 00 00 10 19 D8 0C 00 00 0C 61 
00 FF FF 00 10 0D 22 93 00 00 02 00 00 10 19 D9 0C 00 00 0C 79 
00 FF FF 00 10 0D 22 93 00 00 02 00 00 10 19 DA 0C 00 00 0D 30 
00 FF FF 00 10 0D 22 93 00 00 02 00 00 10 19 DB 0C 00 00 18 31 
00 FF FF 00 10 0D 22 93 00 00 02 00 00 10 19 DC 0C 00 00 1D BE 
00 FF FF 00 10 0D 22 93 00 00 02 00 00 10 19 DD 0C 00 00 1D B5 
00 FF FF 00 10 0D 22 93 00 00 02 00 00 10 19 DE 0C 00 00 1C 57 
00 FF FF 00 10 0D 22 93 00 00 02 00 00 10 19 DF 0C 00 00 1F 1F 
00 FF FF 00 10 0D 22 93 00 00 02 00 00 10 19 E0 0C 00 00 16 2D 
00 FF FF 00 10 0D 22 93 00 00 02 00 00 10 19 E1 0C 00 00 10 FF 
00 FF FF 00 10 0D 22 93 00 00 02 00 00 10 19 E2 0C 00 00 1D 49 
00 FF FF 00 10 0D 22 93 00 00 02 00 00 10 19 E3 0C 00 00 11 20 
00 FF FF 00 10 0D 22 93 00 00 02 00 00 10 19 E4 0C 00 00 1E 7E 
00 FF FF 00 10 0D 22 93 00 00 02 00 00 10 19 E5 0C 00 00 34 B0 
00 FF FF 00 10 0D 22 93 00 00 02 00 00 10 19 E6 0C 00 00 2F 12 
00 FF FF 00 10 0D 22 93 00 00 02 00 00 10 19 E7 0C 00 00 19 46 
00 FF FF 00 10 0D 22 93 00 00 02 00 00 10 19 E8 0C 00 00 11 63 
00 FF FF 00 10 0D 22 93 00 00 02 00 00 10 19 E9 0C 00 00 0E 1B 
00 FF FF 00 10 0D 22 93 00 00 02 00 00 10 19 EA 0C 00 00 11 2A 
00 FF FF 00 10 0D 22 93 00 00 02 00 00 10 19 EB 0C 00 00 0C 04 
00 FF FF 00 10 0D 22 93 00 00 02 00 00 10 19 EC 0C 00 00 1E C1 
00 FF FF 00 10 0D 22 93 00 00 02 00 00 10 19 ED 0C 00 00 14 28 
00 FF FF 00 10 0D 22 93 00 00 02 00 00 10 19 EE 0C 00 00 30 65 
00 FF FF 00 10 0D 22 93 00 00 02 00 00 10 19 EF 0C 00 00 2C E9 
00 FF FF 00 10 0D 22 93 00 00 02 00 00 10 19 F1 0C 00 00 0B D0 
00 FF FF 00 10 0D 22 93 00 00 02 00 00 10 19 F3 0C 00 00 11 38 
00 FF FF 00 10 0D 22 93 00 00 02 00 00 10 19 F4 0C 00 00 16 65 
00 FF FF 00 10 0D 22 93 00 00 02 00 00 10 19 F5 0C 00 00 12 B6 
00 FF FF 00 10 0D 22 93 00 00 02 00 00 10 19 F6 0C 00 00 14 20 
00 FF FF 00 10 0D 22 93 00 00 02 00 00 10 19 F7 0C 00 00 20 28 
00 FF FF 00 10 0D 22 93 00 00 02 00 00 10 19 F8 0C 00 00 18 A2 
00 FF FF 00 10 0D 22 93 00 00 02 00 00 10 19 F9 0C 00 00 13 03 
00 FF FF 00 10 0D 22 93 00 00 02 00 00 10 19 FA 0C 00 00 21 9E 
00 FF FF 00 10 0D 22 93 00 00 02 00 00 10 19 FB 0C 00 00 16 C7 
00 FF FF 00 10 0D 22 93 00 00 02 00 00 10 19 FC 0C 00 00 0D 4F 
00 FF FF 00 10 0D 22 93 00 00 02 00 00 10 19 FD 0C 00 00 12 52 
00 FF FF 00 10 0D 22 93 00 00 02 00 00 10 19 FE 0C 00 00 1A 50 
00 FF FF 00 10 0D 22 93 00 00 02 00 00 10 19 FF 0C 00 00 21 5A 
00 FF FF 00 10 0D 22 93 00 00 02 00 00 10 1A 00 0C 00 00 1C 2A 
00 FF FF 00 10 0D 22 93 00 00 02 00 00 10 1A 01 0C 00 00 25 96 
00 FF FF 00 10 0D 22 93 00 00 02 00 00 10 1A 02 0C 00 00 1D FD 
00 FF FF 00 10 0D 22 93 00 00 02 00 00 10 1A 03 0C 00 00 18 60 
00 FF FF 00 10 0D 22 93 00 00 02 00 00 10 1A 04 0C 00 00 14 D8 
00 FF FF 00 10 0D 22 93 00 00 02 00 00 10 1A 05 0C 00 00 15 8A 
00 FF FF 00 10 0D 22 93 00 00 02 00 00 10 1A 07 0C 00 00 0C 3F 
00 FF FF 00 10 0D 22 93 00 00 02 00 00 10 1A 08 0C 00 00 0E D5 
00 FF FF 00 10 0D 22 93 00 00 02 00 00 10 1A 09 0C 00 00 0F 4F 
00 FF FF 00 10 0D 22 93 00 00 02 00 00 10 1A 0A 0C 00 00 12 40 
00 FF FF 00 10 0D 22 93 00 00 02 00 00 10 1A 0B 0C 00 00 13 E1 
00 FF FF 00 10 0D 22 93 00 00 02 00 00 10 1A 0C 0C 00 00 08 8C 
00 FF FF 00 10 0D 22 93 00 00 02 00 00 10 1A 0D 0C 00 00 02 4B 
00 FF FF 00 10 0D 22 93 00 00 02 00 00 10 1A 0E 0C 00 00 10 8E 
00 FF FF 00 10 0D 22 93 00 00 02 00 00 10 1A 0F 0C 00 00 0E DD 
00 FF FF 00 10 0D 22 93 00 00 02 00 00 10 1A 10 0C 00 00 20 2B 
00 FF FF 00 10 0D 22 93 00 00 02 00 00 10 1A 11 0C 00 00 28 65 
00 FF FF 00 10 0D 22 93 00 00 02 00 00 10 1A 14 0C 00 00 17 06 
00 FF FF 00 10 0D 22 93 00 00 02 00 00 10 1A 15 0C 00 00 18 2E 
00 FF FF 00 10 0D 22 93 00 00 02 00 00 10 1A 16 0C 00 00 1A A2 
00 FF FF 00 10 0D 22 93 00 00 02 00 00 10 1A 17 0C 00 00 13 25 
00 FF FF 00 10 0D 22 93 00 00 02 00 00 10 1A 18 0C 00 00 1A 63 
00 FF FF 00 10 0D 22 93 00 00 02 00 00 10 1A 19 0C 00 00 2C ED 
00 FF FF 00 10 0D 22 93 00 00 02 00 00 10 1A 1A 0C 00 00 15 9D 
00 FF FF 00 10 0D 22 93 00 00 02 00 00 10 1A 1B 0C 00 00 22 BE 
00 FF FF 00 10 0D 22 93 00 00 02 00 00 10 1A 1C 0C 00 00 10 7C 
00 FF FF 00 10 0D 22 93 00 00 02 00 00 10 1A 1D 0C 00 00 18 B1 
00 FF FF 00 10 0D 22 93 00 00 02 00 00 10 1A 1E 0C 00 00 21 39 
00 FF FF 00 10 0D 22 93 00 00 02 00 00 10 1A 1F 0C 00 00 0D B7 
00 FF FF 00 10 0D 22 93 00 00 02 00 00 10 1A 20 0C 00 00 18 E5 
00 FF FF 00 10 0D 22 93 00 00 02 00 00 10 1A 21 0C 00 00 0E E2 
00 FF FF 00 10 0D 22 93 00 00 02 00 00 10 1A 22 0C 00 00 14 96 
00 FF FF 00 10 0D 22 93 00 00 02 00 00 10 1A 23 0C 00 00 26 CE 
00 FF FF 00 10 0D 22 93 00 00 02 00 00 10 1A 24 0C 00 00 1A BF 
00 FF FF 00 10 0D 22 93 00 00 02 00 00 10 1A 25 0C 00 00 0A FE 
00 FF FF 00 10 0D 22 93 00 00 02 00 00 10 1A 26 0C 00 00 1B 45 
00 FF FF 00 10 0D 22 93 00 00 02 00 00 10 1A 27 0C 00 00 1C 90 
00 FF FF 00 10 0D 22 93 00 00 02 00 00 10 1A 28 0C 00 00 19 15 
00 FF FF 00 10 0D 22 93 00 00 02 00 00 10 1A 29 0C 00 00 1B 2A 
00 FF FF 00 10 0D 22 93 00 00 02 00 00 10 1A 2A 0C 00 00 1B 96 
00 FF FF 00 10 0D 22 93 00 00 02 00 00 10 1A 2B 0C 00 00 2C F1 
00 FF FF 00 10 0D 22 93 00 00 02 00 00 10 1A 2C 0C 00 00 12 B0 
00 FF FF 00 10 0D 22 93 00 00 02 00 00 10 1A 2D 0C 00 00 1B 41 
00 FF FF 00 10 0D 22 93 00 00 02 00 00 10 1A 2E 0C 00 00 16 FE 
00 FF FF 00 10 0D 22 93 00 00 02 00 00 10 1A 2F 0C 00 00 0F D6 
00 FF FF 00 10 0D 22 93 00 00 02 00 00 10 1A 30 0C 00 00 12 06 
00 FF FF 00 10 0D 22 93 00 00 02 00 00 10 1A 31 0C 00 00 17 E6 
00 FF FF 00 10 0D 22 93 00 00 02 00 00 10 1A 32 0C 00 00 10 FE 
00 FF FF 00 10 0D 22 93 00 00 02 00 00 10 1A 33 0C 00 00 12 7A 
00 FF FF 00 10 0D 22 93 00 00 02 00 00 10 1A 34 0C 00 00 16 42 
00 FF FF 00 10 0D 22 93 00 00 02 00 00 10 1A 35 0C 00 00 14 42 
00 FF FF 00 10 0D 22 93 00 00 02 00 00 10 1A 36 0C 00 00 11 FB 
00 FF FF 00 10 0D 22 93 00 00 02 00 00 10 1A 37 0C 00 00 11 CE 
00 FF FF 00 10 0D 22 93 00 00 02 00 00 10 1A 38 0C 00 00 2D 1F 
00 FF FF 00 10 0D 22 93 00 00 02 00 00 10 1A 39 0C 00 00 0E CF 
00 FF FF 00 10 0D 22 93 00 00 02 00 00 10 1A 3A 0C 00 00 19 2E 
00 FF FF 00 10 0D 22 93 00 00 02 00 00 10 1A 3B 0C 00 00 1C 62 
00 FF FF 00 10 0D 22 93 00 00 02 00 00 10 1A 3C 0C 00 00 15 0E 
00 FF FF 00 10 0D 22 93 00 00 02 00 00 10 1A 3D 0C 00 00 24 7D 
00 FF FF 00 10 0D 22 93 00 00 02 00 00 10 1A 3E 0C 00 00 0C 3A 
00 FF FF 00 10 0D 22 93 00 00 02 00 00 10 1A 3F 0C 00 00 18 AD 
00 FF FF 00 10 0D 22 93 00 00 02 00 00 10 1A 40 0C 00 00 2A 03 
00 FF FF 00 10 0D 22 93 00 00 02 00 00 10 1A 42 0C 00 00 0F 80 
00 FF FF 00 10 0D 22 93 00 00 02 00 00 10 1A 43 0C 00 00 1B 51 
00 FF FF 00 10 0D 22 93 00 00 02 00 00 10 1A 44 0C 00 00 1C AE 
00 FF FF 00 10 0D 22 93 00 00 02 00 00 10 1A 45 0C 00 00 12 29 
00 FF FF 00 10 0D 22 93 00 00 02 00 00 10 1A 46 0C 00 00 0D 2A 
00 FF FF 00 10 0D 22 93 00 00 02 00 00 10 1A 47 0C 00 00 18 1B 
00 FF FF 00 10 0D 22 93 00 00 02 00 00 10 1A 48 0C 00 00 10 BF 
00 FF FF 00 10 0D 22 93 00 00 02 00 00 10 1A 4A 0C 00 00 14 07 
00 FF FF 00 10 0D 22 93 00 00 02 00 00 10 1A 4B 0C 00 00 1C 1E 
00 FF FF 00 10 0D 22 93 00 00 02 00 00 10 1A 4D 0C 00 00 20 CE 
00 FF FF 00 10 0D 22 93 00 00 02 00 00 10 1A 4E 0C 00 00 0B 2E 
00 FF FF 00 10 0D 22 93 00 00 02 00 00 10 1A 4F 0C 00 00 0F 0C 
00 FF FF 00 10 0D 22 93 00 00 02 00 00 10 1A 50 0C 00 00 1D 82 
00 FF FF 00 10 0D 22 93 00 00 02 00 00 10 1A 52 0C 00 00 11 88 
00 FF FF 00 10 0D 22 93 00 00 02 00 00 10 1A 53 0C 00 00 11 AD 
00 FF FF 00 10 0D 22 93 00 00 02 00 00 10 1A 54 0C 00 00 12 B0 
00 FF FF 00 10 0D 22 93 00 00 02 00 00 10 1A 55 0C 00 00 0F 4B 
00 FF FF 00 10 0D 22 93 00 00 02 00 00 10 1A 56 0C 00 00 1C A3 
00 FF FF 00 10 0D 22 93 00 00 02 00 00 10 1A 58 0C 00 00 0F D2 
00 FF FF 00 10 0D 22 93 00 00 02 00 00 10 1A 59 0C 00 00 0B 76 
00 FF FF 00 10 0D 22 93 00 00 02 00 00 10 1A 5D 0C 00 00 1B 02 
00 FF FF 00 10 0D 22 93 00 00 02 00 00 10 1A 5E 0C 00 00 10 CE 
00 FF FF 00 10 0D 22 93 00 00 02 00 00 10 1A 5F 0C 00 00 11 FA 
00 FF FF 00 10 0D 22 93 00 00 02 00 00 10 1A 60 0C 00 00 16 73 
00 FF FF 00 10 0D 22 93 00 00 02 00 00 10 1A 61 0C 00 00 18 5F 
00 FF FF 00 10 0D 22 93 00 00 02 00 00 10 1A 62 0C 00 00 0A D8 
00 FF FF 00 10 0D 22 93 00 00 02 00 00 10 1A 63 0C 00 00 11 B2 
00 FF FF 00 10 0D 22 93 00 00 02 00 00 10 1A 64 0C 00 00 1D 6E 
00 FF FF 00 10 0D 22 93 00 00 02 00 00 10 1A 65 0C 00 00 19 B7 
00 FF FF 00 10 0D 22 93 00 00 02 00 00 10 1A 66 0C 00 00 1C 81 
00 FF FF 00 10 0D 22 93 00 00 02 00 00 10 1A 67 0C 00 00 19 A9 
00 FF FF 00 10 0D 22 93 00 00 02 00 00 10 1A 68 0C 00 00 16 D9 
00 FF FF 00 10 0D 22 93 00 00 02 00 00 10 1A 69 0C 00 00 10 99 
00 FF FF 00 10 0D 22 93 00 00 02 00 00 10 1A 6A 0C 00 00 11 EA 
00 FF FF 00 10 0D 22 93 00 00 02 00 00 10 1A 6B 0C 00 00 11 B0 
00 FF FF 00 10 0D 22 93 00 00 02 00 00 10 1A 6C 0C 00 00 2E DA 
00 FF FF 00 10 0D 22 93 00 00 02 00 00 10 1A 6D 0C 00 00 26 4C 
00 FF FF 00 10 0D 22 93 00 00 02 00 00 10 1A 6E 0C 00 00 18 2F 
00 FF FF 00 10 0D 22 93 00 00 02 00 00 10 1A 6F 0C 00 00 15 BD 
00 FF FF 00 10 0D 22 93 00 00 02 00 00 10 1A 70 0C 00 00 16 1F 
00 FF FF 00 10 0D 22 93 00 00 02 00 00 10 1A 71 0C 00 00 14 FF 
00 FF FF 00 10 0D 22 93 00 00 02 00 00 10 1A 73 0C 00 00 1A AA 
00 FF FF 00 10 0D 22 93 00 00 02 00 00 10 1A 74 0C 00 00 1B 12 
00 FF FF 00 10 0D 22 93 00 00 02 00 00 10 1A 75 0C 00 00 12 69 
00 FF FF 00 10 0D 22 93 00 00 02 00 00 10 1A 76 0C 00 00 1B A5 
00 FF FF 00 10 0D 22 93 00 00 02 00 00 10 1A 77 0C 00 00 11 56 
00 FF FF 00 10 0D 22 93 00 00 02 00 00 10 1A 79 0C 00 00 0C 95 
00 FF FF 00 10 0D 22 93 00 00 02 00 00 10 1A 7A 0C 00 00 18 4B 
00 FF FF 00 10 0D 22 93 00 00 02 00 00 10 1A 7B 0C 00 00 0C 0A 
00 FF FF 00 10 0D 22 93 00 00 02 00 00 10 1A 7C 0C 00 00 06 5D 
00 FF FF 00 10 0D 22 93 00 00 02 00 00 10 1A 7D 0C 00 00 26 B6 
00 FF FF 00 10 0D 22 93 00 00 02 00 00 10 1A 7E 0C 00 00 20 9E 
00 FF FF 00 10 0D 22 93 00 00 02 00 00 10 1A 7F 0C 00 00 1C C5 
00 FF FF 00 10 0D 22 93 00 00 02 00 00 10 1A 80 0C 00 00 13 DC 
00 FF FF 00 10 0D 22 93 00 00 02 00 00 10 1A 82 0C 00 00 09 EF 
00 FF FF 00 10 0D 22 93 00 00 02 00 00 10 1A 83 0C 00 00 14 B2 
00 FF FF 00 10 0D 22 93 00 00 02 00 00 10 1A 84 0C 00 00 0A E7 
00 FF FF 00 10 0D 22 93 00 00 02 00 00 10 1A 85 0C 00 00 32 4E 
00 FF FF 00 10 0D 22 93 00 00 02 00 00 10 1A 86 0C 00 00 10 FD 
00 FF FF 00 10 0D 22 93 00 00 02 00 00 10 1A 87 0C 00 00 09 8D 
00 FF FF 00 10 0D 22 93 00 00 02 00 00 10 1A 88 0C 00 00 1C 51 
00 FF FF 00 10 0D 22 93 00 00 02 00 00 10 1A 8A 0C 00 00 0F AF 
00 FF FF 00 10 0D 22 93 00 00 02 00 00 10 1A 8B 0C 00 00 12 CB 
00 FF FF 00 10 0D 22 93 00 00 02 00 00 10 1A 8D 0C 00 00 08 6B 
00 FF FF 00 10 0D 22 93 00 00 02 00 00 10 1A 8E 0C 00 00 1E C2 
00 FF FF 00 10 0D 22 93 00 00 02 00 00 10 1A 8F 0C 00 00 24 F5 
00 FF FF 00 10 0D 22 93 00 00 02 00 00 10 1A 90 0C 00 00 24 EA 
00 FF FF 00 10 0D 22 93 00 00 02 00 00 10 1A 91 0C 00 00 0F A8 
00 FF FF 00 10 0D 22 93 00 00 02 00 00 10 1A 93 0C 00 00 0E 2F 
00 FF FF 00 10 0D 22 93 00 00 02 00 00 10 1A 94 0C 00 00 16 D4 
00 FF FF 00 10 0D 22 93 00 00 02 00 00 10 1A 95 0C 00 00 0E 5D 
00 FF FF 00 10 0D 22 93 00 00 02 00 00 10 1A 96 0C 00 00 26 E9 
00 FF FF 00 10 0D 22 93 00 00 02 00 00 10 1A 97 0C 00 00 27 CE 
00 FF FF 00 10 0D 22 93 00 00 02 00 00 10 1A 98 0C 00 00 29 76 
00 FF FF 00 10 0D 22 93 00 00 02 00 00 10 1A 99 0C 00 00 11 E8 
00 FF FF 00 10 0D 22 93 00 00 02 00 00 10 1A 9A 0C 00 00 12 A7 
00 FF FF 00 10 0D 22 93 00 00 02 00 00 10 1A 9C 0C 00 00 12 EE 
00 FF FF 00 10 0D 22 93 00 00 02 00 00 10 1A 9D 0C 00 00 1C E5 
00 FF FF 00 10 0D 22 93 00 00 02 00 00 10 1A 9E 0C 00 00 10 2D 
00 FF FF 00 10 0D 22 93 00 00 02 00 00 10 1A 9F 0C 00 00 23 39 
00 FF FF 00 10 0D 22 93 00 00 02 00 00 10 1A A0 0C 00 00 25 A5 
00 FF FF 00 10 0D 22 93 00 00 02 00 00 10 1A A1 0C 00 00 11 AD 
00 FF FF 00 10 0D 22 93 00 00 02 00 00 10 1A A2 0C 00 00 17 12 
00 FF FF 00 10 0D 22 93 00 00 02 00 00 10 1A A3 0C 00 00 0E D7 
00 FF FF 00 10 0D 22 93 00 00 02 00 00 10 1A A4 0C 00 00 08 FE 
00 FF FF 00 10 0D 22 93 00 00 02 00 00 10 1A A5 0C 00 00 12 B5 
00 FF FF 00 10 0D 22 93 00 00 02 00 00 10 1A A6 0C 00 00 1F 0D 
00 FF FF 00 10 0D 22 93 00 00 02 00 00 10 1A A7 0C 00 00 20 4E 
00 FF FF 00 10 0D 22 93 00 00 02 00 00 10 1A A8 0C 00 00 19 E1 
00 FF FF 00 10 0D 22 93 00 00 02 00 00 10 1A A9 0C 00 00 1E 76 
00 FF FF 00 10 0D 22 93 00 00 02 00 00 10 1A AA 0C 00 00 11 72 
00 FF FF 00 10 0D 22 93 00 00 02 00 00 10 1A AB 0C 00 00 15 CA 
00 FF FF 00 10 0D 22 93 00 00 02 00 00 10 1A AC 0C 00 00 0E E7 
00 FF FF 00 10 0D 22 93 00 00 02 00 00 10 1A AD 0C 00 00 0D 16 
00 FF FF 00 10 0D 22 93 00 00 02 00 00 10 1A AE 0C 00 00 1D 6F 
00 FF FF 00 10 0D 22 93 00 00 02 00 00 10 1A AF 0C 00 00 19 1A 
00 FF FF 00 10 0D 22 93 00 00 02 00 00 10 1A B0 0C 00 00 1E 9E 
00 FF FF 00 10 0D 22 93 00 00 02 00 00 10 1A B1 0C 00 00 0B 4E 
00 FF FF 00 10 0D 22 93 00 00 02 00 00 10 1A B2 0C 00 00 15 1B 
00 FF FF 00 10 0D 22 93 00 00 02 00 00 10 1A B3 0C 00 00 12 F0 
00 FF FF 00 10 0D 22 93 00 00 02 00 00 10 1A B4 0C 00 00 09 6C 
00 FF FF 00 10 0D 22 93 00 00 02 00 00 10 1A B5 0C 00 00 0F 72 
00 FF FF 00 10 0D 22 93 00 00 02 00 00 10 1A B6 0C 00 00 0F 09 
00 FF FF 00 10 0D 22 93 00 00 02 00 00 10 1A B7 0C 00 00 10 05 
00 FF FF 00 10 0D 22 93 00 00 02 00 00 10 1A B8 0C 00 00 14 93 
00 FF FF 00 10 0D 22 93 00 00 02 00 00 10 1A B9 0C 00 00 24 01 
00 FF FF 00 10 0D 22 93 00 00 02 00 00 10 1A BA 0C 00 00 35 09 
00 FF FF 00 10 0D 22 93 00 00 02 00 00 10 1A BB 0C 00 00 19 6E 
00 FF FF 00 10 0D 22 93 00 00 02 00 00 10 1A BC 0C 00 00 15 E4 
00 FF FF 00 10 0D 22 93 00 00 02 00 00 10 1A BD 0C 00 00 16 35 
00 FF FF 00 10 0D 22 93 00 00 02 00 00 10 1A BE 0C 00 00 0A 2B 
00 FF FF 00 10 0D 22 93 00 00 02 00 00 10 1A BF 0C 00 00 16 DF 
00 FF FF 00 10 0D 22 93 00 00 02 00 00 10 1A C0 0C 00 00 11 F7 
00 FF FF 00 10 0D 22 93 00 00 02 00 00 10 1A C1 0C 00 00 10 22 
00 FF FF 00 10 0D 22 93 00 00 02 00 00 10 1A C2 0C 00 00 3B 29 
00 FF FF 00 10 0D 22 93 00 00 02 00 00 10 1A C3 0C 00 00 1C 72 
00 FF FF 00 10 0D 22 93 00 00 02 00 00 10 1A C4 0C 00 00 19 D3 
00 FF FF 00 10 0D 22 93 00 00 02 00 00 10 1A C6 0C 00 00 10 4C 
00 FF FF 00 10 0D 22 93 00 00 02 00 00 10 1A C7 0C 00 00 0D AB 
00 FF FF 00 10 0D 22 93 00 00 02 00 00 10 1A C8 0C 00 00 20 05 
00 FF FF 00 10 0D 22 93 00 00 02 00 00 10 1A C9 0C 00 00 2D 4C 
00 FF FF 00 10 0D 22 93 00 00 02 00 00 10 1A CA 0C 00 00 3D 0D 
00 FF FF 00 10 0D 22 93 00 00 02 00 00 10 1A CB 0C 00 00 17 73 
00 FF FF 00 10 0D 22 93 00 00 02 00 00 10 1A CE 0C 00 00 0D E2 
00 FF FF 00 10 0D 22 93 00 00 02 00 00 10 1A CF 0C 00 00 0D FB 
00 FF FF 00 10 0D 22 93 00 00 02 00 00 10 1A D0 0C 00 00 0B D8 
00 FF FF 00 10 0D 22 93 00 00 02 00 00 10 1A D1 0C 00 00 25 AE 
00 FF FF 00 10 0D 22 93 00 00 02 00 00 10 1A D2 0C 00 00 33 6D 
00 FF FF 00 10 0D 22 93 00 00 02 00 00 10 1A D3 0C 00 00 16 D0 
00 FF FF 00 10 0D 22 93 00 00 02 00 00 10 1A D4 0C 00 00 19 44 
00 FF FF 00 10 0D 22 93 00 00 02 00 00 10 1A D5 0C 00 00 10 69 
00 FF FF 00 10 0D 22 93 00 00 02 00 00 10 1A D6 0C 00 00 21 4C 
00 FF FF 00 10 0D 22 93 00 00 02 00 00 10 1A D7 0C 00 00 17 DD 
00 FF FF 00 10 0D 22 93 00 00 02 00 00 10 1A D8 0C 00 00 0D 98 
00 FF FF 00 10 0D 22 93 00 00 02 00 00 10 1A D9 0C 00 00 10 43 
00 FF FF 00 10 0D 22 93 00 00 02 00 00 10 1A DB 0C 00 00 11 59 
00 FF FF 00 10 0D 22 93 00 00 02 00 00 10 1A DC 0C 00 00 1B 2C 
00 FF FF 00 10 0D 22 93 00 00 02 00 00 10 1A DD 0C 00 00 34 39 
00 FF FF 00 10 0D 22 93 00 00 02 00 00 10 1A DF 0C 00 00 1D C7 
00 FF FF 00 10 0D 22 93 00 00 02 00 00 10 1A E0 0C 00 00 17 AB 
00 FF FF 00 10 0D 22 93 00 00 02 00 00 10 1A E1 0C 00 00 20 52 
00 FF FF 00 10 0D 22 93 00 00 02 00 00 10 1A E2 0C 00 00 1F 37 
00 FF FF 00 10 0D 22 93 00 00 02 00 00 10 1A E3 0C 00 00 16 EF 
00 FF FF 00 10 0D 22 93 00 00 02 00 00 10 1A E4 0C 00 00 2D AA 
00 FF FF 00 10 0D 22 93 00 00 02 00 00 10 1A E5 0C 00 00 38 71 
00 FF FF 00 10 0D 22 93 00 00 02 00 00 10 1A E6 0C 00 00 36 7D 
00 FF FF 00 10 0D 22 93 00 00 02 00 00 10 1A E7 0C 00 00 15 7A 
00 FF FF 00 10 0D 22 93 00 00 02 00 00 10 1A E8 0C 00 00 11 34 
00 FF FF 00 10 0D 22 93 00 00 02 00 00 10 1A E9 0C 00 00 0F 07 
00 FF FF 00 10 0D 22 93 00 00 02 00 00 10 1A EA 0C 00 00 10 71 
00 FF FF 00 10 0D 22 93 00 00 02 00 00 10 1A EB 0C 00 00 2D 07 
00 FF FF 00 10 0D 22 93 00 00 02 00 00 10 1A EC 0C 00 00 2F A7 
00 FF FF 00 10 0D 22 93 00 00 02 00 00 10 1A ED 0C 00 00 17 C9 
00 FF FF 00 10 0D 22 93 00 00 02 00 00 10 1A EE 0C 00 00 38 71 
00 FF FF 00 10 0D 22 93 00 00 02 00 00 10 1A F0 0C 00 00 21 AD 
00 FF FF 00 10 0D 22 93 00 00 02 00 00 10 1A F1 0C 00 00 0B 19 
00 FF FF 00 10 0D 22 93 00 00 02 00 00 10 1A F3 0C 00 00 0D AF 
00 FF FF 00 10 0D 22 93 00 00 02 00 00 10 1A F4 0C 00 00 19 7F 
00 FF FF 00 10 0D 22 93 00 00 02 00 00 10 1A F5 0C 00 00 2C 61 
00 FF FF 00 10 0D 22 93 00 00 02 00 00 10 1A F6 0C 00 00 38 71 
00 FF FF 00 10 0D 22 93 00 00 02 00 00 10 1A F7 0C 00 00 12 56 
00 FF FF 00 10 0D 22 93 00 00 02 00 00 10 1A F8 0C 00 00 1F 88 
00 FF FF 00 10 0D 22 93 00 00 02 00 00 10 1A F9 0C 00 00 0E A4 
00 FF FF 00 10 0D 22 93 00 00 02 00 00 10 1A FA 0C 00 00 02 A8 
00 FF FF 00 10 0D 22 93 00 00 02 00 00 10 1A FB 0C 00 00 0F 0F 
00 FF FF 00 10 0D 22 93 00 00 02 00 00 10 1A FC 0C 00 00 10 9C 
00 FF FF 00 10 0D 22 93 00 00 02 00 00 10 1A FD 0C 00 00 08 F3 
00 FF FF 00 10 0D 22 93 00 00 02 00 00 10 1A FE 0C 00 00 19 C7 
00 FF FF 00 10 0D 22 93 00 00 02 00 00 10 1A FF 0C 00 00 0E B1 
00 FF FF 00 10 0D 22 93 00 00 02 00 00 10 1B 02 0C 00 00 11 68 
00 FF FF 00 10 0D 22 93 00 00 02 00 00 10 1B 03 0C 00 00 0C 76 
00 FF FF 00 10 0D 22 93 00 00 02 00 00 10 1B 04 0C 00 00 21 ED 
00 FF FF 00 10 0D 22 93 00 00 02 00 00 10 1B 05 0C 00 00 24 7A 
00 FF FF 00 10 0D 22 93 00 00 02 00 00 10 1B 06 0C 00 00 1E 99 
00 FF FF 00 10 0D 22 93 00 00 02 00 00 10 1B 07 0C 00 00 12 59 
00 FF FF 00 10 0D 22 93 00 00 02 00 00 10 1B 08 0C 00 00 1A 75 
00 FF FF 00 10 0D 22 93 00 00 02 00 00 10 1B 09 0C 00 00 1F 13 
00 FF FF 00 10 0D 22 93 00 00 02 00 00 10 1B 0A 0C 00 00 0F 13 
00 FF FF 00 10 0D 22 93 00 00 02 00 00 10 1B 0B 0C 00 00 10 9B 
00 FF FF 00 10 0D 22 93 00 00 02 00 00 10 1B 0C 0C 00 00 14 56 
00 FF FF 00 10 0D 22 93 00 00 02 00 00 10 1B 0E 0C 00 00 2C 85 
00 FF FF 00 10 0D 22 93 00 00 02 00 00 10 1B 0F 0C 00 00 1C 74 
00 FF FF 00 10 0D 22 93 00 00 02 00 00 10 1B 10 0C 00 00 1A AF 
00 FF FF 00 10 0D 22 93 00 00 02 00 00 10 1B 11 0C 00 00 18 BF 
00 FF FF 00 10 0D 22 93 00 00 02 00 00 10 1B 12 0C 00 00 23 AC 
00 FF FF 00 10 0D 22 93 00 00 02 00 00 10 1B 13 0C 00 00 11 01 
00 FF FF 00 10 0D 22 93 00 00 02 00 00 10 1B 14 0C 00 00 10 25 
00 FF FF 00 10 0D 22 93 00 00 02 00 00 10 1B 15 0C 00 00 14 0D 
00 FF FF 00 10 0D 22 93 00 00 02 00 00 10 1B 16 0C 00 00 0A 57 
00 FF FF 00 10 0D 22 93 00 00 02 00 00 10 1B 17 0C 00 00 1F 5E 
00 FF FF 00 10 0D 22 93 00 00 02 00 00 10 1B 18 0C 00 00 26 73 
00 FF FF 00 10 0D 22 93 00 00 02 00 00 10 1B 19 0C 00 00 19 0C 
00 FF FF 00 10 0D 22 93 00 00 02 00 00 10 1B 1B 0C 00 00 0C EF 
00 FF FF 00 10 0D 22 93 00 00 02 00 00 10 1B 1C 0C 00 00 0F A3 
00 FF FF 00 10 0D 22 93 00 00 02 00 00 10 1B 1D 0C 00 00 0E D0 
00 FF FF 00 10 0D 22 93 00 00 02 00 00 10 1B 1F 0C 00 00 30 96 
00 FF FF 00 10 0D 22 93 00 00 02 00 00 10 1B 20 0C 00 00 36 8C 
00 FF FF 00 10 0D 22 93 00 00 02 00 00 10 1B 21 0C 00 00 13 EF 
00 FF FF 00 10 0D 22 93 00 00 02 00 00 10 1B 22 0C 00 00 14 F3 
00 FF FF 00 10 0D 22 93 00 00 02 00 00 10 1B 23 0C 00 00 24 22 
00 FF FF 00 10 0D 22 93 00 00 02 00 00 10 1B 24 0C 00 00 16 51 
00 FF FF 00 10 0D 22 93 00 00 02 00 00 10 1B 25 0C 00 00 0E F5 
00 FF FF 00 10 0D 22 93 00 00 02 00 00 10 1B 26 0C 00 00 0D 8E 
00 FF FF 00 10 0D 22 93 00 00 02 00 00 10 1B 27 0C 00 00 11 B1 
00 FF FF 00 10 0D 22 93 00 00 02 00 00 10 1B 29 0C 00 00 2D 74 
00 FF FF 00 10 0D 22 93 00 00 02 00 00 10 1B 2A 0C 00 00 18 32 
00 FF FF 00 10 0D 22 93 00 00 02 00 00 10 1B 2C 0C 00 00 10 6C 
00 FF FF 00 10 0D 22 93 00 00 02 00 00 10 1B 2D 0C 00 00 12 A6 
00 FF FF 00 10 0D 22 93 00 00 02 00 00 10 1B 2E 0C 00 00 1B 7E 
00 FF FF 00 10 0D 22 93 00 00 02 00 00 10 1B 2F 0C 00 00 0D 05 
00 FF FF 00 10 0D 22 93 00 00 02 00 00 10 1B 30 0C 00 00 22 C1 
00 FF FF 00 10 0D 22 93 00 00 02 00 00 10 1B 31 0C 00 00 26 C5 
00 FF FF 00 10 0D 22 93 00 00 02 00 00 10 1B 32 0C 00 00 1D B5 
00 FF FF 00 10 0D 22 93 00 00 02 00 00 10 1B 33 0C 00 00 16 2A 
00 FF FF 00 10 0D 22 93 00 00 02 00 00 10 1B 34 0C 00 00 12 1F 
00 FF FF 00 10 0D 22 93 00 00 02 00 00 10 1B 35 0C 00 00 19 8B 
00 FF FF 00 10 0D 22 93 00 00 02 00 00 10 1B 36 0C 00 00 0D 9A 
00 FF FF 00 10 0D 22 93 00 00 02 00 00 10 1B 37 0C 00 00 11 BC 
00 FF FF 00 10 0D 22 93 00 00 02 00 00 10 1B 38 0C 00 00 1C 62 
00 FF FF 00 10 0D 22 93 00 00 02 00 00 10 1B 39 0C 00 00 27 07 
00 FF FF 00 10 0D 22 93 00 00 02 00 00 10 1B 3A 0C 00 00 18 FB 
00 FF FF 00 10 0D 22 93 00 00 02 00 00 10 1B 3B 0C 00 00 0C B5 
00 FF FF 00 10 0D 22 93 00 00 02 00 00 10 1B 3C 0C 00 00 2C A2 
00 FF FF 00 10 0D 22 93 00 00 02 00 00 10 1B 3D 0C 00 00 1E 50 
00 FF FF 00 10 0D 22 93 00 00 02 00 00 10 1B 3E 0C 00 00 0E B2 
00 FF FF 00 10 0D 22 93 00 00 02 00 00 10 1B 3F 0C 00 00 12 9C 
00 FF FF 00 10 0D 22 93 00 00 02 00 00 10 1B 40 0C 00 00 11 D7 
00 FF FF 00 10 0D 22 93 00 00 02 00 00 10 1B 42 0C 00 00 11 1A 
00 FF FF 00 10 0D 22 93 00 00 02 00 00 10 1B 43 0C 00 00 3B 29 
00 FF FF 00 10 0D 22 93 00 00 02 00 00 10 1B 44 0C 00 00 32 5B 
00 FF FF 00 10 0D 22 93 00 00 02 00 00 10 1B 46 0C 00 00 1B 73 
00 FF FF 00 10 0D 22 93 00 00 02 00 00 10 1B 48 0C 00 00 0B 72 
00 FF FF 00 10 0D 22 93 00 00 02 00 00 10 1B 4A 0C 00 00 13 6A 
00 FF FF 00 10 0D 22 93 00 00 02 00 00 10 1B 4E 0C 00 00 13 A3 
00 FF FF 00 10 0D 22 93 00 00 02 00 00 10 1B 4F 0C 00 00 12 4C 
00 FF FF 00 10 0D 22 93 00 00 02 00 00 10 1B 50 0C 00 00 0F 4B 
00 FF FF 00 10 0D 22 93 00 00 02 00 00 10 1B 51 0C 00 00 15 90 
00 FF FF 00 10 0D 22 93 00 00 02 00 00 10 1B 52 0C 00 00 0D 73 
00 FF FF 00 10 0D 22 93 00 00 02 00 00 10 1B 53 0C 00 00 1D F9 
00 FF FF 00 10 0D 22 93 00 00 02 00 00 10 1B 54 0C 00 00 13 09 
00 FF FF 00 10 0D 22 93 00 00 02 00 00 10 1B 56 0C 00 00 25 06 
00 FF FF 00 10 0D 22 93 00 00 02 00 00 10 1B 57 0C 00 00 0B 51 
00 FF FF 00 10 0D 22 93 00 00 02 00 00 10 1B 58 0C 00 00 0F 40 
00 FF FF 00 10 0D 22 93 00 00 02 00 00 10 1B 59 0C 00 00 0A 12 
00 FF FF 00 10 0D 22 93 00 00 02 00 00 10 1B 5A 0C 00 00 0D F7 
00 FF FF 00 10 0D 22 93 00 00 02 00 00 10 1B 5B 0C 00 00 11 A7 
00 FF FF 00 10 0D 22 93 00 00 02 00 00 10 1B 5C 0C 00 00 13 D9 
00 FF FF 00 10 0D 22 93 00 00 02 00 00 10 1B 5D 0C 00 00 1C 4C 
00 FF FF 00 10 0D 22 93 00 00 02 00 00 10 1B 5E 0C 00 00 1F 43 
00 FF FF 00 10 0D 22 93 00 00 02 00 00 10 1B 5F 0C 00 00 21 E6 
00 FF FF 00 10 0D 22 93 00 00 02 00 00 10 1B 60 0C 00 00 14 7A 
00 FF FF 00 10 0D 22 93 00 00 02 00 00 10 1B 61 0C 00 00 0F 2F 
00 FF FF 00 10 0D 22 93 00 00 02 00 00 10 1B 63 0C 00 00 11 A6 
00 FF FF 00 10 0D 22 93 00 00 02 00 00 10 1B 64 0C 00 00 12 97 
00 FF FF 00 10 0D 22 93 00 00 02 00 00 10 1B 65 0C 00 00 1A EF 
00 FF FF 00 10 0D 22 93 00 00 02 00 00 10 1B 68 0C 00 00 1A 39 
00 FF FF 00 10 0D 22 93 00 00 02 00 00 10 1B 6A 0C 00 00 18 1D 
00 FF FF 00 10 0D 22 93 00 00 02 00 00 10 1B 6B 0C 00 00 0F DC 
00 FF FF 00 10 0D 22 93 00 00 02 00 00 10 1B 6C 0C 00 00 17 F7 
00 FF FF 00 10 0D 22 93 00 00 02 00 00 10 1B 6D 0C 00 00 22 25 
00 FF FF 00 10 0D 22 93 00 00 02 00 00 10 1B 6E 0C 00 00 0F 81 
00 FF FF 00 10 0D 22 93 00 00 02 00 00 10 1B 6F 0C 00 00 1C 72 
00 FF FF 00 10 0D 22 93 00 00 02 00 00 10 1B 70 0C 00 00 19 2F 
00 FF FF 00 10 0D 22 93 00 00 02 00 00 10 1B 71 0C 00 00 1B 54 
00 FF FF 00 10 0D 22 93 00 00 02 00 00 10 1B 72 0C 00 00 0B D7 
00 FF FF 00 10 0D 22 93 00 00 02 00 00 10 1B 73 0C 00 00 0E 80 
00 FF FF 00 10 0D 22 93 00 00 02 00 00 10 1B 74 0C 00 00 0D 0C 
00 FF FF 00 10 0D 22 93 00 00 02 00 00 10 1B 75 0C 00 00 1B 61 
00 FF FF 00 10 0D 22 93 00 00 02 00 00 10 1B 76 0C 00 00 0F 07 
00 FF FF 00 10 0D 22 93 00 00 02 00 00 10 1B 77 0C 00 00 35 8B 
00 FF FF 00 10 0D 22 93 00 00 02 00 00 10 1B 78 0C 00 00 26 C5 
00 FF FF 00 10 0D 22 93 00 00 02 00 00 10 1B 79 0C 00 00 19 C6 
00 FF FF 00 10 0D 22 93 00 00 02 00 00 10 1B 7A 0C 00 00 0F B7 
00 FF FF 00 10 0D 22 93 00 00 02 00 00 10 1B 7B 0C 00 00 10 0A 
00 FF FF 00 10 0D 22 93 00 00 02 00 00 10 1B 7C 0C 00 00 1F 34 
00 FF FF 00 10 0D 22 93 00 00 02 00 00 10 1B 7D 0C 00 00 1C 59 
00 FF FF 00 10 0D 22 93 00 00 02 00 00 10 1B 7E 0C 00 00 1D 61 
00 FF FF 00 10 0D 22 93 00 00 02 00 00 10 1B 7F 0C 00 00 23 CD 
00 FF FF 00 10 0D 22 93 00 00 02 00 00 10 1B 80 0C 00 00 1B EC 
00 FF FF 00 10 0D 22 93 00 00 02 00 00 10 1B 81 0C 00 00 0B 7F 
00 FF FF 00 10 0D 22 93 00 00 02 00 00 10 1B 82 0C 00 00 0D 76 
00 FF FF 00 10 0D 22 93 00 00 02 00 00 10 1B 83 0C 00 00 20 36 
00 FF FF 00 10 0D 22 93 00 00 02 00 00 10 1B 84 0C 00 00 0E 51 
00 FF FF 00 10 0D 22 93 00 00 02 00 00 10 1B 85 0C 00 00 0B 92 
00 FF FF 00 10 0D 22 93 00 00 02 00 00 10 1B 86 0C 00 00 0D B6 
00 FF FF 00 10 0D 22 93 00 00 02 00 00 10 1B 87 0C 00 00 1E AA 
00 FF FF 00 10 0D 22 93 00 00 02 00 00 10 1B 88 0C 00 00 15 1D 
00 FF FF 00 10 0D 22 93 00 00 02 00 00 10 1B 89 0C 00 00 13 EC 
00 FF FF 00 10 0D 22 93 00 00 02 00 00 10 1B 8A 0C 00 00 0F 55 
00 FF FF 00 10 0D 22 93 00 00 02 00 00 10 1B 8B 0C 00 00 1A FB 
00 FF FF 00 10 0D 22 93 00 00 02 00 00 10 1B 8C 0C 00 00 1C E7 
00 FF FF 00 10 0D 22 93 00 00 02 00 00 10 1B 8D 0C 00 00 15 14 
00 FF FF 00 10 0D 22 93 00 00 02 00 00 10 1B 8E 0C 00 00 13 87 
00 FF FF 00 10 0D 22 93 00 00 02 00 00 10 1B 8F 0C 00 00 1C D2 
00 FF FF 00 10 0D 22 93 00 00 02 00 00 10 1B 90 0C 00 00 14 26 
00 FF FF 00 10 0D 22 93 00 00 02 00 00 10 1B 91 0C 00 00 1E F9 
00 FF FF 00 10 0D 22 93 00 00 02 00 00 10 1B 92 0C 00 00 08 6B 
00 FF FF 00 10 0D 22 93 00 00 02 00 00 10 1B 93 0C 00 00 0D 9C 
00 FF FF 00 10 0D 22 93 00 00 02 00 00 10 1B 94 0C 00 00 0F DF 
00 FF FF 00 10 0D 22 93 00 00 02 00 00 10 1B 95 0C 00 00 12 37 
00 FF FF 00 10 0D 22 93 00 00 02 00 00 10 1B 96 0C 00 00 12 FB 
00 FF FF 00 10 0D 22 93 00 00 02 00 00 10 1B 97 0C 00 00 09 7B 
00 FF FF 00 10 0D 22 93 00 00 02 00 00 10 1B 98 0C 00 00 12 74 
00 FF FF 00 10 0D 22 93 00 00 02 00 00 10 1B 99 0C 00 00 26 1E 
00 FF FF 00 10 0D 22 93 00 00 02 00 00 10 1B 9A 0C 00 00 0F F7 
00 FF FF 00 10 0D 22 93 00 00 02 00 00 10 1B 9B 0C 00 00 15 A9 
00 FF FF 00 10 0D 22 93 00 00 02 00 00 10 1B 9C 0C 00 00 1A 75 
00 FF FF 00 10 0D 22 93 00 00 02 00 00 10 1B 9D 0C 00 00 0E 2A 
00 FF FF 00 10 0D 22 93 00 00 02 00 00 10 1B 9E 0C 00 00 09 B4 
00 FF FF 00 10 0D 22 93 00 00 02 00 00 10 1B 9F 0C 00 00 11 F5 
00 FF FF 00 10 0D 22 93 00 00 02 00 00 10 1B A0 0C 00 00 16 93 
00 FF FF 00 10 0D 22 93 00 00 02 00 00 10 1B A1 0C 00 00 1E 29 
00 FF FF 00 10 0D 22 93 00 00 02 00 00 10 1B A2 0C 00 00 15 C0 
00 FF FF 00 10 0D 22 93 00 00 02 00 00 10 1B A3 0C 00 00 20 ED 
00 FF FF 00 10 0D 22 93 00 00 02 00 00 10 1B A4 0C 00 00 1A E1 
00 FF FF 00 10 0D 22 93 00 00 02 00 00 10 1B A5 0C 00 00 0B 24 
00 FF FF 00 10 0D 22 93 00 00 02 00 00 10 1B A6 0C 00 00 1F D6 
00 FF FF 00 10 0D 22 93 00 00 02 00 00 10 1B A7 0C 00 00 22 65 
00 FF FF 00 10 0D 22 93 00 00 02 00 00 10 1B A9 0C 00 00 12 9B 
00 FF FF 00 10 0D 22 93 00 00 02 00 00 10 1B AA 0C 00 00 21 63 
00 FF FF 00 10 0D 22 93 00 00 02 00 00 10 1B AB 0C 00 00 10 4F 
00 FF FF 00 10 0D 22 93 00 00 02 00 00 10 1B AD 0C 00 00 1B C2 
00 FF FF 00 10 0D 22 93 00 00 02 00 00 10 1B AE 0C 00 00 12 32 
00 FF FF 00 10 0D 22 93 00 00 02 00 00 10 1B AF 0C 00 00 28 A4 
00 FF FF 00 10 0D 22 93 00 00 02 00 00 10 1B B0 0C 00 00 0B 34 
00 FF FF 00 10 0D 22 93 00 00 02 00 00 10 1B B1 0C 00 00 19 82 
00 FF FF 00 10 0D 22 93 00 00 02 00 00 10 1B B2 0C 00 00 19 F2 
00 FF FF 00 10 0D 22 93 00 00 02 00 00 10 1B B4 0C 00 00 12 CF 
00 FF FF 00 10 0D 22 93 00 00 02 00 00 10 1B B5 0C 00 00 1C C1 
00 FF FF 00 10 0D 22 93 00 00 02 00 00 10 1B B6 0C 00 00 10 7A 
00 FF FF 00 10 0D 22 93 00 00 02 00 00 10 1B B7 0C 00 00 2C 3B 
00 FF FF 00 10 0D 22 93 00 00 02 00 00 10 1B B8 0C 00 00 14 C4 
00 FF FF 00 10 0D 22 93 00 00 02 00 00 10 1B B9 0C 00 00 18 0B 
00 FF FF 00 10 0D 22 93 00 00 02 00 00 10 1B BA 0C 00 00 19 75 
00 FF FF 00 10 0D 22 93 00 00 02 00 00 10 1B BB 0C 00 00 0F 32 
00 FF FF 00 10 0D 22 93 00 00 02 00 00 10 1B BD 0C 00 00 1A 72 
00 FF FF 00 10 0D 22 93 00 00 02 00 00 10 1B BE 0C 00 00 0D 2E 
00 FF FF 00 10 0D 22 93 00 00 02 00 00 10 1B BF 0C 00 00 0D 35 
00 FF FF 00 10 0D 22 93 00 00 02 00 00 10 1B C0 0C 00 00 17 78 
00 FF FF 00 10 0D 22 93 00 00 02 00 00 10 1B C1 0C 00 00 1A 08 
00 FF FF 00 10 0D 22 93 00 00 02 00 00 10 1B C2 0C 00 00 1E 5A 
00 FF FF 00 10 0D 22 93 00 00 02 00 00 10 1B C3 0C 00 00 0C 66 
00 FF FF 00 10 0D 22 93 00 00 02 00 00 10 1B C4 0C 00 00 19 16 
00 FF FF 00 10 0D 22 93 00 00 02 00 00 10 1B C5 0C 00 00 0C 1B 
00 FF FF 00 10 0D 22 93 00 00 02 00 00 10 1B C6 0C 00 00 1A 29 
00 FF FF 00 10 0D 22 93 00 00 02 00 00 10 1B C7 0C 00 00 10 C4 
00 FF FF 00 10 0D 22 93 00 00 02 00 00 10 1B C9 0C 00 00 35 8E 
00 FF FF 00 10 0D 22 93 00 00 02 00 00 10 1B CA 0C 00 00 28 42 
00 FF FF 00 10 0D 22 93 00 00 02 00 00 10 1B CB 0C 00 00 1A 12 
00 FF FF 00 10 0D 22 93 00 00 02 00 00 10 1B CC 0C 00 00 11 CA 
00 FF FF 00 10 0D 22 93 00 00 02 00 00 10 1B CE 0C 00 00 17 2C 
00 FF FF 00 10 0D 22 93 00 00 02 00 00 10 1B CF 0C 00 00 13 DE 
00 FF FF 00 10 0D 22 93 00 00 02 00 00 10 1B D0 0C 00 00 1C 51 
00 FF FF 00 10 0D 22 93 00 00 02 00 00 10 1B D1 0C 00 00 0E 5D 
00 FF FF 00 10 0D 22 93 00 00 02 00 00 10 1B D2 0C 00 00 16 EF 
00 FF FF 00 10 0D 22 93 00 00 02 00 00 10 1B D3 0C 00 00 11 A9 
00 FF FF 00 10 0D 22 93 00 00 02 00 00 10 1B D4 0C 00 00 0A 62 
00 FF FF 00 10 0D 22 93 00 00 02 00 00 10 1B D6 0C 00 00 12 B9 
00 FF FF 00 10 0D 22 93 00 00 02 00 00 10 1B D7 0C 00 00 17 E3 
00 FF FF 00 10 0D 22 93 00 00 02 00 00 10 1B D8 0C 00 00 23 5A 
00 FF FF 00 10 0D 22 93 00 00 02 00 00 10 1B D9 0C 00 00 22 86 
00 FF FF 00 10 0D 22 93 00 00 02 00 00 10 1B DA 0C 00 00 1C 34 
00 FF FF 00 10 0D 22 93 00 00 02 00 00 10 1B DB 0C 00 00 10 1D 
00 FF FF 00 10 0D 22 93 00 00 02 00 00 10 1B DC 0C 00 00 12 AE 
00 FF FF 00 10 0D 22 93 00 00 02 00 00 10 1B DD 0C 00 00 19 50 
00 FF FF 00 10 0D 22 93 00 00 02 00 00 10 1B DE 0C 00 00 14 B6 
00 FF FF 00 10 0D 22 93 00 00 02 00 00 10 1B DF 0C 00 00 13 B1 
00 FF FF 00 10 0D 22 93 00 00 02 00 00 10 1B E0 0C 00 00 0F BC 
00 FF FF 00 10 0D 22 93 00 00 02 00 00 10 1B E1 0C 00 00 16 4E 
00 FF FF 00 10 0D 22 93 00 00 02 00 00 10 1B E2 0C 00 00 14 F1 
00 FF FF 00 10 0D 22 93 00 00 02 00 00 10 1B E3 0C 00 00 15 7C 
00 FF FF 00 10 0D 22 93 00 00 02 00 00 10 1B E4 0C 00 00 14 D0 
00 FF FF 00 10 0D 22 93 00 00 02 00 00 10 1B E5 0C 00 00 11 12 
00 FF FF 00 10 0D 22 93 00 00 02 00 00 10 1B E6 0C 00 00 15 87 
00 FF FF 00 10 0D 22 93 00 00 02 00 00 10 1B E7 0C 00 00 0A FF 
00 FF FF 00 10 0D 22 93 00 00 02 00 00 10 1B E8 0C 00 00 0C D2 
00 FF FF 00 10 0D 22 93 00 00 02 00 00 10 1B E9 0C 00 00 17 66 
00 FF FF 00 10 0D 22 93 00 00 02 00 00 10 1B EB 0C 00 00 16 B3 
00 FF FF 00 10 0D 22 93 00 00 02 00 00 10 1B EC 0C 00 00 0D 39 
00 FF FF 00 10 0D 22 93 00 00 02 00 00 10 1B ED 0C 00 00 01 44 
00 FF FF 00 10 0D 22 93 00 00 02 00 00 10 1B EE 0C 00 00 14 92 
00 FF FF 00 10 0D 22 93 00 00 02 00 00 10 1B EF 0C 00 00 05 0C 
00 FF FF 00 10 0D 22 93 00 00 02 00 00 10 1B F1 0C 00 00 09 B8 
00 FF FF 00 10 0D 22 93 00 00 02 00 00 10 1B F2 0C 00 00 0E 32 
00 FF FF 00 10 0D 22 93 00 00 02 00 00 10 1B F3 0C 00 00 0D 57 
00 FF FF 00 10 0D 22 93 00 00 02 00 00 10 1B F5 0C 00 00 08 D9 
00 FF FF 00 10 0D 22 93 00 00 02 00 00 10 1B F6 0C 00 00 12 8B 
00 FF FF 00 10 0D 22 93 00 00 02 00 00 10 1B F8 0C 00 00 12 36 
00 FF FF 00 10 0D 22 93 00 00 02 00 00 10 1B F9 0C 00 00 0D 49 
00 FF FF 00 10 0D 22 93 00 00 02 00 00 10 1B FA 0C 00 00 0D BA 
00 FF FF 00 10 0D 22 93 00 00 02 00 00 10 1B FB 0C 00 00 07 7A 
00 FF FF 00 10 0D 22 93 00 00 02 00 00 10 1B FD 0C 00 00 32 A5 
00 FF FF 00 10 0D 22 93 00 00 02 00 00 10 1B FE 0C 00 00 2B 66 
00 FF FF 00 10 0D 22 93 00 00 02 00 00 10 1B FF 0C 00 00 1E 8E 
00 FF FF 00 10 0D 22 93 00 00 02 00 00 10 1C 01 0C 00 00 0D 56 
00 FF FF 00 10 0D 22 93 00 00 02 00 00 10 1C 02 0C 00 00 13 D2 
00 FF FF 00 10 0D 22 93 00 00 02 00 00 10 1C 03 0C 00 00 14 9B 
00 FF FF 00 10 0D 22 93 00 00 02 00 00 10 1C 04 0C 00 00 16 1C 
00 FF FF 00 10 0D 22 93 00 00 02 00 00 10 1C 05 0C 00 00 23 FD 
00 FF FF 00 10 0D 22 93 00 00 02 00 00 10 1C 06 0C 00 00 1B 23 
00 FF FF 00 10 0D 22 93 00 00 02 00 00 10 1C 07 0C 00 00 12 B1 
00 FF FF 00 10 0D 22 93 00 00 02 00 00 10 1C 08 0C 00 00 10 0E 
00 FF FF 00 10 0D 22 93 00 00 02 00 00 10 1C 09 0C 00 00 0F DD 
00 FF FF 00 10 0D 22 93 00 00 02 00 00 10 1C 0A 0C 00 00 08 E1 
00 FF FF 00 10 0D 22 93 00 00 02 00 00 10 1C 0B 0C 00 00 25 8E 
00 FF FF 00 10 0D 22 93 00 00 02 00 00 10 1C 0C 0C 00 00 21 D5 
00 FF FF 00 10 0D 22 93 00 00 02 00 00 10 1C 0D 0C 00 00 2E FE 
00 FF FF 00 10 0D 22 93 00 00 02 00 00 10 1C 0E 0C 00 00 14 5E 
00 FF FF 00 10 0D 22 93 00 00 02 00 00 10 1C 0F 0C 00 00 2E 21 
00 FF FF 00 10 0D 22 93 00 00 02 00 00 10 1C 10 0C 00 00 25 6B 
00 FF FF 00 10 0D 22 93 00 00 02 00 00 10 1C 11 0C 00 00 0C 13 
00 FF FF 00 10 0D 22 93 00 00 02 00 00 10 1C 12 0C 00 00 11 DD 
00 FF FF 00 10 0D 22 93 00 00 02 00 00 10 1C 13 0C 00 00 12 AF 
00 FF FF 00 10 0D 22 93 00 00 02 00 00 10 1C 14 0C 00 00 1C 99 
00 FF FF 00 10 0D 22 93 00 00 02 00 00 10 1C 15 0C 00 00 21 2A 
00 FF FF 00 10 0D 22 93 00 00 02 00 00 10 1C 16 0C 00 00 14 07 
00 FF FF 00 10 0D 22 93 00 00 02 00 00 10 1C 17 0C 00 00 20 99 
00 FF FF 00 10 0D 22 93 00 00 02 00 00 10 1C 18 0C 00 00 13 30 
00 FF FF 00 10 0D 22 93 00 00 02 00 00 10 1C 19 0C 00 00 0F B4 
00 FF FF 00 10 0D 22 93 00 00 02 00 00 10 1C 1A 0C 00 00 15 32 
00 FF FF 00 10 0D 22 93 00 00 02 00 00 10 1C 1B 0C 00 00 0E 65 
00 FF FF 00 10 0D 22 93 00 00 02 00 00 10 1C 1C 0C 00 00 10 0B 
00 FF FF 00 10 0D 22 93 00 00 02 00 00 10 1C 1D 0C 00 00 28 71 
00 FF FF 00 10 0D 22 93 00 00 02 00 00 10 1C 1E 0C 00 00 36 B5 
00 FF FF 00 10 0D 22 93 00 00 02 00 00 10 1C 1F 0C 00 00 3D 0D 
00 FF FF 00 10 0D 22 93 00 00 02 00 00 10 1C 20 0C 00 00 31 21 
00 FF FF 00 10 0D 22 93 00 00 02 00 00 10 1C 21 0C 00 00 0D B3 
00 FF FF 00 10 0D 22 93 00 00 02 00 00 10 1C 22 0C 00 00 0F A0 
00 FF FF 00 10 0D 22 93 00 00 02 00 00 10 1C 23 0C 00 00 12 98 
00 FF FF 00 10 0D 22 93 00 00 02 00 00 10 1C 24 0C 00 00 12 7B 
00 FF FF 00 10 0D 22 93 00 00 02 00 00 10 1C 25 0C 00 00 19 5E 
00 FF FF 00 10 0D 22 93 00 00 02 00 00 10 1C 26 0C 00 00 16 06 
00 FF FF 00 10 0D 22 93 00 00 02 00 00 10 1C 27 0C 00 00 0D DB 
00 FF FF 00 10 0D 22 93 00 00 02 00 00 10 1C 28 0C 00 00 2E F9 
00 FF FF 00 10 0D 22 93 00 00 02 00 00 10 1C 2A 0C 00 00 28 25 
00 FF FF 00 10 0D 22 93 00 00 02 00 00 10 1C 2B 0C 00 00 18 55 
00 FF FF 00 10 0D 22 93 00 00 02 00 00 10 1C 2C 0C 00 00 13 EA 
00 FF FF 00 10 0D 22 93 00 00 02 00 00 10 1C 2D 0C 00 00 15 51 
00 FF FF 00 10 0D 22 93 00 00 02 00 00 10 1C 2E 0C 00 00 0F FB 
00 FF FF 00 10 0D 22 93 00 00 02 00 00 10 1C 2F 0C 00 00 16 D5 
00 FF FF 00 10 0D 22 93 00 00 02 00 00 10 1C 30 0C 00 00 2E 3A 
00 FF FF 00 10 0D 22 93 00 00 02 00 00 10 1C 31 0C 00 00 12 4B 
00 FF FF 00 10 0D 22 93 00 00 02 00 00 10 1C 32 0C 00 00 13 A3 
00 FF FF 00 10 0D 22 93 00 00 02 00 00 10 1C 34 0C 00 00 0A 20 
00 FF FF 00 10 0D 22 93 00 00 02 00 00 10 1C 35 0C 00 00 0F D1 
00 FF FF 00 10 0D 22 93 00 00 02 00 00 10 1C 36 0C 00 00 18 0A 
00 FF FF 00 10 0D 22 93 00 00 02 00 00 10 1C 37 0C 00 00 0F AD 
00 FF FF 00 10 0D 22 93 00 00 02 00 00 10 1C 38 0C 00 00 3D 0D 
00 FF FF 00 10 0D 22 93 00 00 02 00 00 10 1C 39 0C 00 00 11 25 
00 FF FF 00 10 0D 22 93 00 00 02 00 00 10 1C 3A 0C 00 00 17 09 
00 FF FF 00 10 0D 22 93 00 00 02 00 00 10 1C 3B 0C 00 00 0B C3 
00 FF FF 00 10 0D 22 93 00 00 02 00 00 10 1C 3C 0C 00 00 1C 76 
00 FF FF 00 10 0D 22 93 00 00 02 00 00 10 1C 3D 0C 00 00 13 7F 
00 FF FF 00 10 0D 22 93 00 00 02 00 00 10 1C 3E 0C 00 00 0E B3 
00 FF FF 00 10 0D 22 93 00 00 02 00 00 10 1C 3F 0C 00 00 2A 1D 
00 FF FF 00 10 0D 22 93 00 00 02 00 00 10 1C 40 0C 00 00 38 71 
00 FF FF 00 10 0D 22 93 00 00 02 00 00 10 1C 41 0C 00 00 38 71 
00 FF FF 00 10 0D 22 93 00 00 02 00 00 10 1C 42 0C 00 00 31 21 
00 FF FF 00 10 0D 22 93 00 00 02 00 00 10 1C 43 0C 00 00 13 9B 
00 FF FF 00 10 0D 22 93 00 00 02 00 00 10 1C 44 0C 00 00 17 2B 
00 FF FF 00 10 0D 22 93 00 00 02 00 00 10 1C 45 0C 00 00 12 47 
00 FF FF 00 10 0D 22 93 00 00 02 00 00 10 1C 46 0C 00 00 0D 0A 
00 FF FF 00 10 0D 22 93 00 00 02 00 00 10 1C 47 0C 00 00 09 6E 
00 FF FF 00 10 0D 22 93 00 00 02 00 00 10 1C 48 0C 00 00 2F 1B 
00 FF FF 00 10 0D 22 93 00 00 02 00 00 10 1C 49 0C 00 00 0A 4E 
00 FF FF 00 10 0D 22 93 00 00 02 00 00 10 1C 4A 0C 00 00 26 7E 
00 FF FF 00 10 0D 22 93 00 00 02 00 00 10 1C 4B 0C 00 00 20 CE 
00 FF FF 00 10 0D 22 93 00 00 02 00 00 10 1C 4D 0C 00 00 0D B0 
00 FF FF 00 10 0D 22 93 00 00 02 00 00 10 1C 4E 0C 00 00 14 2B 
00 FF FF 00 10 0D 22 93 00 00 02 00 00 10 1C 4F 0C 00 00 0D 73 
00 FF FF 00 10 0D 22 93 00 00 02 00 00 10 1C 50 0C 00 00 14 F4 
00 FF FF 00 10 0D 22 93 00 00 02 00 00 10 1C 51 0C 00 00 32 13 
00 FF FF 00 10 0D 22 93 00 00 02 00 00 10 1C 52 0C 00 00 13 09 
00 FF FF 00 10 0D 22 93 00 00 02 00 00 10 1C 53 0C 00 00 0A 84 
00 FF FF 00 10 0D 22 93 00 00 02 00 00 10 1C 54 0C 00 00 31 21 
00 FF FF 00 10 0D 22 93 00 00 02 00 00 10 1C 56 0C 00 00 17 F3 
00 FF FF 00 10 0D 22 93 00 00 02 00 00 10 1C 57 0C 00 00 0F D1 
00 FF FF 00 10 0D 22 93 00 00 02 00 00 10 1C 58 0C 00 00 15 46 
00 FF FF 00 10 0D 22 93 00 00 02 00 00 10 1C 59 0C 00 00 11 27 
00 FF FF 00 10 0D 22 93 00 00 02 00 00 10 1C 5A 0C 00 00 21 2B 
00 FF FF 00 10 0D 22 93 00 00 02 00 00 10 1C 5B 0C 00 00 23 B3 
00 FF FF 00 10 0D 22 93 00 00 02 00 00 10 1C 5C 0C 00 00 0C 64 
00 FF FF 00 10 0D 22 93 00 00 02 00 00 10 1C 5D 0C 00 00 33 DD 
00 FF FF 00 10 0D 22 93 00 00 02 00 00 10 1C 5F 0C 00 00 15 71 
00 FF FF 00 10 0D 22 93 00 00 02 00 00 10 1C 60 0C 00 00 0B E2 
00 FF FF 00 10 0D 22 93 00 00 02 00 00 10 1C 61 0C 00 00 16 02 
00 FF FF 00 10 0D 22 93 00 00 02 00 00 10 1C 62 0C 00 00 14 EC 
00 FF FF 00 10 0D 22 93 00 00 02 00 00 10 1C 63 0C 00 00 35 DD 
00 FF FF 00 10 0D 22 93 00 00 02 00 00 10 1C 64 0C 00 00 32 A5 
00 FF FF 00 10 0D 22 93 00 00 02 00 00 10 1C 65 0C 00 00 19 D0 
00 FF FF 00 10 0D 22 93 00 00 02 00 00 10 1C 66 0C 00 00 27 AF 
00 FF FF 00 10 0D 22 93 00 00 02 00 00 10 1C 67 0C 00 00 1B 85 
00 FF FF 00 10 0D 22 93 00 00 02 00 00 10 1C 68 0C 00 00 16 62 
00 FF FF 00 10 0D 22 93 00 00 02 00 00 10 1C 6A 0C 00 00 10 45 
00 FF FF 00 10 0D 22 93 00 00 02 00 00 10 1C 6B 0C 00 00 07 81 
00 FF FF 00 10 0D 22 93 00 00 02 00 00 10 1C 6C 0C 00 00 32 42 
00 FF FF 00 10 0D 22 93 00 00 02 00 00 10 1C 6D 0C 00 00 21 BF 
00 FF FF 00 10 0D 22 93 00 00 02 00 00 10 1C 6E 0C 00 00 1C EF 
00 FF FF 00 10 0D 22 93 00 00 02 00 00 10 1C 6F 0C 00 00 0E 72 
00 FF FF 00 10 0D 22 93 00 00 02 00 00 10 1C 70 0C 00 00 14 BA 
00 FF FF 00 10 0D 22 93 00 00 02 00 00 10 1C 71 0C 00 00 0E 75 
00 FF FF 00 10 0D 22 93 00 00 02 00 00 10 1C 72 0C 00 00 16 42 
00 FF FF 00 10 0D 22 93 00 00 02 00 00 10 1C 73 0C 00 00 14 26 
00 FF FF 00 10 0D 22 93 00 00 02 00 00 10 1C 74 0C 00 00 2F 6F 
00 FF FF 00 10 0D 22 93 00 00 02 00 00 10 1C 75 0C 00 00 1B 84 
00 FF FF 00 10 0D 22 93 00 00 02 00 00 10 1C 76 0C 00 00 22 64 
00 FF FF 00 10 0D 22 93 00 00 02 00 00 10 1C 77 0C 00 00 2B E2 
00 FF FF 00 10 0D 22 93 00 00 02 00 00 10 1C 78 0C 00 00 20 8B 
00 FF FF 00 10 0D 22 93 00 00 02 00 00 10 1C 79 0C 00 00 15 6F 
00 FF FF 00 10 0D 22 93 00 00 02 00 00 10 1C 7A 0C 00 00 11 B0 
00 FF FF 00 10 0D 22 93 00 00 02 00 00 10 1C 7B 0C 00 00 16 7A 
00 FF FF 00 10 0D 22 93 00 00 02 00 00 10 1C 7C 0C 00 00 22 FA 
00 FF FF 00 10 0D 22 93 00 00 02 00 00 10 1C 7D 0C 00 00 0F 6C 
00 FF FF 00 10 0D 22 93 00 00 02 00 00 10 1C 7F 0C 00 00 12 DA 
00 FF FF 00 10 0D 22 93 00 00 02 00 00 10 1C 80 0C 00 00 12 32 
00 FF FF 00 10 0D 22 93 00 00 02 00 00 10 1C 81 0C 00 00 10 49 
00 FF FF 00 10 0D 22 93 00 00 02 00 00 10 1C 82 0C 00 00 0B F5 
00 FF FF 00 10 0D 22 93 00 00 02 00 00 10 1C 83 0C 00 00 15 F7 
00 FF FF 00 10 0D 22 93 00 00 02 00 00 10 1C 85 0C 00 00 1D 22 
00 FF FF 00 10 0D 22 93 00 00 02 00 00 10 1C 86 0C 00 00 39 3E 
00 FF FF 00 10 0D 22 93 00 00 02 00 00 10 1C 87 0C 00 00 1A 1F 
00 FF FF 00 10 0D 22 93 00 00 02 00 00 10 1C 89 0C 00 00 21 22 
00 FF FF 00 10 0D 22 93 00 00 02 00 00 10 1C 8B 0C 00 00 11 3A 
00 FF FF 00 10 0D 22 93 00 00 02 00 00 10 1C 8C 0C 00 00 0F 20 
00 FF FF 00 10 0D 22 93 00 00 02 00 00 10 1C 8D 0C 00 00 16 DD 
00 FF FF 00 10 0D 22 93 00 00 02 00 00 10 1C 8E 0C 00 00 15 2E 
00 FF FF 00 10 0D 22 93 00 00 02 00 00 10 1C 8F 0C 00 00 17 3C 
00 FF FF 00 10 0D 22 93 00 00 02 00 00 10 1C 90 0C 00 00 2B 7A 
00 FF FF 00 10 0D 22 93 00 00 02 00 00 10 1C 91 0C 00 00 1F F8 
00 FF FF 00 10 0D 22 93 00 00 02 00 00 10 1C 92 0C 00 00 0C 7B 
00 FF FF 00 10 0D 22 93 00 00 02 00 00 10 1C 93 0C 00 00 10 CF 
00 FF FF 00 10 0D 22 93 00 00 02 00 00 10 1C 94 0C 00 00 0A E1 
00 FF FF 00 10 0D 22 93 00 00 02 00 00 10 1C 95 0C 00 00 0D 0D 
00 FF FF 00 10 0D 22 93 00 00 02 00 00 10 1C 96 0C 00 00 14 A8 
00 FF FF 00 10 0D 22 93 00 00 02 00 00 10 1C 97 0C 00 00 18 C3 
00 FF FF 00 10 0D 22 93 00 00 02 00 00 10 1C 98 0C 00 00 1D EC 
00 FF FF 00 10 0D 22 93 00 00 02 00 00 10 1C 9A 0C 00 00 21 1A 
00 FF FF 00 10 0D 22 93 00 00 02 00 00 10 1C 9B 0C 00 00 15 53 
00 FF FF 00 10 0D 22 93 00 00 02 00 00 10 1C 9C 0C 00 00 0B CD 
00 FF FF 00 10 0D 22 93 00 00 02 00 00 10 1C 9D 0C 00 00 0D 94 
00 FF FF 00 10 0D 22 93 00 00 02 00 00 10 1C 9E 0C 00 00 1A A1 
00 FF FF 00 10 0D 22 93 00 00 02 00 00 10 1C 9F 0C 00 00 1D B7 
00 FF FF 00 10 0D 22 93 00 00 02 00 00 10 1C A0 0C 00 00 3C 19 
00 FF FF 00 10 0D 22 93 00 00 02 00 00 10 1C A1 0C 00 00 12 2D 
00 FF FF 00 10 0D 22 93 00 00 02 00 00 10 1C A2 0C 00 00 1C 2C 
00 FF FF 00 10 0D 22 93 00 00 02 00 00 10 1C A3 0C 00 00 18 07 
00 FF FF 00 10 0D 22 93 00 00 02 00 00 10 1C A4 0C 00 00 10 7C 
00 FF FF 00 10 0D 22 93 00 00 02 00 00 10 1C A5 0C 00 00 09 31 
00 FF FF 00 10 0D 22 93 00 00 02 00 00 10 1C A6 0C 00 00 16 94 
00 FF FF 00 10 0D 22 93 00 00 02 00 00 10 1C A7 0C 00 00 1A 0F 
00 FF FF 00 10 0D 22 93 00 00 02 00 00 10 1C A8 0C 00 00 23 3A 
00 FF FF 00 10 0D 22 93 00 00 02 00 00 10 1C A9 0C 00 00 2C AE 
00 FF FF 00 10 0D 22 93 00 00 02 00 00 10 1C AA 0C 00 00 23 AB 
00 FF FF 00 10 0D 22 93 00 00 02 00 00 10 1C AB 0C 00 00 1E 7B 
00 FF FF 00 10 0D 22 93 00 00 02 00 00 10 1C AC 0C 00 00 15 17 
00 FF FF 00 10 0D 22 93 00 00 02 00 00 10 1C AE 0C 00 00 15 E3 
00 FF FF 00 10 0D 22 93 00 00 02 00 00 10 1C AF 0C 00 00 14 B1 
00 FF FF 00 10 0D 22 93 00 00 02 00 00 10 1C B0 0C 00 00 12 5B 
00 FF FF 00 10 0D 22 93 00 00 02 00 00 10 1C B1 0C 00 00 35 DD 
00 FF FF 00 10 0D 22 93 00 00 02 00 00 10 1C B2 0C 00 00 2F A8 
00 FF FF 00 10 0D 22 93 00 00 02 00 00 10 1C B3 0C 00 00 29 0B 
00 FF FF 00 10 0D 22 93 00 00 02 00 00 10 1C B4 0C 00 00 13 6E 
00 FF FF 00 10 0D 22 93 00 00 02 00 00 10 1C B5 0C 00 00 11 AC 
00 FF FF 00 10 0D 22 93 00 00 02 00 00 10 1C B6 0C 00 00 09 D3 
00 FF FF 00 10 0D 22 93 00 00 02 00 00 10 1C B7 0C 00 00 16 CD 
00 FF FF 00 10 0D 22 93 00 00 02 00 00 10 1C B8 0C 00 00 0E A1 
00 FF FF 00 10 0D 22 93 00 00 02 00 00 10 1C B9 0C 00 00 29 9B 
00 FF FF 00 10 0D 22 93 00 00 02 00 00 10 1C BA 0C 00 00 24 02 
00 FF FF 00 10 0D 22 93 00 00 02 00 00 10 1C BB 0C 00 00 18 2D 
00 FF FF 00 10 0D 22 93 00 00 02 00 00 10 1C BC 0C 00 00 22 15 
00 FF FF 00 10 0D 22 93 00 00 02 00 00 10 1C BD 0C 00 00 0F D5 
00 FF FF 00 10 0D 22 93 00 00 02 00 00 10 1C BE 0C 00 00 13 F6 
00 FF FF 00 10 0D 22 93 00 00 02 00 00 10 1C BF 0C 00 00 13 E7 
00 FF FF 00 10 0D 22 93 00 00 02 00 00 10 1C C0 0C 00 00 0E 26 
00 FF FF 00 10 0D 22 93 00 00 02 00 00 10 1C C1 0C 00 00 0A E1 
00 FF FF 00 10 0D 22 93 00 00 02 00 00 10 1C C2 0C 00 00 18 7A 
00 FF FF 00 10 0D 22 93 00 00 02 00 00 10 1C C3 0C 00 00 37 6E 
00 FF FF 00 10 0D 22 93 00 00 02 00 00 10 1C C5 0C 00 00 14 DA 
00 FF FF 00 10 0D 22 93 00 00 02 00 00 10 1C C6 0C 00 00 31 7A 
00 FF FF 00 10 0D 22 93 00 00 02 00 00 10 1C C7 0C 00 00 0F 47 
00 FF FF 00 10 0D 22 93 00 00 02 00 00 10 1C C8 0C 00 00 1C 83 
00 FF FF 00 10 0D 22 93 00 00 02 00 00 10 1C C9 0C 00 00 0D 23 
00 FF FF 00 10 0D 22 93 00 00 02 00 00 10 1C CA 0C 00 00 18 22 
00 FF FF 00 10 0D 22 93 00 00 02 00 00 10 1C CB 0C 00 00 2A D9 
