00 FF FF 00 10 0D 22 93 00 00 02 00 00 10 00 7C 0C 00 00 0E 98 
00 FF FF 00 10 0D 22 93 00 00 02 00 00 10 00 7D 0C 00 00 1A F9 
00 FF FF 00 10 0D 22 93 00 00 02 00 00 10 00 7F 0C 00 00 2B 2A 
00 FF FF 00 10 0D 22 93 00 00 02 00 00 10 00 80 0C 00 00 10 52 
00 FF FF 00 10 0D 22 93 00 00 02 00 00 10 00 81 0C 00 00 31 02 
00 FF FF 00 10 0D 22 93 00 00 02 00 00 10 00 82 0C 00 00 1B 81 
00 FF FF 00 10 0D 22 93 00 00 02 00 00 10 00 84 0C 00 00 21 53 
00 FF FF 00 10 0D 22 93 00 00 02 00 00 10 00 85 0C 00 00 18 ED 
00 FF FF 00 10 0D 22 93 00 00 02 00 00 10 00 87 0C 00 00 2B C5 
00 FF FF 00 10 0D 22 93 00 00 02 00 00 10 00 88 0C 00 00 33 54 
00 FF FF 00 10 0D 22 93 00 00 02 00 00 10 00 89 0C 00 00 36 A4 
00 FF FF 00 10 0D 22 93 00 00 02 00 00 10 00 8C 0C 00 00 2A DB 
00 FF FF 00 10 0D 22 93 00 00 02 00 00 10 00 90 0C 00 00 30 B1 
00 FF FF 00 10 0D 22 93 00 00 02 00 00 10 00 96 0C 00 00 1F 9B 
00 FF FF 00 10 0D 22 93 00 00 02 00 00 10 00 98 0C 00 00 28 1D 
00 FF FF 00 10 0D 22 93 00 00 02 00 00 10 00 9A 0C 00 00 2F 8A 
00 FF FF 00 10 0D 22 93 00 00 02 00 00 10 00 A0 0C 00 00 20 99 
00 FF FF 00 10 0D 22 93 00 00 02 00 00 10 00 A2 0C 00 00 35 B9 
00 FF FF 00 10 0D 22 93 00 00 02 00 00 10 00 A4 0C 00 00 31 C4 
00 FF FF 00 10 0D 22 93 00 00 02 00 00 10 00 A7 0C 00 00 17 C9 
00 FF FF 00 10 0D 22 93 00 00 02 00 00 10 00 A8 0C 00 00 2A 11 
00 FF FF 00 10 0D 22 93 00 00 02 00 00 10 00 A9 0C 00 00 14 A6 
00 FF FF 00 10 0D 22 93 00 00 02 00 00 10 00 AA 0C 00 00 3D 0A 
00 FF FF 00 10 0D 22 93 00 00 02 00 00 10 00 AD 0C 00 00 37 82 
00 FF FF 00 10 0D 22 93 00 00 02 00 00 10 00 AE 0C 00 00 2A F9 
00 FF FF 00 10 0D 22 93 00 00 02 00 00 10 00 AF 0C 00 00 0E 69 
00 FF FF 00 10 0D 22 93 00 00 02 00 00 10 00 B0 0C 00 00 18 53 
00 FF FF 00 10 0D 22 93 00 00 02 00 00 10 00 B1 0C 00 00 23 79 
00 FF FF 00 10 0D 22 93 00 00 02 00 00 10 00 B3 0C 00 00 20 65 
00 FF FF 00 10 0D 22 93 00 00 02 00 00 10 00 B5 0C 00 00 38 64 
00 FF FF 00 10 0D 22 93 00 00 02 00 00 10 00 B6 0C 00 00 32 36 
00 FF FF 00 10 0D 22 93 00 00 02 00 00 10 00 B9 0C 00 00 17 D5 
00 FF FF 00 10 0D 22 93 00 00 02 00 00 10 00 BA 0C 00 00 25 71 
00 FF FF 00 10 0D 22 93 00 00 02 00 00 10 00 BB 0C 00 00 2D 74 
00 FF FF 00 10 0D 22 93 00 00 02 00 00 10 00 BC 0C 00 00 2D 74 
00 FF FF 00 10 0D 22 93 00 00 02 00 00 10 00 BE 0C 00 00 1E DD 
00 FF FF 00 10 0D 22 93 00 00 02 00 00 10 00 C1 0C 00 00 1B CB 
00 FF FF 00 10 0D 22 93 00 00 02 00 00 10 00 C6 0C 00 00 32 F1 
00 FF FF 00 10 0D 22 93 00 00 02 00 00 10 00 C9 0C 00 00 19 01 
00 FF FF 00 10 0D 22 93 00 00 02 00 00 10 00 CA 0C 00 00 13 02 
00 FF FF 00 10 0D 22 93 00 00 02 00 00 10 00 CB 0C 00 00 20 A5 
00 FF FF 00 10 0D 22 93 00 00 02 00 00 10 00 CD 0C 00 00 34 22 
00 FF FF 00 10 0D 22 93 00 00 02 00 00 10 00 CF 0C 00 00 36 81 
00 FF FF 00 10 0D 22 93 00 00 02 00 00 10 00 D1 0C 00 00 1B B9 
00 FF FF 00 10 0D 22 93 00 00 02 00 00 10 00 D3 0C 00 00 1A 86 
00 FF FF 00 10 0D 22 93 00 00 02 00 00 10 00 D7 0C 00 00 2D 74 
00 FF FF 00 10 0D 22 93 00 00 02 00 00 10 00 D9 0C 00 00 24 DD 
00 FF FF 00 10 0D 22 93 00 00 02 00 00 10 00 DD 0C 00 00 2D 74 
00 FF FF 00 10 0D 22 93 00 00 02 00 00 10 00 DF 0C 00 00 33 54 
00 FF FF 00 10 0D 22 93 00 00 02 00 00 10 00 E1 0C 00 00 2A DE 
00 FF FF 00 10 0D 22 93 00 00 02 00 00 10 00 E3 0C 00 00 1A ED 
00 FF FF 00 10 0D 22 93 00 00 02 00 00 10 00 E6 0C 00 00 36 A4 
00 FF FF 00 10 0D 22 93 00 00 02 00 00 10 00 E7 0C 00 00 39 4A 
00 FF FF 00 10 0D 22 93 00 00 02 00 00 10 00 E9 0C 00 00 38 64 
00 FF FF 00 10 0D 22 93 00 00 02 00 00 10 00 EE 0C 00 00 34 22 
00 FF FF 00 10 0D 22 93 00 00 02 00 00 10 00 F0 0C 00 00 2E 22 
00 FF FF 00 10 0D 22 93 00 00 02 00 00 10 00 F1 0C 00 00 34 22 
00 FF FF 00 10 0D 22 93 00 00 02 00 00 10 00 F2 0C 00 00 2E 71 
00 FF FF 00 10 0D 22 93 00 00 02 00 00 10 00 F5 0C 00 00 20 FD 
00 FF FF 00 10 0D 22 93 00 00 02 00 00 10 00 F7 0C 00 00 19 F1 
00 FF FF 00 10 0D 22 93 00 00 02 00 00 10 00 F9 0C 00 00 2A 65 
00 FF FF 00 10 0D 22 93 00 00 02 00 00 10 00 FA 0C 00 00 2E C2 
00 FF FF 00 10 0D 22 93 00 00 02 00 00 10 00 FE 0C 00 00 23 09 
00 FF FF 00 10 0D 22 93 00 00 02 00 00 10 01 00 0C 00 00 39 4A 
00 FF FF 00 10 0D 22 93 00 00 02 00 00 10 01 02 0C 00 00 3A 34 
00 FF FF 00 10 0D 22 93 00 00 02 00 00 10 01 04 0C 00 00 1E 0A 
00 FF FF 00 10 0D 22 93 00 00 02 00 00 10 01 05 0C 00 00 16 6D 
00 FF FF 00 10 0D 22 93 00 00 02 00 00 10 01 08 0C 00 00 3A 34 
00 FF FF 00 10 0D 22 93 00 00 02 00 00 10 01 0D 0C 00 00 1B 3B 
00 FF FF 00 10 0D 22 93 00 00 02 00 00 10 01 0E 0C 00 00 1C 19 
00 FF FF 00 10 0D 22 93 00 00 02 00 00 10 01 0F 0C 00 00 1D 8D 
00 FF FF 00 10 0D 22 93 00 00 02 00 00 10 01 10 0C 00 00 31 02 
00 FF FF 00 10 0D 22 93 00 00 02 00 00 10 01 13 0C 00 00 2E 22 
00 FF FF 00 10 0D 22 93 00 00 02 00 00 10 01 16 0C 00 00 1B 4B 
00 FF FF 00 10 0D 22 93 00 00 02 00 00 10 01 18 0C 00 00 1C 14 
00 FF FF 00 10 0D 22 93 00 00 02 00 00 10 01 1A 0C 00 00 34 22 
00 FF FF 00 10 0D 22 93 00 00 02 00 00 10 01 1B 0C 00 00 2E 22 
00 FF FF 00 10 0D 22 93 00 00 02 00 00 10 01 21 0C 00 00 2E 22 
00 FF FF 00 10 0D 22 93 00 00 02 00 00 10 01 22 0C 00 00 3C 14 
00 FF FF 00 10 0D 22 93 00 00 02 00 00 10 01 2A 0C 00 00 26 09 
00 FF FF 00 10 0D 22 93 00 00 02 00 00 10 01 2C 0C 00 00 3C 14 
00 FF FF 00 10 0D 22 93 00 00 02 00 00 10 01 33 0C 00 00 16 F3 
00 FF FF 00 10 0D 22 93 00 00 02 00 00 10 01 35 0C 00 00 2E 22 
00 FF FF 00 10 0D 22 93 00 00 02 00 00 10 01 37 0C 00 00 1D C9 
00 FF FF 00 10 0D 22 93 00 00 02 00 00 10 01 38 0C 00 00 18 4D 
00 FF FF 00 10 0D 22 93 00 00 02 00 00 10 01 39 0C 00 00 22 5B 
00 FF FF 00 10 0D 22 93 00 00 02 00 00 10 01 3C 0C 00 00 31 C4 
00 FF FF 00 10 0D 22 93 00 00 02 00 00 10 01 3E 0C 00 00 31 55 
00 FF FF 00 10 0D 22 93 00 00 02 00 00 10 01 3F 0C 00 00 28 1D 
00 FF FF 00 10 0D 22 93 00 00 02 00 00 10 01 40 0C 00 00 1D 04 
00 FF FF 00 10 0D 22 93 00 00 02 00 00 10 01 41 0C 00 00 16 55 
00 FF FF 00 10 0D 22 93 00 00 02 00 00 10 01 44 0C 00 00 32 8A 
00 FF FF 00 10 0D 22 93 00 00 02 00 00 10 01 47 0C 00 00 25 F7 
00 FF FF 00 10 0D 22 93 00 00 02 00 00 10 01 4F 0C 00 00 2E CA 
00 FF FF 00 10 0D 22 93 00 00 02 00 00 10 01 52 0C 00 00 1C F1 
00 FF FF 00 10 0D 22 93 00 00 02 00 00 10 01 54 0C 00 00 3A 28 
00 FF FF 00 10 0D 22 93 00 00 02 00 00 10 01 56 0C 00 00 24 65 
00 FF FF 00 10 0D 22 93 00 00 02 00 00 10 01 59 0C 00 00 16 53 
00 FF FF 00 10 0D 22 93 00 00 02 00 00 10 01 5C 0C 00 00 29 56 
00 FF FF 00 10 0D 22 93 00 00 02 00 00 10 01 5F 0C 00 00 0D 8D 
00 FF FF 00 10 0D 22 93 00 00 02 00 00 10 01 60 0C 00 00 37 61 
00 FF FF 00 10 0D 22 93 00 00 02 00 00 10 01 62 0C 00 00 1B 1D 
00 FF FF 00 10 0D 22 93 00 00 02 00 00 10 01 65 0C 00 00 35 9D 
00 FF FF 00 10 0D 22 93 00 00 02 00 00 10 01 67 0C 00 00 36 A4 
00 FF FF 00 10 0D 22 93 00 00 02 00 00 10 01 6A 0C 00 00 21 3B 
00 FF FF 00 10 0D 22 93 00 00 02 00 00 10 01 6B 0C 00 00 1A 15 
00 FF FF 00 10 0D 22 93 00 00 02 00 00 10 01 6C 0C 00 00 1B 05 
00 FF FF 00 10 0D 22 93 00 00 02 00 00 10 01 6E 0C 00 00 2D 29 
00 FF FF 00 10 0D 22 93 00 00 02 00 00 10 01 6F 0C 00 00 2C CA 
00 FF FF 00 10 0D 22 93 00 00 02 00 00 10 01 70 0C 00 00 19 3B 
00 FF FF 00 10 0D 22 93 00 00 02 00 00 10 01 72 0C 00 00 2A 6B 
00 FF FF 00 10 0D 22 93 00 00 02 00 00 10 01 73 0C 00 00 1C D3 
00 FF FF 00 10 0D 22 93 00 00 02 00 00 10 01 74 0C 00 00 19 19 
00 FF FF 00 10 0D 22 93 00 00 02 00 00 10 01 76 0C 00 00 33 DB 
00 FF FF 00 10 0D 22 93 00 00 02 00 00 10 01 77 0C 00 00 30 44 
00 FF FF 00 10 0D 22 93 00 00 02 00 00 10 01 78 0C 00 00 30 44 
00 FF FF 00 10 0D 22 93 00 00 02 00 00 10 01 7C 0C 00 00 19 06 
00 FF FF 00 10 0D 22 93 00 00 02 00 00 10 01 7D 0C 00 00 1B 75 
00 FF FF 00 10 0D 22 93 00 00 02 00 00 10 01 7F 0C 00 00 31 02 
00 FF FF 00 10 0D 22 93 00 00 02 00 00 10 01 83 0C 00 00 2A F9 
00 FF FF 00 10 0D 22 93 00 00 02 00 00 10 01 84 0C 00 00 1D 99 
00 FF FF 00 10 0D 22 93 00 00 02 00 00 10 01 85 0C 00 00 11 44 
00 FF FF 00 10 0D 22 93 00 00 02 00 00 10 01 87 0C 00 00 36 71 
00 FF FF 00 10 0D 22 93 00 00 02 00 00 10 01 8A 0C 00 00 2C CA 
00 FF FF 00 10 0D 22 93 00 00 02 00 00 10 01 8E 0C 00 00 1A 45 
00 FF FF 00 10 0D 22 93 00 00 02 00 00 10 01 8F 0C 00 00 27 7B 
00 FF FF 00 10 0D 22 93 00 00 02 00 00 10 01 91 0C 00 00 1D 1D 
00 FF FF 00 10 0D 22 93 00 00 02 00 00 10 01 93 0C 00 00 36 A4 
00 FF FF 00 10 0D 22 93 00 00 02 00 00 10 01 9A 0C 00 00 3C 14 
00 FF FF 00 10 0D 22 93 00 00 02 00 00 10 01 9C 0C 00 00 34 C1 
00 FF FF 00 10 0D 22 93 00 00 02 00 00 10 01 9E 0C 00 00 18 C9 
00 FF FF 00 10 0D 22 93 00 00 02 00 00 10 01 A0 0C 00 00 24 D1 
00 FF FF 00 10 0D 22 93 00 00 02 00 00 10 01 A5 0C 00 00 2C 55 
00 FF FF 00 10 0D 22 93 00 00 02 00 00 10 01 A6 0C 00 00 1D 0D 
00 FF FF 00 10 0D 22 93 00 00 02 00 00 10 01 A7 0C 00 00 16 D9 
00 FF FF 00 10 0D 22 93 00 00 02 00 00 10 01 A8 0C 00 00 1D 93 
00 FF FF 00 10 0D 22 93 00 00 02 00 00 10 01 A9 0C 00 00 17 CD 
00 FF FF 00 10 0D 22 93 00 00 02 00 00 10 01 AA 0C 00 00 24 5D 
00 FF FF 00 10 0D 22 93 00 00 02 00 00 10 01 AB 0C 00 00 35 CA 
00 FF FF 00 10 0D 22 93 00 00 02 00 00 10 01 AF 0C 00 00 1A F1 
00 FF FF 00 10 0D 22 93 00 00 02 00 00 10 01 B2 0C 00 00 17 EE 
00 FF FF 00 10 0D 22 93 00 00 02 00 00 10 01 B3 0C 00 00 2F 09 
00 FF FF 00 10 0D 22 93 00 00 02 00 00 10 01 B8 0C 00 00 1B D1 
00 FF FF 00 10 0D 22 93 00 00 02 00 00 10 01 B9 0C 00 00 0F 05 
00 FF FF 00 10 0D 22 93 00 00 02 00 00 10 01 BB 0C 00 00 31 50 
00 FF FF 00 10 0D 22 93 00 00 02 00 00 10 01 BD 0C 00 00 33 54 
00 FF FF 00 10 0D 22 93 00 00 02 00 00 10 01 BE 0C 00 00 2C 79 
00 FF FF 00 10 0D 22 93 00 00 02 00 00 10 01 BF 0C 00 00 24 54 
00 FF FF 00 10 0D 22 93 00 00 02 00 00 10 01 C6 0C 00 00 2E 22 
00 FF FF 00 10 0D 22 93 00 00 02 00 00 10 01 C7 0C 00 00 20 7D 
00 FF FF 00 10 0D 22 93 00 00 02 00 00 10 01 CE 0C 00 00 38 64 
00 FF FF 00 10 0D 22 93 00 00 02 00 00 10 01 D2 0C 00 00 1D 99 
00 FF FF 00 10 0D 22 93 00 00 02 00 00 10 01 D7 0C 00 00 34 22 
00 FF FF 00 10 0D 22 93 00 00 02 00 00 10 01 D8 0C 00 00 2A BE 
00 FF FF 00 10 0D 22 93 00 00 02 00 00 10 01 D9 0C 00 00 1E 11 
00 FF FF 00 10 0D 22 93 00 00 02 00 00 10 01 DF 0C 00 00 3B 22 
00 FF FF 00 10 0D 22 93 00 00 02 00 00 10 01 E0 0C 00 00 2C 8D 
00 FF FF 00 10 0D 22 93 00 00 02 00 00 10 01 E4 0C 00 00 20 B1 
00 FF FF 00 10 0D 22 93 00 00 02 00 00 10 01 E6 0C 00 00 14 91 
00 FF FF 00 10 0D 22 93 00 00 02 00 00 10 01 E7 0C 00 00 33 54 
00 FF FF 00 10 0D 22 93 00 00 02 00 00 10 01 E8 0C 00 00 2F B9 
00 FF FF 00 10 0D 22 93 00 00 02 00 00 10 01 E9 0C 00 00 2F A5 
00 FF FF 00 10 0D 22 93 00 00 02 00 00 10 01 EA 0C 00 00 20 A9 
00 FF FF 00 10 0D 22 93 00 00 02 00 00 10 01 EB 0C 00 00 17 99 
00 FF FF 00 10 0D 22 93 00 00 02 00 00 10 01 EE 0C 00 00 18 E6 
00 FF FF 00 10 0D 22 93 00 00 02 00 00 10 01 EF 0C 00 00 2C CA 
00 FF FF 00 10 0D 22 93 00 00 02 00 00 10 01 F0 0C 00 00 30 44 
00 FF FF 00 10 0D 22 93 00 00 02 00 00 10 01 F1 0C 00 00 30 71 
00 FF FF 00 10 0D 22 93 00 00 02 00 00 10 01 F2 0C 00 00 26 75 
00 FF FF 00 10 0D 22 93 00 00 02 00 00 10 01 F3 0C 00 00 1A 09 
00 FF FF 00 10 0D 22 93 00 00 02 00 00 10 01 F4 0C 00 00 13 95 
00 FF FF 00 10 0D 22 93 00 00 02 00 00 10 02 01 0C 00 00 33 54 
00 FF FF 00 10 0D 22 93 00 00 02 00 00 10 02 02 0C 00 00 32 F1 
00 FF FF 00 10 0D 22 93 00 00 02 00 00 10 02 05 0C 00 00 23 45 
00 FF FF 00 10 0D 22 93 00 00 02 00 00 10 02 07 0C 00 00 2E D4 
00 FF FF 00 10 0D 22 93 00 00 02 00 00 10 02 0A 0C 00 00 2F 2E 
00 FF FF 00 10 0D 22 93 00 00 02 00 00 10 02 0D 0C 00 00 16 FD 
00 FF FF 00 10 0D 22 93 00 00 02 00 00 10 02 0F 0C 00 00 2D FA 
00 FF FF 00 10 0D 22 93 00 00 02 00 00 10 02 10 0C 00 00 2E 22 
00 FF FF 00 10 0D 22 93 00 00 02 00 00 10 02 12 0C 00 00 2F 8A 
00 FF FF 00 10 0D 22 93 00 00 02 00 00 10 02 16 0C 00 00 1D 49 
00 FF FF 00 10 0D 22 93 00 00 02 00 00 10 02 18 0C 00 00 2D 28 
00 FF FF 00 10 0D 22 93 00 00 02 00 00 10 02 1C 0C 00 00 28 53 
00 FF FF 00 10 0D 22 93 00 00 02 00 00 10 02 20 0C 00 00 2F B1 
00 FF FF 00 10 0D 22 93 00 00 02 00 00 10 02 22 0C 00 00 28 D3 
00 FF FF 00 10 0D 22 93 00 00 02 00 00 10 02 24 0C 00 00 36 75 
00 FF FF 00 10 0D 22 93 00 00 02 00 00 10 02 27 0C 00 00 17 85 
00 FF FF 00 10 0D 22 93 00 00 02 00 00 10 02 29 0C 00 00 37 75 
00 FF FF 00 10 0D 22 93 00 00 02 00 00 10 02 2B 0C 00 00 2E D4 
00 FF FF 00 10 0D 22 93 00 00 02 00 00 10 02 2C 0C 00 00 31 C4 
00 FF FF 00 10 0D 22 93 00 00 02 00 00 10 02 2E 0C 00 00 20 1B 
00 FF FF 00 10 0D 22 93 00 00 02 00 00 10 02 30 0C 00 00 1A 5D 
00 FF FF 00 10 0D 22 93 00 00 02 00 00 10 02 31 0C 00 00 27 6B 
00 FF FF 00 10 0D 22 93 00 00 02 00 00 10 02 32 0C 00 00 3C 14 
00 FF FF 00 10 0D 22 93 00 00 02 00 00 10 02 33 0C 00 00 3A 34 
00 FF FF 00 10 0D 22 93 00 00 02 00 00 10 02 36 0C 00 00 28 CB 
00 FF FF 00 10 0D 22 93 00 00 02 00 00 10 02 37 0C 00 00 1D 45 
00 FF FF 00 10 0D 22 93 00 00 02 00 00 10 02 38 0C 00 00 1A 15 
00 FF FF 00 10 0D 22 93 00 00 02 00 00 10 02 3B 0C 00 00 30 44 
00 FF FF 00 10 0D 22 93 00 00 02 00 00 10 02 3C 0C 00 00 34 22 
00 FF FF 00 10 0D 22 93 00 00 02 00 00 10 02 3D 0C 00 00 34 F4 
00 FF FF 00 10 0D 22 93 00 00 02 00 00 10 02 3E 0C 00 00 2E 3D 
00 FF FF 00 10 0D 22 93 00 00 02 00 00 10 02 3F 0C 00 00 20 6D 
00 FF FF 00 10 0D 22 93 00 00 02 00 00 10 02 40 0C 00 00 17 A9 
00 FF FF 00 10 0D 22 93 00 00 02 00 00 10 02 42 0C 00 00 2B C5 
00 FF FF 00 10 0D 22 93 00 00 02 00 00 10 02 43 0C 00 00 33 54 
00 FF FF 00 10 0D 22 93 00 00 02 00 00 10 02 45 0C 00 00 2E 22 
00 FF FF 00 10 0D 22 93 00 00 02 00 00 10 02 46 0C 00 00 31 90 
00 FF FF 00 10 0D 22 93 00 00 02 00 00 10 02 48 0C 00 00 1C 74 
00 FF FF 00 10 0D 22 93 00 00 02 00 00 10 02 49 0C 00 00 16 8B 
00 FF FF 00 10 0D 22 93 00 00 02 00 00 10 02 4B 0C 00 00 31 C4 
00 FF FF 00 10 0D 22 93 00 00 02 00 00 10 02 4C 0C 00 00 34 22 
00 FF FF 00 10 0D 22 93 00 00 02 00 00 10 02 4D 0C 00 00 2E 22 
00 FF FF 00 10 0D 22 93 00 00 02 00 00 10 02 4E 0C 00 00 3B 22 
00 FF FF 00 10 0D 22 93 00 00 02 00 00 10 02 50 0C 00 00 21 C9 
00 FF FF 00 10 0D 22 93 00 00 02 00 00 10 02 51 0C 00 00 18 1A 
00 FF FF 00 10 0D 22 93 00 00 02 00 00 10 02 53 0C 00 00 2B 0D 
00 FF FF 00 10 0D 22 93 00 00 02 00 00 10 02 54 0C 00 00 29 0B 
00 FF FF 00 10 0D 22 93 00 00 02 00 00 10 02 58 0C 00 00 23 BC 
00 FF FF 00 10 0D 22 93 00 00 02 00 00 10 02 59 0C 00 00 1D 25 
00 FF FF 00 10 0D 22 93 00 00 02 00 00 10 02 5A 0C 00 00 16 CD 
00 FF FF 00 10 0D 22 93 00 00 02 00 00 10 02 5C 0C 00 00 2C 33 
00 FF FF 00 10 0D 22 93 00 00 02 00 00 10 02 5D 0C 00 00 32 8A 
00 FF FF 00 10 0D 22 93 00 00 02 00 00 10 02 5F 0C 00 00 31 C4 
00 FF FF 00 10 0D 22 93 00 00 02 00 00 10 02 60 0C 00 00 34 A4 
00 FF FF 00 10 0D 22 93 00 00 02 00 00 10 02 63 0C 00 00 1F 49 
00 FF FF 00 10 0D 22 93 00 00 02 00 00 10 02 66 0C 00 00 3C 14 
00 FF FF 00 10 0D 22 93 00 00 02 00 00 10 02 67 0C 00 00 2B 0D 
00 FF FF 00 10 0D 22 93 00 00 02 00 00 10 02 69 0C 00 00 2A F5 
00 FF FF 00 10 0D 22 93 00 00 02 00 00 10 02 6A 0C 00 00 1C 46 
00 FF FF 00 10 0D 22 93 00 00 02 00 00 10 02 6B 0C 00 00 18 53 
00 FF FF 00 10 0D 22 93 00 00 02 00 00 10 02 6D 0C 00 00 37 59 
00 FF FF 00 10 0D 22 93 00 00 02 00 00 10 02 70 0C 00 00 2E CB 
00 FF FF 00 10 0D 22 93 00 00 02 00 00 10 02 71 0C 00 00 1B F1 
00 FF FF 00 10 0D 22 93 00 00 02 00 00 10 02 74 0C 00 00 0F 67 
00 FF FF 00 10 0D 22 93 00 00 02 00 00 10 02 75 0C 00 00 29 13 
00 FF FF 00 10 0D 22 93 00 00 02 00 00 10 02 77 0C 00 00 19 0E 
00 FF FF 00 10 0D 22 93 00 00 02 00 00 10 02 78 0C 00 00 19 DD 
00 FF FF 00 10 0D 22 93 00 00 02 00 00 10 02 7A 0C 00 00 19 1E 
00 FF FF 00 10 0D 22 93 00 00 02 00 00 10 02 7D 0C 00 00 1F 3D 
00 FF FF 00 10 0D 22 93 00 00 02 00 00 10 02 7E 0C 00 00 2C B1 
00 FF FF 00 10 0D 22 93 00 00 02 00 00 10 02 7F 0C 00 00 31 C4 
00 FF FF 00 10 0D 22 93 00 00 02 00 00 10 02 80 0C 00 00 2C CA 
00 FF FF 00 10 0D 22 93 00 00 02 00 00 10 02 81 0C 00 00 31 02 
00 FF FF 00 10 0D 22 93 00 00 02 00 00 10 02 82 0C 00 00 2E 05 
00 FF FF 00 10 0D 22 93 00 00 02 00 00 10 02 83 0C 00 00 23 AB 
00 FF FF 00 10 0D 22 93 00 00 02 00 00 10 02 84 0C 00 00 1D 5B 
00 FF FF 00 10 0D 22 93 00 00 02 00 00 10 02 86 0C 00 00 29 BD 
00 FF FF 00 10 0D 22 93 00 00 02 00 00 10 02 87 0C 00 00 2E D4 
00 FF FF 00 10 0D 22 93 00 00 02 00 00 10 02 88 0C 00 00 1C C9 
00 FF FF 00 10 0D 22 93 00 00 02 00 00 10 02 89 0C 00 00 17 FD 
00 FF FF 00 10 0D 22 93 00 00 02 00 00 10 02 8A 0C 00 00 34 F4 
00 FF FF 00 10 0D 22 93 00 00 02 00 00 10 02 8B 0C 00 00 2B D0 
00 FF FF 00 10 0D 22 93 00 00 02 00 00 10 02 8C 0C 00 00 1E 33 
00 FF FF 00 10 0D 22 93 00 00 02 00 00 10 02 8D 0C 00 00 16 9B 
00 FF FF 00 10 0D 22 93 00 00 02 00 00 10 02 8E 0C 00 00 10 86 
00 FF FF 00 10 0D 22 93 00 00 02 00 00 10 02 8F 0C 00 00 37 61 
00 FF FF 00 10 0D 22 93 00 00 02 00 00 10 02 90 0C 00 00 37 82 
00 FF FF 00 10 0D 22 93 00 00 02 00 00 10 02 91 0C 00 00 37 82 
00 FF FF 00 10 0D 22 93 00 00 02 00 00 10 02 92 0C 00 00 32 8A 
00 FF FF 00 10 0D 22 93 00 00 02 00 00 10 02 93 0C 00 00 28 FD 
00 FF FF 00 10 0D 22 93 00 00 02 00 00 10 02 97 0C 00 00 26 33 
00 FF FF 00 10 0D 22 93 00 00 02 00 00 10 02 98 0C 00 00 36 A4 
00 FF FF 00 10 0D 22 93 00 00 02 00 00 10 02 9A 0C 00 00 2C CA 
00 FF FF 00 10 0D 22 93 00 00 02 00 00 10 02 9B 0C 00 00 38 64 
00 FF FF 00 10 0D 22 93 00 00 02 00 00 10 02 9C 0C 00 00 22 5C 
00 FF FF 00 10 0D 22 93 00 00 02 00 00 10 02 9D 0C 00 00 1D A5 
00 FF FF 00 10 0D 22 93 00 00 02 00 00 10 02 9E 0C 00 00 1B F5 
00 FF FF 00 10 0D 22 93 00 00 02 00 00 10 02 9F 0C 00 00 1F 3D 
00 FF FF 00 10 0D 22 93 00 00 02 00 00 10 02 A0 0C 00 00 2E 0D 
00 FF FF 00 10 0D 22 93 00 00 02 00 00 10 02 A6 0C 00 00 1C 13 
00 FF FF 00 10 0D 22 93 00 00 02 00 00 10 02 A7 0C 00 00 18 F2 
00 FF FF 00 10 0D 22 93 00 00 02 00 00 10 02 A8 0C 00 00 1F 0D 
00 FF FF 00 10 0D 22 93 00 00 02 00 00 10 02 AC 0C 00 00 34 22 
00 FF FF 00 10 0D 22 93 00 00 02 00 00 10 02 AD 0C 00 00 2E 01 
00 FF FF 00 10 0D 22 93 00 00 02 00 00 10 02 AF 0C 00 00 1B 06 
00 FF FF 00 10 0D 22 93 00 00 02 00 00 10 02 B0 0C 00 00 23 69 
00 FF FF 00 10 0D 22 93 00 00 02 00 00 10 02 B1 0C 00 00 10 F4 
00 FF FF 00 10 0D 22 93 00 00 02 00 00 10 02 B2 0C 00 00 16 32 
00 FF FF 00 10 0D 22 93 00 00 02 00 00 10 02 B3 0C 00 00 39 4A 
00 FF FF 00 10 0D 22 93 00 00 02 00 00 10 02 B6 0C 00 00 25 79 
00 FF FF 00 10 0D 22 93 00 00 02 00 00 10 02 B8 0C 00 00 18 71 
00 FF FF 00 10 0D 22 93 00 00 02 00 00 10 02 BA 0C 00 00 31 02 
00 FF FF 00 10 0D 22 93 00 00 02 00 00 10 02 BD 0C 00 00 2C C1 
00 FF FF 00 10 0D 22 93 00 00 02 00 00 10 02 BE 0C 00 00 2F 2D 
00 FF FF 00 10 0D 22 93 00 00 02 00 00 10 02 C1 0C 00 00 1B ED 
00 FF FF 00 10 0D 22 93 00 00 02 00 00 10 02 C3 0C 00 00 1A AB 
00 FF FF 00 10 0D 22 93 00 00 02 00 00 10 02 C5 0C 00 00 34 F4 
00 FF FF 00 10 0D 22 93 00 00 02 00 00 10 02 C7 0C 00 00 26 75 
00 FF FF 00 10 0D 22 93 00 00 02 00 00 10 02 CA 0C 00 00 1D 8D 
00 FF FF 00 10 0D 22 93 00 00 02 00 00 10 02 CB 0C 00 00 34 22 
00 FF FF 00 10 0D 22 93 00 00 02 00 00 10 02 D0 0C 00 00 1E 95 
00 FF FF 00 10 0D 22 93 00 00 02 00 00 10 02 D1 0C 00 00 1D 1B 
00 FF FF 00 10 0D 22 93 00 00 02 00 00 10 02 D2 0C 00 00 1E FB 
00 FF FF 00 10 0D 22 93 00 00 02 00 00 10 02 D3 0C 00 00 24 7D 
00 FF FF 00 10 0D 22 93 00 00 02 00 00 10 02 D5 0C 00 00 39 3B 
00 FF FF 00 10 0D 22 93 00 00 02 00 00 10 02 D9 0C 00 00 18 E9 
00 FF FF 00 10 0D 22 93 00 00 02 00 00 10 02 DC 0C 00 00 32 8A 
00 FF FF 00 10 0D 22 93 00 00 02 00 00 10 02 E5 0C 00 00 37 82 
00 FF FF 00 10 0D 22 93 00 00 02 00 00 10 02 E7 0C 00 00 31 02 
00 FF FF 00 10 0D 22 93 00 00 02 00 00 10 02 E9 0C 00 00 14 88 
00 FF FF 00 10 0D 22 93 00 00 02 00 00 10 02 EB 0C 00 00 19 79 
00 FF FF 00 10 0D 22 93 00 00 02 00 00 10 02 ED 0C 00 00 3A 34 
00 FF FF 00 10 0D 22 93 00 00 02 00 00 10 02 EF 0C 00 00 33 54 
00 FF FF 00 10 0D 22 93 00 00 02 00 00 10 02 F0 0C 00 00 3B 22 
00 FF FF 00 10 0D 22 93 00 00 02 00 00 10 02 F1 0C 00 00 31 55 
00 FF FF 00 10 0D 22 93 00 00 02 00 00 10 02 F2 0C 00 00 21 0B 
00 FF FF 00 10 0D 22 93 00 00 02 00 00 10 02 F4 0C 00 00 1A 09 
00 FF FF 00 10 0D 22 93 00 00 02 00 00 10 02 F6 0C 00 00 3C 14 
00 FF FF 00 10 0D 22 93 00 00 02 00 00 10 02 F8 0C 00 00 3C 14 
00 FF FF 00 10 0D 22 93 00 00 02 00 00 10 02 F9 0C 00 00 3A 26 
00 FF FF 00 10 0D 22 93 00 00 02 00 00 10 02 FA 0C 00 00 17 48 
00 FF FF 00 10 0D 22 93 00 00 02 00 00 10 02 FC 0C 00 00 1B A4 
00 FF FF 00 10 0D 22 93 00 00 02 00 00 10 02 FD 0C 00 00 22 19 
00 FF FF 00 10 0D 22 93 00 00 02 00 00 10 02 FE 0C 00 00 2D 4D 
00 FF FF 00 10 0D 22 93 00 00 02 00 00 10 02 FF 0C 00 00 39 4A 
00 FF FF 00 10 0D 22 93 00 00 02 00 00 10 03 02 0C 00 00 2D 74 
00 FF FF 00 10 0D 22 93 00 00 02 00 00 10 03 03 0C 00 00 20 99 
00 FF FF 00 10 0D 22 93 00 00 02 00 00 10 03 06 0C 00 00 30 89 
00 FF FF 00 10 0D 22 93 00 00 02 00 00 10 03 07 0C 00 00 1D A5 
00 FF FF 00 10 0D 22 93 00 00 02 00 00 10 03 0B 0C 00 00 23 2D 
00 FF FF 00 10 0D 22 93 00 00 02 00 00 10 03 0C 0C 00 00 1B 81 
00 FF FF 00 10 0D 22 93 00 00 02 00 00 10 03 0F 0C 00 00 2B 2A 
00 FF FF 00 10 0D 22 93 00 00 02 00 00 10 03 10 0C 00 00 37 82 
00 FF FF 00 10 0D 22 93 00 00 02 00 00 10 03 11 0C 00 00 36 A4 
00 FF FF 00 10 0D 22 93 00 00 02 00 00 10 03 12 0C 00 00 30 44 
00 FF FF 00 10 0D 22 93 00 00 02 00 00 10 03 14 0C 00 00 1E A6 
00 FF FF 00 10 0D 22 93 00 00 02 00 00 10 03 17 0C 00 00 2B 01 
00 FF FF 00 10 0D 22 93 00 00 02 00 00 10 03 1A 0C 00 00 2D 74 
00 FF FF 00 10 0D 22 93 00 00 02 00 00 10 03 1B 0C 00 00 1D D6 
00 FF FF 00 10 0D 22 93 00 00 02 00 00 10 03 1C 0C 00 00 26 DB 
00 FF FF 00 10 0D 22 93 00 00 02 00 00 10 03 1E 0C 00 00 15 E4 
00 FF FF 00 10 0D 22 93 00 00 02 00 00 10 03 20 0C 00 00 2C 55 
00 FF FF 00 10 0D 22 93 00 00 02 00 00 10 03 21 0C 00 00 2E D4 
00 FF FF 00 10 0D 22 93 00 00 02 00 00 10 03 23 0C 00 00 32 8A 
00 FF FF 00 10 0D 22 93 00 00 02 00 00 10 03 27 0C 00 00 20 A9 
00 FF FF 00 10 0D 22 93 00 00 02 00 00 10 03 28 0C 00 00 27 6B 
00 FF FF 00 10 0D 22 93 00 00 02 00 00 10 03 2C 0C 00 00 32 33 
00 FF FF 00 10 0D 22 93 00 00 02 00 00 10 03 2E 0C 00 00 1E 7D 
00 FF FF 00 10 0D 22 93 00 00 02 00 00 10 03 2F 0C 00 00 1C C1 
00 FF FF 00 10 0D 22 93 00 00 02 00 00 10 03 30 0C 00 00 1C 3B 
00 FF FF 00 10 0D 22 93 00 00 02 00 00 10 03 31 0C 00 00 38 45 
00 FF FF 00 10 0D 22 93 00 00 02 00 00 10 03 32 0C 00 00 3C 14 
00 FF FF 00 10 0D 22 93 00 00 02 00 00 10 03 33 0C 00 00 34 22 
00 FF FF 00 10 0D 22 93 00 00 02 00 00 10 03 34 0C 00 00 2C CA 
00 FF FF 00 10 0D 22 93 00 00 02 00 00 10 03 38 0C 00 00 17 5D 
00 FF FF 00 10 0D 22 93 00 00 02 00 00 10 03 3A 0C 00 00 28 B9 
00 FF FF 00 10 0D 22 93 00 00 02 00 00 10 03 40 0C 00 00 17 B5 
00 FF FF 00 10 0D 22 93 00 00 02 00 00 10 03 41 0C 00 00 24 7D 
00 FF FF 00 10 0D 22 93 00 00 02 00 00 10 03 44 0C 00 00 33 54 
00 FF FF 00 10 0D 22 93 00 00 02 00 00 10 03 46 0C 00 00 2F C1 
00 FF FF 00 10 0D 22 93 00 00 02 00 00 10 03 47 0C 00 00 22 8E 
00 FF FF 00 10 0D 22 93 00 00 02 00 00 10 03 48 0C 00 00 18 AD 
00 FF FF 00 10 0D 22 93 00 00 02 00 00 10 03 49 0C 00 00 15 A4 
00 FF FF 00 10 0D 22 93 00 00 02 00 00 10 03 4A 0C 00 00 27 7B 
00 FF FF 00 10 0D 22 93 00 00 02 00 00 10 03 4B 0C 00 00 34 22 
00 FF FF 00 10 0D 22 93 00 00 02 00 00 10 03 4C 0C 00 00 31 C4 
00 FF FF 00 10 0D 22 93 00 00 02 00 00 10 03 4D 0C 00 00 35 CA 
00 FF FF 00 10 0D 22 93 00 00 02 00 00 10 03 4E 0C 00 00 31 C4 
00 FF FF 00 10 0D 22 93 00 00 02 00 00 10 03 4F 0C 00 00 2B B3 
00 FF FF 00 10 0D 22 93 00 00 02 00 00 10 03 50 0C 00 00 1E AA 
00 FF FF 00 10 0D 22 93 00 00 02 00 00 10 03 54 0C 00 00 2E 22 
00 FF FF 00 10 0D 22 93 00 00 02 00 00 10 03 55 0C 00 00 32 8A 
00 FF FF 00 10 0D 22 93 00 00 02 00 00 10 03 56 0C 00 00 34 22 
00 FF FF 00 10 0D 22 93 00 00 02 00 00 10 03 59 0C 00 00 1C 31 
00 FF FF 00 10 0D 22 93 00 00 02 00 00 10 03 5A 0C 00 00 14 96 
00 FF FF 00 10 0D 22 93 00 00 02 00 00 10 03 5B 0C 00 00 27 89 
00 FF FF 00 10 0D 22 93 00 00 02 00 00 10 03 5C 0C 00 00 2E 22 
00 FF FF 00 10 0D 22 93 00 00 02 00 00 10 03 5D 0C 00 00 31 02 
00 FF FF 00 10 0D 22 93 00 00 02 00 00 10 03 5E 0C 00 00 33 54 
00 FF FF 00 10 0D 22 93 00 00 02 00 00 10 03 5F 0C 00 00 2E 22 
00 FF FF 00 10 0D 22 93 00 00 02 00 00 10 03 60 0C 00 00 2B D0 
00 FF FF 00 10 0D 22 93 00 00 02 00 00 10 03 61 0C 00 00 1C D9 
00 FF FF 00 10 0D 22 93 00 00 02 00 00 10 03 62 0C 00 00 18 4B 
00 FF FF 00 10 0D 22 93 00 00 02 00 00 10 03 64 0C 00 00 2B 31 
00 FF FF 00 10 0D 22 93 00 00 02 00 00 10 03 65 0C 00 00 3B 22 
00 FF FF 00 10 0D 22 93 00 00 02 00 00 10 03 67 0C 00 00 31 02 
00 FF FF 00 10 0D 22 93 00 00 02 00 00 10 03 68 0C 00 00 2C 75 
00 FF FF 00 10 0D 22 93 00 00 02 00 00 10 03 69 0C 00 00 15 4B 
00 FF FF 00 10 0D 22 93 00 00 02 00 00 10 03 6B 0C 00 00 14 71 
00 FF FF 00 10 0D 22 93 00 00 02 00 00 10 03 6C 0C 00 00 21 C5 
00 FF FF 00 10 0D 22 93 00 00 02 00 00 10 03 6D 0C 00 00 3A 34 
00 FF FF 00 10 0D 22 93 00 00 02 00 00 10 03 6F 0C 00 00 38 64 
00 FF FF 00 10 0D 22 93 00 00 02 00 00 10 03 72 0C 00 00 1B 75 
00 FF FF 00 10 0D 22 93 00 00 02 00 00 10 03 73 0C 00 00 17 25 
00 FF FF 00 10 0D 22 93 00 00 02 00 00 10 03 75 0C 00 00 2F 9D 
00 FF FF 00 10 0D 22 93 00 00 02 00 00 10 03 78 0C 00 00 30 44 
00 FF FF 00 10 0D 22 93 00 00 02 00 00 10 03 7C 0C 00 00 1C 3B 
00 FF FF 00 10 0D 22 93 00 00 02 00 00 10 03 7F 0C 00 00 3B 22 
00 FF FF 00 10 0D 22 93 00 00 02 00 00 10 03 82 0C 00 00 2E 29 
00 FF FF 00 10 0D 22 93 00 00 02 00 00 10 03 83 0C 00 00 1D B5 
00 FF FF 00 10 0D 22 93 00 00 02 00 00 10 03 84 0C 00 00 1B 53 
00 FF FF 00 10 0D 22 93 00 00 02 00 00 10 03 87 0C 00 00 32 8A 
00 FF FF 00 10 0D 22 93 00 00 02 00 00 10 03 89 0C 00 00 36 A4 
00 FF FF 00 10 0D 22 93 00 00 02 00 00 10 03 8A 0C 00 00 18 B5 
00 FF FF 00 10 0D 22 93 00 00 02 00 00 10 03 8B 0C 00 00 24 AE 
00 FF FF 00 10 0D 22 93 00 00 02 00 00 10 03 8D 0C 00 00 19 EB 
00 FF FF 00 10 0D 22 93 00 00 02 00 00 10 03 90 0C 00 00 2E 22 
00 FF FF 00 10 0D 22 93 00 00 02 00 00 10 03 91 0C 00 00 34 22 
00 FF FF 00 10 0D 22 93 00 00 02 00 00 10 03 92 0C 00 00 38 64 
00 FF FF 00 10 0D 22 93 00 00 02 00 00 10 03 93 0C 00 00 2B 88 
00 FF FF 00 10 0D 22 93 00 00 02 00 00 10 03 97 0C 00 00 28 FD 
00 FF FF 00 10 0D 22 93 00 00 02 00 00 10 03 9A 0C 00 00 35 CA 
00 FF FF 00 10 0D 22 93 00 00 02 00 00 10 03 9C 0C 00 00 25 79 
00 FF FF 00 10 0D 22 93 00 00 02 00 00 10 03 A2 0C 00 00 39 4A 
00 FF FF 00 10 0D 22 93 00 00 02 00 00 10 03 A3 0C 00 00 39 4A 
00 FF FF 00 10 0D 22 93 00 00 02 00 00 10 03 A4 0C 00 00 2F ED 
00 FF FF 00 10 0D 22 93 00 00 02 00 00 10 03 A6 0C 00 00 1A 81 
00 FF FF 00 10 0D 22 93 00 00 02 00 00 10 03 A7 0C 00 00 1C 49 
00 FF FF 00 10 0D 22 93 00 00 02 00 00 10 03 AD 0C 00 00 26 75 
00 FF FF 00 10 0D 22 93 00 00 02 00 00 10 03 AE 0C 00 00 19 C1 
00 FF FF 00 10 0D 22 93 00 00 02 00 00 10 03 AF 0C 00 00 17 75 
00 FF FF 00 10 0D 22 93 00 00 02 00 00 10 03 B9 0C 00 00 2C 75 
00 FF FF 00 10 0D 22 93 00 00 02 00 00 10 03 BA 0C 00 00 34 F4 
00 FF FF 00 10 0D 22 93 00 00 02 00 00 10 03 BC 0C 00 00 33 54 
00 FF FF 00 10 0D 22 93 00 00 02 00 00 10 03 BD 0C 00 00 35 92 
00 FF FF 00 10 0D 22 93 00 00 02 00 00 10 03 BE 0C 00 00 14 DE 
00 FF FF 00 10 0D 22 93 00 00 02 00 00 10 03 BF 0C 00 00 1A D3 
00 FF FF 00 10 0D 22 93 00 00 02 00 00 10 03 C0 0C 00 00 18 15 
00 FF FF 00 10 0D 22 93 00 00 02 00 00 10 03 C1 0C 00 00 18 EC 
00 FF FF 00 10 0D 22 93 00 00 02 00 00 10 03 C2 0C 00 00 2D 74 
00 FF FF 00 10 0D 22 93 00 00 02 00 00 10 03 C3 0C 00 00 27 FA 
00 FF FF 00 10 0D 22 93 00 00 02 00 00 10 03 C4 0C 00 00 38 64 
00 FF FF 00 10 0D 22 93 00 00 02 00 00 10 03 C5 0C 00 00 23 DB 
00 FF FF 00 10 0D 22 93 00 00 02 00 00 10 03 C7 0C 00 00 21 71 
00 FF FF 00 10 0D 22 93 00 00 02 00 00 10 03 C8 0C 00 00 16 FD 
00 FF FF 00 10 0D 22 93 00 00 02 00 00 10 03 CB 0C 00 00 35 CA 
00 FF FF 00 10 0D 22 93 00 00 02 00 00 10 03 CC 0C 00 00 1B 59 
00 FF FF 00 10 0D 22 93 00 00 02 00 00 10 03 CE 0C 00 00 2C 8D 
00 FF FF 00 10 0D 22 93 00 00 02 00 00 10 03 D2 0C 00 00 26 93 
00 FF FF 00 10 0D 22 93 00 00 02 00 00 10 03 D3 0C 00 00 2F 8A 
00 FF FF 00 10 0D 22 93 00 00 02 00 00 10 03 D6 0C 00 00 1A 4B 
00 FF FF 00 10 0D 22 93 00 00 02 00 00 10 03 D8 0C 00 00 1F 0B 
00 FF FF 00 10 0D 22 93 00 00 02 00 00 10 03 D9 0C 00 00 12 76 
00 FF FF 00 10 0D 22 93 00 00 02 00 00 10 03 DA 0C 00 00 1A 31 
00 FF FF 00 10 0D 22 93 00 00 02 00 00 10 03 DF 0C 00 00 2E 19 
00 FF FF 00 10 0D 22 93 00 00 02 00 00 10 03 E5 0C 00 00 32 8A 
00 FF FF 00 10 0D 22 93 00 00 02 00 00 10 03 E7 0C 00 00 3A 34 
00 FF FF 00 10 0D 22 93 00 00 02 00 00 10 03 E8 0C 00 00 2F D5 
00 FF FF 00 10 0D 22 93 00 00 02 00 00 10 03 E9 0C 00 00 21 93 
00 FF FF 00 10 0D 22 93 00 00 02 00 00 10 03 ED 0C 00 00 34 22 
00 FF FF 00 10 0D 22 93 00 00 02 00 00 10 03 EE 0C 00 00 37 82 
00 FF FF 00 10 0D 22 93 00 00 02 00 00 10 03 F0 0C 00 00 2C 55 
00 FF FF 00 10 0D 22 93 00 00 02 00 00 10 03 F2 0C 00 00 1B BD 
00 FF FF 00 10 0D 22 93 00 00 02 00 00 10 03 F4 0C 00 00 23 45 
00 FF FF 00 10 0D 22 93 00 00 02 00 00 10 03 F5 0C 00 00 33 54 
00 FF FF 00 10 0D 22 93 00 00 02 00 00 10 04 00 0C 00 00 2E 39 
00 FF FF 00 10 0D 22 93 00 00 02 00 00 10 04 02 0C 00 00 28 6D 
00 FF FF 00 10 0D 22 93 00 00 02 00 00 10 04 03 0C 00 00 1C 79 
00 FF FF 00 10 0D 22 93 00 00 02 00 00 10 04 06 0C 00 00 2E B1 
00 FF FF 00 10 0D 22 93 00 00 02 00 00 10 04 09 0C 00 00 31 C4 
00 FF FF 00 10 0D 22 93 00 00 02 00 00 10 04 0A 0C 00 00 32 33 
00 FF FF 00 10 0D 22 93 00 00 02 00 00 10 04 0B 0C 00 00 21 C5 
00 FF FF 00 10 0D 22 93 00 00 02 00 00 10 04 0C 0C 00 00 1C C5 
00 FF FF 00 10 0D 22 93 00 00 02 00 00 10 04 0F 0C 00 00 1A 1B 
00 FF FF 00 10 0D 22 93 00 00 02 00 00 10 04 12 0C 00 00 2E 55 
00 FF FF 00 10 0D 22 93 00 00 02 00 00 10 04 13 0C 00 00 2A 9B 
00 FF FF 00 10 0D 22 93 00 00 02 00 00 10 04 15 0C 00 00 17 DB 
00 FF FF 00 10 0D 22 93 00 00 02 00 00 10 04 17 0C 00 00 2A DB 
00 FF FF 00 10 0D 22 93 00 00 02 00 00 10 04 18 0C 00 00 2F 8A 
00 FF FF 00 10 0D 22 93 00 00 02 00 00 10 04 1C 0C 00 00 20 B1 
00 FF FF 00 10 0D 22 93 00 00 02 00 00 10 04 1D 0C 00 00 1A 3D 
00 FF FF 00 10 0D 22 93 00 00 02 00 00 10 04 1E 0C 00 00 1D 01 
00 FF FF 00 10 0D 22 93 00 00 02 00 00 10 04 1F 0C 00 00 24 C9 
00 FF FF 00 10 0D 22 93 00 00 02 00 00 10 04 20 0C 00 00 32 8A 
00 FF FF 00 10 0D 22 93 00 00 02 00 00 10 04 21 0C 00 00 31 02 
00 FF FF 00 10 0D 22 93 00 00 02 00 00 10 04 23 0C 00 00 37 6A 
00 FF FF 00 10 0D 22 93 00 00 02 00 00 10 04 24 0C 00 00 20 8A 
00 FF FF 00 10 0D 22 93 00 00 02 00 00 10 04 25 0C 00 00 1C CB 
00 FF FF 00 10 0D 22 93 00 00 02 00 00 10 04 26 0C 00 00 19 D3 
00 FF FF 00 10 0D 22 93 00 00 02 00 00 10 04 27 0C 00 00 26 75 
00 FF FF 00 10 0D 22 93 00 00 02 00 00 10 04 28 0C 00 00 2E 71 
00 FF FF 00 10 0D 22 93 00 00 02 00 00 10 04 2C 0C 00 00 18 22 
00 FF FF 00 10 0D 22 93 00 00 02 00 00 10 04 34 0C 00 00 38 49 
00 FF FF 00 10 0D 22 93 00 00 02 00 00 10 04 36 0C 00 00 1D 7B 
00 FF FF 00 10 0D 22 93 00 00 02 00 00 10 04 38 0C 00 00 22 CD 
00 FF FF 00 10 0D 22 93 00 00 02 00 00 10 04 39 0C 00 00 2E 29 
00 FF FF 00 10 0D 22 93 00 00 02 00 00 10 04 3A 0C 00 00 3A 34 
00 FF FF 00 10 0D 22 93 00 00 02 00 00 10 04 3B 0C 00 00 2C CA 
00 FF FF 00 10 0D 22 93 00 00 02 00 00 10 04 3C 0C 00 00 2D 74 
00 FF FF 00 10 0D 22 93 00 00 02 00 00 10 04 3D 0C 00 00 32 45 
00 FF FF 00 10 0D 22 93 00 00 02 00 00 10 04 3E 0C 00 00 22 61 
00 FF FF 00 10 0D 22 93 00 00 02 00 00 10 04 3F 0C 00 00 18 71 
00 FF FF 00 10 0D 22 93 00 00 02 00 00 10 04 40 0C 00 00 19 D9 
00 FF FF 00 10 0D 22 93 00 00 02 00 00 10 04 41 0C 00 00 2C 15 
00 FF FF 00 10 0D 22 93 00 00 02 00 00 10 04 42 0C 00 00 33 54 
00 FF FF 00 10 0D 22 93 00 00 02 00 00 10 04 45 0C 00 00 31 02 
00 FF FF 00 10 0D 22 93 00 00 02 00 00 10 04 46 0C 00 00 1D CA 
00 FF FF 00 10 0D 22 93 00 00 02 00 00 10 04 47 0C 00 00 1C 0D 
00 FF FF 00 10 0D 22 93 00 00 02 00 00 10 04 49 0C 00 00 13 16 
00 FF FF 00 10 0D 22 93 00 00 02 00 00 10 04 4A 0C 00 00 29 93 
00 FF FF 00 10 0D 22 93 00 00 02 00 00 10 04 4B 0C 00 00 34 F4 
00 FF FF 00 10 0D 22 93 00 00 02 00 00 10 04 4F 0C 00 00 24 29 
00 FF FF 00 10 0D 22 93 00 00 02 00 00 10 04 50 0C 00 00 18 D5 
00 FF FF 00 10 0D 22 93 00 00 02 00 00 10 04 52 0C 00 00 20 2B 
00 FF FF 00 10 0D 22 93 00 00 02 00 00 10 04 53 0C 00 00 31 C4 
00 FF FF 00 10 0D 22 93 00 00 02 00 00 10 04 55 0C 00 00 34 22 
00 FF FF 00 10 0D 22 93 00 00 02 00 00 10 04 56 0C 00 00 35 CA 
00 FF FF 00 10 0D 22 93 00 00 02 00 00 10 04 57 0C 00 00 2B 01 
00 FF FF 00 10 0D 22 93 00 00 02 00 00 10 04 58 0C 00 00 0C B3 
00 FF FF 00 10 0D 22 93 00 00 02 00 00 10 04 59 0C 00 00 1C 8B 
00 FF FF 00 10 0D 22 93 00 00 02 00 00 10 04 5B 0C 00 00 18 5E 
00 FF FF 00 10 0D 22 93 00 00 02 00 00 10 04 5D 0C 00 00 3C 14 
00 FF FF 00 10 0D 22 93 00 00 02 00 00 10 04 5E 0C 00 00 2C 3B 
00 FF FF 00 10 0D 22 93 00 00 02 00 00 10 04 5F 0C 00 00 2B B5 
00 FF FF 00 10 0D 22 93 00 00 02 00 00 10 04 60 0C 00 00 22 8B 
00 FF FF 00 10 0D 22 93 00 00 02 00 00 10 04 64 0C 00 00 3A 34 
00 FF FF 00 10 0D 22 93 00 00 02 00 00 10 04 67 0C 00 00 29 A9 
00 FF FF 00 10 0D 22 93 00 00 02 00 00 10 04 68 0C 00 00 1C 02 
00 FF FF 00 10 0D 22 93 00 00 02 00 00 10 04 69 0C 00 00 1F 49 
00 FF FF 00 10 0D 22 93 00 00 02 00 00 10 04 6C 0C 00 00 2E D3 
00 FF FF 00 10 0D 22 93 00 00 02 00 00 10 04 6E 0C 00 00 37 82 
00 FF FF 00 10 0D 22 93 00 00 02 00 00 10 04 6F 0C 00 00 30 44 
00 FF FF 00 10 0D 22 93 00 00 02 00 00 10 04 71 0C 00 00 23 A5 
00 FF FF 00 10 0D 22 93 00 00 02 00 00 10 04 72 0C 00 00 1B 71 
00 FF FF 00 10 0D 22 93 00 00 02 00 00 10 04 73 0C 00 00 19 31 
00 FF FF 00 10 0D 22 93 00 00 02 00 00 10 04 74 0C 00 00 1F 13 
00 FF FF 00 10 0D 22 93 00 00 02 00 00 10 04 76 0C 00 00 3C 14 
00 FF FF 00 10 0D 22 93 00 00 02 00 00 10 04 77 0C 00 00 2D 74 
00 FF FF 00 10 0D 22 93 00 00 02 00 00 10 04 7B 0C 00 00 16 85 
00 FF FF 00 10 0D 22 93 00 00 02 00 00 10 04 7E 0C 00 00 35 CA 
00 FF FF 00 10 0D 22 93 00 00 02 00 00 10 04 7F 0C 00 00 2C CA 
00 FF FF 00 10 0D 22 93 00 00 02 00 00 10 04 80 0C 00 00 19 8C 
00 FF FF 00 10 0D 22 93 00 00 02 00 00 10 04 81 0C 00 00 34 B5 
00 FF FF 00 10 0D 22 93 00 00 02 00 00 10 04 82 0C 00 00 25 85 
00 FF FF 00 10 0D 22 93 00 00 02 00 00 10 04 83 0C 00 00 17 E2 
00 FF FF 00 10 0D 22 93 00 00 02 00 00 10 04 84 0C 00 00 18 9B 
00 FF FF 00 10 0D 22 93 00 00 02 00 00 10 04 86 0C 00 00 31 C4 
00 FF FF 00 10 0D 22 93 00 00 02 00 00 10 04 8C 0C 00 00 1C 5B 
