00 FF FF 00 10 0D 22 93 00 00 02 00 00 10 07 06 0C 00 00 33 54 
00 FF FF 00 10 0D 22 93 00 00 02 00 00 10 07 07 0C 00 00 34 22 
00 FF FF 00 10 0D 22 93 00 00 02 00 00 10 07 09 0C 00 00 2E 5D 
00 FF FF 00 10 0D 22 93 00 00 02 00 00 10 07 0A 0C 00 00 1F CB 
00 FF FF 00 10 0D 22 93 00 00 02 00 00 10 07 0B 0C 00 00 16 9D 
00 FF FF 00 10 0D 22 93 00 00 02 00 00 10 07 10 0C 00 00 36 A4 
00 FF FF 00 10 0D 22 93 00 00 02 00 00 10 07 12 0C 00 00 25 52 
00 FF FF 00 10 0D 22 93 00 00 02 00 00 10 07 14 0C 00 00 1A D3 
00 FF FF 00 10 0D 22 93 00 00 02 00 00 10 07 15 0C 00 00 24 65 
00 FF FF 00 10 0D 22 93 00 00 02 00 00 10 07 16 0C 00 00 2D 74 
00 FF FF 00 10 0D 22 93 00 00 02 00 00 10 07 17 0C 00 00 35 CA 
00 FF FF 00 10 0D 22 93 00 00 02 00 00 10 07 19 0C 00 00 32 8A 
00 FF FF 00 10 0D 22 93 00 00 02 00 00 10 07 1A 0C 00 00 2B 88 
00 FF FF 00 10 0D 22 93 00 00 02 00 00 10 07 1C 0C 00 00 16 8C 
00 FF FF 00 10 0D 22 93 00 00 02 00 00 10 07 1F 0C 00 00 34 F4 
00 FF FF 00 10 0D 22 93 00 00 02 00 00 10 07 20 0C 00 00 37 82 
00 FF FF 00 10 0D 22 93 00 00 02 00 00 10 07 21 0C 00 00 2B 0D 
00 FF FF 00 10 0D 22 93 00 00 02 00 00 10 07 22 0C 00 00 32 ED 
00 FF FF 00 10 0D 22 93 00 00 02 00 00 10 07 23 0C 00 00 26 DB 
00 FF FF 00 10 0D 22 93 00 00 02 00 00 10 07 25 0C 00 00 16 BB 
00 FF FF 00 10 0D 22 93 00 00 02 00 00 10 07 27 0C 00 00 1A 4B 
00 FF FF 00 10 0D 22 93 00 00 02 00 00 10 07 28 0C 00 00 1F 8B 
00 FF FF 00 10 0D 22 93 00 00 02 00 00 10 07 29 0C 00 00 12 DA 
00 FF FF 00 10 0D 22 93 00 00 02 00 00 10 07 2B 0C 00 00 14 CE 
00 FF FF 00 10 0D 22 93 00 00 02 00 00 10 07 2D 0C 00 00 1A 21 
00 FF FF 00 10 0D 22 93 00 00 02 00 00 10 07 30 0C 00 00 35 CA 
00 FF FF 00 10 0D 22 93 00 00 02 00 00 10 07 31 0C 00 00 38 64 
00 FF FF 00 10 0D 22 93 00 00 02 00 00 10 07 32 0C 00 00 2D 74 
00 FF FF 00 10 0D 22 93 00 00 02 00 00 10 07 33 0C 00 00 19 EE 
00 FF FF 00 10 0D 22 93 00 00 02 00 00 10 07 36 0C 00 00 19 9B 
00 FF FF 00 10 0D 22 93 00 00 02 00 00 10 07 37 0C 00 00 22 01 
00 FF FF 00 10 0D 22 93 00 00 02 00 00 10 07 38 0C 00 00 39 4A 
00 FF FF 00 10 0D 22 93 00 00 02 00 00 10 07 3A 0C 00 00 3A 34 
00 FF FF 00 10 0D 22 93 00 00 02 00 00 10 07 3B 0C 00 00 17 6D 
00 FF FF 00 10 0D 22 93 00 00 02 00 00 10 07 3E 0C 00 00 1C 2B 
00 FF FF 00 10 0D 22 93 00 00 02 00 00 10 07 40 0C 00 00 29 81 
00 FF FF 00 10 0D 22 93 00 00 02 00 00 10 07 41 0C 00 00 2F 8A 
00 FF FF 00 10 0D 22 93 00 00 02 00 00 10 07 43 0C 00 00 17 ED 
00 FF FF 00 10 0D 22 93 00 00 02 00 00 10 07 44 0C 00 00 35 8B 
00 FF FF 00 10 0D 22 93 00 00 02 00 00 10 07 49 0C 00 00 2A 52 
00 FF FF 00 10 0D 22 93 00 00 02 00 00 10 07 4D 0C 00 00 19 6A 
00 FF FF 00 10 0D 22 93 00 00 02 00 00 10 07 4E 0C 00 00 20 5D 
00 FF FF 00 10 0D 22 93 00 00 02 00 00 10 07 4F 0C 00 00 1A 8B 
00 FF FF 00 10 0D 22 93 00 00 02 00 00 10 07 50 0C 00 00 1E D5 
00 FF FF 00 10 0D 22 93 00 00 02 00 00 10 07 52 0C 00 00 32 8A 
00 FF FF 00 10 0D 22 93 00 00 02 00 00 10 07 53 0C 00 00 38 64 
00 FF FF 00 10 0D 22 93 00 00 02 00 00 10 07 54 0C 00 00 18 69 
00 FF FF 00 10 0D 22 93 00 00 02 00 00 10 07 55 0C 00 00 32 F9 
00 FF FF 00 10 0D 22 93 00 00 02 00 00 10 07 58 0C 00 00 14 22 
00 FF FF 00 10 0D 22 93 00 00 02 00 00 10 07 5A 0C 00 00 33 28 
00 FF FF 00 10 0D 22 93 00 00 02 00 00 10 07 5C 0C 00 00 37 82 
00 FF FF 00 10 0D 22 93 00 00 02 00 00 10 07 5D 0C 00 00 1C EB 
00 FF FF 00 10 0D 22 93 00 00 02 00 00 10 07 5E 0C 00 00 2C 96 
00 FF FF 00 10 0D 22 93 00 00 02 00 00 10 07 60 0C 00 00 14 AE 
00 FF FF 00 10 0D 22 93 00 00 02 00 00 10 07 61 0C 00 00 16 E9 
00 FF FF 00 10 0D 22 93 00 00 02 00 00 10 07 63 0C 00 00 2E 22 
00 FF FF 00 10 0D 22 93 00 00 02 00 00 10 07 65 0C 00 00 3A 34 
00 FF FF 00 10 0D 22 93 00 00 02 00 00 10 07 67 0C 00 00 28 D3 
00 FF FF 00 10 0D 22 93 00 00 02 00 00 10 07 68 0C 00 00 1B 09 
00 FF FF 00 10 0D 22 93 00 00 02 00 00 10 07 69 0C 00 00 17 1B 
00 FF FF 00 10 0D 22 93 00 00 02 00 00 10 07 6A 0C 00 00 21 B3 
00 FF FF 00 10 0D 22 93 00 00 02 00 00 10 07 6B 0C 00 00 3A 28 
00 FF FF 00 10 0D 22 93 00 00 02 00 00 10 07 6C 0C 00 00 34 22 
00 FF FF 00 10 0D 22 93 00 00 02 00 00 10 07 6E 0C 00 00 33 54 
00 FF FF 00 10 0D 22 93 00 00 02 00 00 10 07 6F 0C 00 00 2D 6B 
00 FF FF 00 10 0D 22 93 00 00 02 00 00 10 07 70 0C 00 00 14 17 
00 FF FF 00 10 0D 22 93 00 00 02 00 00 10 07 71 0C 00 00 17 2A 
00 FF FF 00 10 0D 22 93 00 00 02 00 00 10 07 72 0C 00 00 1F 55 
00 FF FF 00 10 0D 22 93 00 00 02 00 00 10 07 74 0C 00 00 37 82 
00 FF FF 00 10 0D 22 93 00 00 02 00 00 10 07 75 0C 00 00 30 44 
00 FF FF 00 10 0D 22 93 00 00 02 00 00 10 07 76 0C 00 00 33 54 
00 FF FF 00 10 0D 22 93 00 00 02 00 00 10 07 77 0C 00 00 2F 4A 
00 FF FF 00 10 0D 22 93 00 00 02 00 00 10 07 78 0C 00 00 1A 9A 
00 FF FF 00 10 0D 22 93 00 00 02 00 00 10 07 7A 0C 00 00 17 61 
00 FF FF 00 10 0D 22 93 00 00 02 00 00 10 07 7B 0C 00 00 1B 5D 
00 FF FF 00 10 0D 22 93 00 00 02 00 00 10 07 7C 0C 00 00 37 5A 
00 FF FF 00 10 0D 22 93 00 00 02 00 00 10 07 7D 0C 00 00 3A 34 
00 FF FF 00 10 0D 22 93 00 00 02 00 00 10 07 7E 0C 00 00 36 A4 
00 FF FF 00 10 0D 22 93 00 00 02 00 00 10 07 7F 0C 00 00 2E 22 
00 FF FF 00 10 0D 22 93 00 00 02 00 00 10 07 81 0C 00 00 22 79 
00 FF FF 00 10 0D 22 93 00 00 02 00 00 10 07 83 0C 00 00 14 6A 
00 FF FF 00 10 0D 22 93 00 00 02 00 00 10 07 84 0C 00 00 22 F5 
00 FF FF 00 10 0D 22 93 00 00 02 00 00 10 07 85 0C 00 00 31 C4 
00 FF FF 00 10 0D 22 93 00 00 02 00 00 10 07 87 0C 00 00 3B 22 
00 FF FF 00 10 0D 22 93 00 00 02 00 00 10 07 88 0C 00 00 33 3D 
00 FF FF 00 10 0D 22 93 00 00 02 00 00 10 07 89 0C 00 00 2A 4B 
00 FF FF 00 10 0D 22 93 00 00 02 00 00 10 07 8A 0C 00 00 1D 5D 
00 FF FF 00 10 0D 22 93 00 00 02 00 00 10 07 8B 0C 00 00 11 0F 
00 FF FF 00 10 0D 22 93 00 00 02 00 00 10 07 8C 0C 00 00 1F 6D 
00 FF FF 00 10 0D 22 93 00 00 02 00 00 10 07 8D 0C 00 00 22 BC 
00 FF FF 00 10 0D 22 93 00 00 02 00 00 10 07 90 0C 00 00 38 64 
00 FF FF 00 10 0D 22 93 00 00 02 00 00 10 07 91 0C 00 00 31 68 
00 FF FF 00 10 0D 22 93 00 00 02 00 00 10 07 92 0C 00 00 22 5B 
00 FF FF 00 10 0D 22 93 00 00 02 00 00 10 07 95 0C 00 00 2A 6B 
00 FF FF 00 10 0D 22 93 00 00 02 00 00 10 07 96 0C 00 00 2E F1 
00 FF FF 00 10 0D 22 93 00 00 02 00 00 10 07 99 0C 00 00 31 C4 
00 FF FF 00 10 0D 22 93 00 00 02 00 00 10 07 9A 0C 00 00 1C D9 
00 FF FF 00 10 0D 22 93 00 00 02 00 00 10 07 9B 0C 00 00 1E 29 
00 FF FF 00 10 0D 22 93 00 00 02 00 00 10 07 A0 0C 00 00 3B 22 
00 FF FF 00 10 0D 22 93 00 00 02 00 00 10 07 A1 0C 00 00 25 9D 
00 FF FF 00 10 0D 22 93 00 00 02 00 00 10 07 A2 0C 00 00 32 36 
00 FF FF 00 10 0D 22 93 00 00 02 00 00 10 07 A3 0C 00 00 22 F5 
00 FF FF 00 10 0D 22 93 00 00 02 00 00 10 07 A4 0C 00 00 1A 31 
00 FF FF 00 10 0D 22 93 00 00 02 00 00 10 07 A6 0C 00 00 1F F4 
00 FF FF 00 10 0D 22 93 00 00 02 00 00 10 07 AA 0C 00 00 31 02 
00 FF FF 00 10 0D 22 93 00 00 02 00 00 10 07 AD 0C 00 00 17 A9 
00 FF FF 00 10 0D 22 93 00 00 02 00 00 10 07 AF 0C 00 00 29 2D 
00 FF FF 00 10 0D 22 93 00 00 02 00 00 10 07 B0 0C 00 00 38 64 
00 FF FF 00 10 0D 22 93 00 00 02 00 00 10 07 B2 0C 00 00 30 44 
00 FF FF 00 10 0D 22 93 00 00 02 00 00 10 07 B5 0C 00 00 19 9D 
00 FF FF 00 10 0D 22 93 00 00 02 00 00 10 07 BB 0C 00 00 35 8D 
00 FF FF 00 10 0D 22 93 00 00 02 00 00 10 07 BC 0C 00 00 2C 8D 
00 FF FF 00 10 0D 22 93 00 00 02 00 00 10 07 BD 0C 00 00 1F 13 
00 FF FF 00 10 0D 22 93 00 00 02 00 00 10 07 C5 0C 00 00 24 2D 
00 FF FF 00 10 0D 22 93 00 00 02 00 00 10 07 C6 0C 00 00 13 D9 
00 FF FF 00 10 0D 22 93 00 00 02 00 00 10 07 CB 0C 00 00 1D 71 
00 FF FF 00 10 0D 22 93 00 00 02 00 00 10 07 CC 0C 00 00 3A 34 
00 FF FF 00 10 0D 22 93 00 00 02 00 00 10 07 CD 0C 00 00 2D 6B 
00 FF FF 00 10 0D 22 93 00 00 02 00 00 10 07 CE 0C 00 00 1E 41 
00 FF FF 00 10 0D 22 93 00 00 02 00 00 10 07 CF 0C 00 00 17 69 
00 FF FF 00 10 0D 22 93 00 00 02 00 00 10 07 D1 0C 00 00 28 55 
00 FF FF 00 10 0D 22 93 00 00 02 00 00 10 07 D2 0C 00 00 2E D4 
00 FF FF 00 10 0D 22 93 00 00 02 00 00 10 07 D3 0C 00 00 35 CA 
00 FF FF 00 10 0D 22 93 00 00 02 00 00 10 07 D4 0C 00 00 31 C4 
00 FF FF 00 10 0D 22 93 00 00 02 00 00 10 07 D5 0C 00 00 37 6A 
00 FF FF 00 10 0D 22 93 00 00 02 00 00 10 07 D7 0C 00 00 19 D3 
00 FF FF 00 10 0D 22 93 00 00 02 00 00 10 07 D8 0C 00 00 17 B5 
00 FF FF 00 10 0D 22 93 00 00 02 00 00 10 07 D9 0C 00 00 11 0A 
00 FF FF 00 10 0D 22 93 00 00 02 00 00 10 07 DA 0C 00 00 2C CA 
00 FF FF 00 10 0D 22 93 00 00 02 00 00 10 07 DC 0C 00 00 3A 34 
00 FF FF 00 10 0D 22 93 00 00 02 00 00 10 07 DD 0C 00 00 34 22 
00 FF FF 00 10 0D 22 93 00 00 02 00 00 10 07 DE 0C 00 00 2E 29 
00 FF FF 00 10 0D 22 93 00 00 02 00 00 10 07 DF 0C 00 00 1E D1 
00 FF FF 00 10 0D 22 93 00 00 02 00 00 10 07 E1 0C 00 00 1F C1 
00 FF FF 00 10 0D 22 93 00 00 02 00 00 10 07 E3 0C 00 00 34 22 
00 FF FF 00 10 0D 22 93 00 00 02 00 00 10 07 E4 0C 00 00 2E 22 
00 FF FF 00 10 0D 22 93 00 00 02 00 00 10 07 E5 0C 00 00 1C EB 
00 FF FF 00 10 0D 22 93 00 00 02 00 00 10 07 E6 0C 00 00 2E 05 
00 FF FF 00 10 0D 22 93 00 00 02 00 00 10 07 E7 0C 00 00 25 6D 
00 FF FF 00 10 0D 22 93 00 00 02 00 00 10 07 E8 0C 00 00 1B 4D 
00 FF FF 00 10 0D 22 93 00 00 02 00 00 10 07 E9 0C 00 00 16 EB 
00 FF FF 00 10 0D 22 93 00 00 02 00 00 10 07 EA 0C 00 00 25 C1 
00 FF FF 00 10 0D 22 93 00 00 02 00 00 10 07 EB 0C 00 00 2C CA 
00 FF FF 00 10 0D 22 93 00 00 02 00 00 10 07 ED 0C 00 00 39 4A 
00 FF FF 00 10 0D 22 93 00 00 02 00 00 10 07 EE 0C 00 00 2C CA 
00 FF FF 00 10 0D 22 93 00 00 02 00 00 10 07 EF 0C 00 00 2F 2D 
00 FF FF 00 10 0D 22 93 00 00 02 00 00 10 07 F0 0C 00 00 18 E6 
00 FF FF 00 10 0D 22 93 00 00 02 00 00 10 07 F1 0C 00 00 1A 79 
00 FF FF 00 10 0D 22 93 00 00 02 00 00 10 07 F3 0C 00 00 28 31 
00 FF FF 00 10 0D 22 93 00 00 02 00 00 10 07 F4 0C 00 00 39 4A 
00 FF FF 00 10 0D 22 93 00 00 02 00 00 10 07 F6 0C 00 00 32 8A 
00 FF FF 00 10 0D 22 93 00 00 02 00 00 10 07 F7 0C 00 00 2F 9D 
00 FF FF 00 10 0D 22 93 00 00 02 00 00 10 07 F8 0C 00 00 14 E6 
00 FF FF 00 10 0D 22 93 00 00 02 00 00 10 07 F9 0C 00 00 1A 31 
00 FF FF 00 10 0D 22 93 00 00 02 00 00 10 07 FA 0C 00 00 1A 82 
00 FF FF 00 10 0D 22 93 00 00 02 00 00 10 07 FB 0C 00 00 1D 8D 
00 FF FF 00 10 0D 22 93 00 00 02 00 00 10 07 FD 0C 00 00 39 4A 
00 FF FF 00 10 0D 22 93 00 00 02 00 00 10 07 FE 0C 00 00 31 02 
00 FF FF 00 10 0D 22 93 00 00 02 00 00 10 07 FF 0C 00 00 34 22 
00 FF FF 00 10 0D 22 93 00 00 02 00 00 10 08 01 0C 00 00 12 22 
00 FF FF 00 10 0D 22 93 00 00 02 00 00 10 08 02 0C 00 00 11 6C 
00 FF FF 00 10 0D 22 93 00 00 02 00 00 10 08 03 0C 00 00 10 DC 
00 FF FF 00 10 0D 22 93 00 00 02 00 00 10 08 04 0C 00 00 2C 75 
00 FF FF 00 10 0D 22 93 00 00 02 00 00 10 08 05 0C 00 00 34 F4 
00 FF FF 00 10 0D 22 93 00 00 02 00 00 10 08 06 0C 00 00 2D 74 
00 FF FF 00 10 0D 22 93 00 00 02 00 00 10 08 08 0C 00 00 2C 97 
00 FF FF 00 10 0D 22 93 00 00 02 00 00 10 08 09 0C 00 00 26 C9 
00 FF FF 00 10 0D 22 93 00 00 02 00 00 10 08 0A 0C 00 00 1C 3B 
00 FF FF 00 10 0D 22 93 00 00 02 00 00 10 08 0B 0C 00 00 16 A4 
00 FF FF 00 10 0D 22 93 00 00 02 00 00 10 08 0C 0C 00 00 24 99 
00 FF FF 00 10 0D 22 93 00 00 02 00 00 10 08 0D 0C 00 00 31 02 
00 FF FF 00 10 0D 22 93 00 00 02 00 00 10 08 0E 0C 00 00 3A 34 
00 FF FF 00 10 0D 22 93 00 00 02 00 00 10 08 0F 0C 00 00 12 61 
00 FF FF 00 10 0D 22 93 00 00 02 00 00 10 08 10 0C 00 00 3A 34 
00 FF FF 00 10 0D 22 93 00 00 02 00 00 10 08 12 0C 00 00 1E 8D 
00 FF FF 00 10 0D 22 93 00 00 02 00 00 10 08 13 0C 00 00 19 6D 
00 FF FF 00 10 0D 22 93 00 00 02 00 00 10 08 14 0C 00 00 16 DC 
00 FF FF 00 10 0D 22 93 00 00 02 00 00 10 08 16 0C 00 00 34 22 
00 FF FF 00 10 0D 22 93 00 00 02 00 00 10 08 18 0C 00 00 39 4A 
00 FF FF 00 10 0D 22 93 00 00 02 00 00 10 08 20 0C 00 00 2D 74 
00 FF FF 00 10 0D 22 93 00 00 02 00 00 10 08 21 0C 00 00 2E 22 
00 FF FF 00 10 0D 22 93 00 00 02 00 00 10 08 23 0C 00 00 20 2B 
00 FF FF 00 10 0D 22 93 00 00 02 00 00 10 08 24 0C 00 00 19 2B 
00 FF FF 00 10 0D 22 93 00 00 02 00 00 10 08 27 0C 00 00 35 CA 
00 FF FF 00 10 0D 22 93 00 00 02 00 00 10 08 29 0C 00 00 2D 74 
00 FF FF 00 10 0D 22 93 00 00 02 00 00 10 08 2B 0C 00 00 28 6D 
00 FF FF 00 10 0D 22 93 00 00 02 00 00 10 08 2E 0C 00 00 1F 2B 
00 FF FF 00 10 0D 22 93 00 00 02 00 00 10 08 2F 0C 00 00 2A 4E 
00 FF FF 00 10 0D 22 93 00 00 02 00 00 10 08 32 0C 00 00 39 4A 
00 FF FF 00 10 0D 22 93 00 00 02 00 00 10 08 34 0C 00 00 20 BD 
00 FF FF 00 10 0D 22 93 00 00 02 00 00 10 08 35 0C 00 00 16 FD 
00 FF FF 00 10 0D 22 93 00 00 02 00 00 10 08 37 0C 00 00 29 85 
00 FF FF 00 10 0D 22 93 00 00 02 00 00 10 08 38 0C 00 00 3A 34 
00 FF FF 00 10 0D 22 93 00 00 02 00 00 10 08 39 0C 00 00 39 4A 
00 FF FF 00 10 0D 22 93 00 00 02 00 00 10 08 3A 0C 00 00 37 82 
00 FF FF 00 10 0D 22 93 00 00 02 00 00 10 08 3C 0C 00 00 28 FD 
00 FF FF 00 10 0D 22 93 00 00 02 00 00 10 08 3D 0C 00 00 1B 51 
00 FF FF 00 10 0D 22 93 00 00 02 00 00 10 08 40 0C 00 00 20 4B 
00 FF FF 00 10 0D 22 93 00 00 02 00 00 10 08 43 0C 00 00 2D 74 
00 FF FF 00 10 0D 22 93 00 00 02 00 00 10 08 44 0C 00 00 2D 72 
00 FF FF 00 10 0D 22 93 00 00 02 00 00 10 08 45 0C 00 00 21 35 
00 FF FF 00 10 0D 22 93 00 00 02 00 00 10 08 46 0C 00 00 16 91 
00 FF FF 00 10 0D 22 93 00 00 02 00 00 10 08 47 0C 00 00 19 7A 
00 FF FF 00 10 0D 22 93 00 00 02 00 00 10 08 49 0C 00 00 2F 8A 
00 FF FF 00 10 0D 22 93 00 00 02 00 00 10 08 4A 0C 00 00 2F 8A 
00 FF FF 00 10 0D 22 93 00 00 02 00 00 10 08 4B 0C 00 00 3A 34 
00 FF FF 00 10 0D 22 93 00 00 02 00 00 10 08 4C 0C 00 00 32 45 
00 FF FF 00 10 0D 22 93 00 00 02 00 00 10 08 4D 0C 00 00 2A 11 
00 FF FF 00 10 0D 22 93 00 00 02 00 00 10 08 4E 0C 00 00 1E BD 
00 FF FF 00 10 0D 22 93 00 00 02 00 00 10 08 50 0C 00 00 1A ED 
00 FF FF 00 10 0D 22 93 00 00 02 00 00 10 08 51 0C 00 00 1D 3E 
00 FF FF 00 10 0D 22 93 00 00 02 00 00 10 08 52 0C 00 00 2F 8A 
00 FF FF 00 10 0D 22 93 00 00 02 00 00 10 08 53 0C 00 00 2E 6A 
00 FF FF 00 10 0D 22 93 00 00 02 00 00 10 08 55 0C 00 00 33 C9 
00 FF FF 00 10 0D 22 93 00 00 02 00 00 10 08 59 0C 00 00 27 6B 
00 FF FF 00 10 0D 22 93 00 00 02 00 00 10 08 5B 0C 00 00 31 02 
00 FF FF 00 10 0D 22 93 00 00 02 00 00 10 08 5D 0C 00 00 14 7F 
00 FF FF 00 10 0D 22 93 00 00 02 00 00 10 08 5F 0C 00 00 1C 13 
00 FF FF 00 10 0D 22 93 00 00 02 00 00 10 08 60 0C 00 00 18 5D 
00 FF FF 00 10 0D 22 93 00 00 02 00 00 10 08 62 0C 00 00 2A 35 
00 FF FF 00 10 0D 22 93 00 00 02 00 00 10 08 63 0C 00 00 30 44 
00 FF FF 00 10 0D 22 93 00 00 02 00 00 10 08 65 0C 00 00 3C 14 
00 FF FF 00 10 0D 22 93 00 00 02 00 00 10 08 67 0C 00 00 22 8B 
00 FF FF 00 10 0D 22 93 00 00 02 00 00 10 08 68 0C 00 00 19 E5 
00 FF FF 00 10 0D 22 93 00 00 02 00 00 10 08 6A 0C 00 00 21 45 
00 FF FF 00 10 0D 22 93 00 00 02 00 00 10 08 6B 0C 00 00 2D 74 
00 FF FF 00 10 0D 22 93 00 00 02 00 00 10 08 6C 0C 00 00 30 44 
00 FF FF 00 10 0D 22 93 00 00 02 00 00 10 08 6D 0C 00 00 1D 61 
00 FF FF 00 10 0D 22 93 00 00 02 00 00 10 08 6E 0C 00 00 17 F9 
00 FF FF 00 10 0D 22 93 00 00 02 00 00 10 08 70 0C 00 00 0B 2C 
00 FF FF 00 10 0D 22 93 00 00 02 00 00 10 08 71 0C 00 00 17 5D 
00 FF FF 00 10 0D 22 93 00 00 02 00 00 10 08 72 0C 00 00 1B 09 
00 FF FF 00 10 0D 22 93 00 00 02 00 00 10 08 73 0C 00 00 28 CD 
00 FF FF 00 10 0D 22 93 00 00 02 00 00 10 08 74 0C 00 00 38 64 
00 FF FF 00 10 0D 22 93 00 00 02 00 00 10 08 75 0C 00 00 3B 22 
00 FF FF 00 10 0D 22 93 00 00 02 00 00 10 08 76 0C 00 00 38 64 
00 FF FF 00 10 0D 22 93 00 00 02 00 00 10 08 79 0C 00 00 1C D9 
00 FF FF 00 10 0D 22 93 00 00 02 00 00 10 08 7A 0C 00 00 11 4A 
00 FF FF 00 10 0D 22 93 00 00 02 00 00 10 08 7B 0C 00 00 24 CB 
00 FF FF 00 10 0D 22 93 00 00 02 00 00 10 08 7D 0C 00 00 2E D4 
00 FF FF 00 10 0D 22 93 00 00 02 00 00 10 08 7E 0C 00 00 36 A4 
00 FF FF 00 10 0D 22 93 00 00 02 00 00 10 08 82 0C 00 00 16 55 
00 FF FF 00 10 0D 22 93 00 00 02 00 00 10 08 84 0C 00 00 2B 49 
00 FF FF 00 10 0D 22 93 00 00 02 00 00 10 08 85 0C 00 00 32 8A 
00 FF FF 00 10 0D 22 93 00 00 02 00 00 10 08 86 0C 00 00 37 82 
00 FF FF 00 10 0D 22 93 00 00 02 00 00 10 08 87 0C 00 00 32 8A 
00 FF FF 00 10 0D 22 93 00 00 02 00 00 10 08 88 0C 00 00 2C 75 
00 FF FF 00 10 0D 22 93 00 00 02 00 00 10 08 89 0C 00 00 23 8D 
00 FF FF 00 10 0D 22 93 00 00 02 00 00 10 08 8A 0C 00 00 18 C9 
00 FF FF 00 10 0D 22 93 00 00 02 00 00 10 08 8B 0C 00 00 1B F5 
00 FF FF 00 10 0D 22 93 00 00 02 00 00 10 08 90 0C 00 00 2D 74 
00 FF FF 00 10 0D 22 93 00 00 02 00 00 10 08 91 0C 00 00 2C 81 
00 FF FF 00 10 0D 22 93 00 00 02 00 00 10 08 93 0C 00 00 12 5C 
00 FF FF 00 10 0D 22 93 00 00 02 00 00 10 08 94 0C 00 00 1E AB 
00 FF FF 00 10 0D 22 93 00 00 02 00 00 10 08 95 0C 00 00 33 05 
00 FF FF 00 10 0D 22 93 00 00 02 00 00 10 08 96 0C 00 00 36 A4 
00 FF FF 00 10 0D 22 93 00 00 02 00 00 10 08 9A 0C 00 00 24 B9 
00 FF FF 00 10 0D 22 93 00 00 02 00 00 10 08 9B 0C 00 00 18 89 
00 FF FF 00 10 0D 22 93 00 00 02 00 00 10 08 9D 0C 00 00 27 9B 
00 FF FF 00 10 0D 22 93 00 00 02 00 00 10 08 A0 0C 00 00 3B 22 
00 FF FF 00 10 0D 22 93 00 00 02 00 00 10 08 A2 0C 00 00 24 2D 
00 FF FF 00 10 0D 22 93 00 00 02 00 00 10 08 A5 0C 00 00 23 69 
00 FF FF 00 10 0D 22 93 00 00 02 00 00 10 08 A9 0C 00 00 35 CA 
00 FF FF 00 10 0D 22 93 00 00 02 00 00 10 08 AA 0C 00 00 2E 01 
00 FF FF 00 10 0D 22 93 00 00 02 00 00 10 08 AB 0C 00 00 24 29 
00 FF FF 00 10 0D 22 93 00 00 02 00 00 10 08 AF 0C 00 00 30 44 
00 FF FF 00 10 0D 22 93 00 00 02 00 00 10 08 B1 0C 00 00 2B 1D 
00 FF FF 00 10 0D 22 93 00 00 02 00 00 10 08 B5 0C 00 00 16 85 
00 FF FF 00 10 0D 22 93 00 00 02 00 00 10 08 B8 0C 00 00 2C CA 
00 FF FF 00 10 0D 22 93 00 00 02 00 00 10 08 B9 0C 00 00 37 82 
00 FF FF 00 10 0D 22 93 00 00 02 00 00 10 08 BB 0C 00 00 19 47 
00 FF FF 00 10 0D 22 93 00 00 02 00 00 10 08 BC 0C 00 00 24 42 
00 FF FF 00 10 0D 22 93 00 00 02 00 00 10 08 BF 0C 00 00 23 AB 
00 FF FF 00 10 0D 22 93 00 00 02 00 00 10 08 C1 0C 00 00 3B 22 
00 FF FF 00 10 0D 22 93 00 00 02 00 00 10 08 C4 0C 00 00 1B FA 
00 FF FF 00 10 0D 22 93 00 00 02 00 00 10 08 C5 0C 00 00 1E 3B 
00 FF FF 00 10 0D 22 93 00 00 02 00 00 10 08 C6 0C 00 00 16 D1 
00 FF FF 00 10 0D 22 93 00 00 02 00 00 10 08 C8 0C 00 00 32 1B 
00 FF FF 00 10 0D 22 93 00 00 02 00 00 10 08 C9 0C 00 00 1E 7A 
00 FF FF 00 10 0D 22 93 00 00 02 00 00 10 08 CB 0C 00 00 3D 0A 
00 FF FF 00 10 0D 22 93 00 00 02 00 00 10 08 CE 0C 00 00 14 FC 
00 FF FF 00 10 0D 22 93 00 00 02 00 00 10 08 CF 0C 00 00 19 55 
00 FF FF 00 10 0D 22 93 00 00 02 00 00 10 08 D0 0C 00 00 23 96 
00 FF FF 00 10 0D 22 93 00 00 02 00 00 10 08 D1 0C 00 00 2A 65 
00 FF FF 00 10 0D 22 93 00 00 02 00 00 10 08 D2 0C 00 00 34 F4 
00 FF FF 00 10 0D 22 93 00 00 02 00 00 10 08 D3 0C 00 00 31 C4 
00 FF FF 00 10 0D 22 93 00 00 02 00 00 10 08 D4 0C 00 00 1F 61 
00 FF FF 00 10 0D 22 93 00 00 02 00 00 10 08 D5 0C 00 00 30 08 
00 FF FF 00 10 0D 22 93 00 00 02 00 00 10 08 D6 0C 00 00 13 42 
00 FF FF 00 10 0D 22 93 00 00 02 00 00 10 08 D7 0C 00 00 16 8B 
00 FF FF 00 10 0D 22 93 00 00 02 00 00 10 08 D8 0C 00 00 19 E5 
00 FF FF 00 10 0D 22 93 00 00 02 00 00 10 08 DA 0C 00 00 21 99 
00 FF FF 00 10 0D 22 93 00 00 02 00 00 10 08 DB 0C 00 00 1F 61 
00 FF FF 00 10 0D 22 93 00 00 02 00 00 10 08 DC 0C 00 00 32 8A 
00 FF FF 00 10 0D 22 93 00 00 02 00 00 10 08 E0 0C 00 00 14 EE 
00 FF FF 00 10 0D 22 93 00 00 02 00 00 10 08 E2 0C 00 00 34 F4 
00 FF FF 00 10 0D 22 93 00 00 02 00 00 10 08 E4 0C 00 00 34 22 
00 FF FF 00 10 0D 22 93 00 00 02 00 00 10 08 E6 0C 00 00 1E BE 
00 FF FF 00 10 0D 22 93 00 00 02 00 00 10 08 E7 0C 00 00 1F 0D 
00 FF FF 00 10 0D 22 93 00 00 02 00 00 10 08 E9 0C 00 00 21 B1 
00 FF FF 00 10 0D 22 93 00 00 02 00 00 10 08 EB 0C 00 00 2D 74 
00 FF FF 00 10 0D 22 93 00 00 02 00 00 10 08 EF 0C 00 00 26 BD 
00 FF FF 00 10 0D 22 93 00 00 02 00 00 10 08 F0 0C 00 00 1B 75 
00 FF FF 00 10 0D 22 93 00 00 02 00 00 10 08 F1 0C 00 00 16 1D 
00 FF FF 00 10 0D 22 93 00 00 02 00 00 10 08 F2 0C 00 00 30 6B 
00 FF FF 00 10 0D 22 93 00 00 02 00 00 10 08 F3 0C 00 00 32 8A 
00 FF FF 00 10 0D 22 93 00 00 02 00 00 10 08 F5 0C 00 00 36 A4 
00 FF FF 00 10 0D 22 93 00 00 02 00 00 10 08 F6 0C 00 00 33 54 
00 FF FF 00 10 0D 22 93 00 00 02 00 00 10 08 F7 0C 00 00 2A 6B 
00 FF FF 00 10 0D 22 93 00 00 02 00 00 10 08 F8 0C 00 00 20 21 
00 FF FF 00 10 0D 22 93 00 00 02 00 00 10 08 FF 0C 00 00 33 D6 
00 FF FF 00 10 0D 22 93 00 00 02 00 00 10 09 03 0C 00 00 22 01 
00 FF FF 00 10 0D 22 93 00 00 02 00 00 10 09 06 0C 00 00 1C F1 
00 FF FF 00 10 0D 22 93 00 00 02 00 00 10 09 08 0C 00 00 32 15 
00 FF FF 00 10 0D 22 93 00 00 02 00 00 10 09 09 0C 00 00 20 39 
00 FF FF 00 10 0D 22 93 00 00 02 00 00 10 09 0A 0C 00 00 18 69 
00 FF FF 00 10 0D 22 93 00 00 02 00 00 10 09 0C 0C 00 00 28 CB 
00 FF FF 00 10 0D 22 93 00 00 02 00 00 10 09 0D 0C 00 00 33 54 
00 FF FF 00 10 0D 22 93 00 00 02 00 00 10 09 0E 0C 00 00 33 54 
00 FF FF 00 10 0D 22 93 00 00 02 00 00 10 09 0F 0C 00 00 34 22 
00 FF FF 00 10 0D 22 93 00 00 02 00 00 10 09 10 0C 00 00 31 65 
00 FF FF 00 10 0D 22 93 00 00 02 00 00 10 09 11 0C 00 00 29 6D 
00 FF FF 00 10 0D 22 93 00 00 02 00 00 10 09 12 0C 00 00 1D 01 
00 FF FF 00 10 0D 22 93 00 00 02 00 00 10 09 13 0C 00 00 1D 79 
00 FF FF 00 10 0D 22 93 00 00 02 00 00 10 09 14 0C 00 00 27 05 
00 FF FF 00 10 0D 22 93 00 00 02 00 00 10 09 15 0C 00 00 35 AA 
00 FF FF 00 10 0D 22 93 00 00 02 00 00 10 09 16 0C 00 00 33 54 
00 FF FF 00 10 0D 22 93 00 00 02 00 00 10 09 19 0C 00 00 33 15 
00 FF FF 00 10 0D 22 93 00 00 02 00 00 10 09 1A 0C 00 00 22 85 
00 FF FF 00 10 0D 22 93 00 00 02 00 00 10 09 1B 0C 00 00 18 ED 
00 FF FF 00 10 0D 22 93 00 00 02 00 00 10 09 1D 0C 00 00 26 BD 
00 FF FF 00 10 0D 22 93 00 00 02 00 00 10 09 1E 0C 00 00 37 82 
00 FF FF 00 10 0D 22 93 00 00 02 00 00 10 09 20 0C 00 00 33 54 
00 FF FF 00 10 0D 22 93 00 00 02 00 00 10 09 22 0C 00 00 28 CB 
00 FF FF 00 10 0D 22 93 00 00 02 00 00 10 09 24 0C 00 00 17 56 
00 FF FF 00 10 0D 22 93 00 00 02 00 00 10 09 26 0C 00 00 2D B9 
00 FF FF 00 10 0D 22 93 00 00 02 00 00 10 09 27 0C 00 00 35 99 
00 FF FF 00 10 0D 22 93 00 00 02 00 00 10 09 29 0C 00 00 3B 22 
00 FF FF 00 10 0D 22 93 00 00 02 00 00 10 09 2A 0C 00 00 33 FA 
00 FF FF 00 10 0D 22 93 00 00 02 00 00 10 09 2B 0C 00 00 20 EE 
00 FF FF 00 10 0D 22 93 00 00 02 00 00 10 09 2C 0C 00 00 14 8E 
00 FF FF 00 10 0D 22 93 00 00 02 00 00 10 09 31 0C 00 00 34 22 
00 FF FF 00 10 0D 22 93 00 00 02 00 00 10 09 32 0C 00 00 2E 90 
00 FF FF 00 10 0D 22 93 00 00 02 00 00 10 09 34 0C 00 00 1D 25 
00 FF FF 00 10 0D 22 93 00 00 02 00 00 10 09 37 0C 00 00 38 45 
00 FF FF 00 10 0D 22 93 00 00 02 00 00 10 09 38 0C 00 00 34 F4 
00 FF FF 00 10 0D 22 93 00 00 02 00 00 10 09 3A 0C 00 00 31 C4 
00 FF FF 00 10 0D 22 93 00 00 02 00 00 10 09 3C 0C 00 00 21 C5 
00 FF FF 00 10 0D 22 93 00 00 02 00 00 10 09 3E 0C 00 00 13 82 
00 FF FF 00 10 0D 22 93 00 00 02 00 00 10 09 3F 0C 00 00 28 DD 
00 FF FF 00 10 0D 22 93 00 00 02 00 00 10 09 40 0C 00 00 3A 34 
00 FF FF 00 10 0D 22 93 00 00 02 00 00 10 09 42 0C 00 00 34 22 
00 FF FF 00 10 0D 22 93 00 00 02 00 00 10 09 43 0C 00 00 2A 66 
00 FF FF 00 10 0D 22 93 00 00 02 00 00 10 09 44 0C 00 00 15 BF 
00 FF FF 00 10 0D 22 93 00 00 02 00 00 10 09 45 0C 00 00 1E 1D 
00 FF FF 00 10 0D 22 93 00 00 02 00 00 10 09 47 0C 00 00 1A A3 
00 FF FF 00 10 0D 22 93 00 00 02 00 00 10 09 4B 0C 00 00 32 8A 
00 FF FF 00 10 0D 22 93 00 00 02 00 00 10 09 4E 0C 00 00 1C 0D 
00 FF FF 00 10 0D 22 93 00 00 02 00 00 10 09 4F 0C 00 00 17 A9 
00 FF FF 00 10 0D 22 93 00 00 02 00 00 10 09 50 0C 00 00 17 66 
00 FF FF 00 10 0D 22 93 00 00 02 00 00 10 09 51 0C 00 00 2E 22 
00 FF FF 00 10 0D 22 93 00 00 02 00 00 10 09 52 0C 00 00 2C CA 
00 FF FF 00 10 0D 22 93 00 00 02 00 00 10 09 53 0C 00 00 2D 6D 
00 FF FF 00 10 0D 22 93 00 00 02 00 00 10 09 58 0C 00 00 1D 75 
00 FF FF 00 10 0D 22 93 00 00 02 00 00 10 09 59 0C 00 00 34 A9 
00 FF FF 00 10 0D 22 93 00 00 02 00 00 10 09 5B 0C 00 00 2F 8A 
00 FF FF 00 10 0D 22 93 00 00 02 00 00 10 09 5C 0C 00 00 1B 3D 
00 FF FF 00 10 0D 22 93 00 00 02 00 00 10 09 5E 0C 00 00 23 79 
00 FF FF 00 10 0D 22 93 00 00 02 00 00 10 09 5F 0C 00 00 18 C9 
00 FF FF 00 10 0D 22 93 00 00 02 00 00 10 09 61 0C 00 00 13 26 
00 FF FF 00 10 0D 22 93 00 00 02 00 00 10 09 63 0C 00 00 2D 74 
00 FF FF 00 10 0D 22 93 00 00 02 00 00 10 09 64 0C 00 00 3B 22 
00 FF FF 00 10 0D 22 93 00 00 02 00 00 10 09 66 0C 00 00 2B FB 
00 FF FF 00 10 0D 22 93 00 00 02 00 00 10 09 67 0C 00 00 1F 49 
00 FF FF 00 10 0D 22 93 00 00 02 00 00 10 09 68 0C 00 00 17 F9 
00 FF FF 00 10 0D 22 93 00 00 02 00 00 10 09 69 0C 00 00 1F 3D 
00 FF FF 00 10 0D 22 93 00 00 02 00 00 10 09 6B 0C 00 00 31 02 
00 FF FF 00 10 0D 22 93 00 00 02 00 00 10 09 6C 0C 00 00 31 C4 
00 FF FF 00 10 0D 22 93 00 00 02 00 00 10 09 6D 0C 00 00 32 8A 
00 FF FF 00 10 0D 22 93 00 00 02 00 00 10 09 70 0C 00 00 1B ED 
00 FF FF 00 10 0D 22 93 00 00 02 00 00 10 09 73 0C 00 00 2E 22 
00 FF FF 00 10 0D 22 93 00 00 02 00 00 10 09 74 0C 00 00 1B F6 
00 FF FF 00 10 0D 22 93 00 00 02 00 00 10 09 75 0C 00 00 29 2B 
00 FF FF 00 10 0D 22 93 00 00 02 00 00 10 09 7A 0C 00 00 11 AF 
00 FF FF 00 10 0D 22 93 00 00 02 00 00 10 09 7E 0C 00 00 1D F6 
00 FF FF 00 10 0D 22 93 00 00 02 00 00 10 09 84 0C 00 00 2F 8A 
00 FF FF 00 10 0D 22 93 00 00 02 00 00 10 09 88 0C 00 00 2D 6B 
00 FF FF 00 10 0D 22 93 00 00 02 00 00 10 09 89 0C 00 00 1F 6D 
00 FF FF 00 10 0D 22 93 00 00 02 00 00 10 09 8A 0C 00 00 13 DA 
00 FF FF 00 10 0D 22 93 00 00 02 00 00 10 09 8B 0C 00 00 21 6B 
00 FF FF 00 10 0D 22 93 00 00 02 00 00 10 09 8C 0C 00 00 27 11 
00 FF FF 00 10 0D 22 93 00 00 02 00 00 10 09 8D 0C 00 00 1C B9 
00 FF FF 00 10 0D 22 93 00 00 02 00 00 10 09 8F 0C 00 00 11 D2 
00 FF FF 00 10 0D 22 93 00 00 02 00 00 10 09 91 0C 00 00 25 11 
00 FF FF 00 10 0D 22 93 00 00 02 00 00 10 09 92 0C 00 00 16 BB 
00 FF FF 00 10 0D 22 93 00 00 02 00 00 10 09 93 0C 00 00 15 0A 
00 FF FF 00 10 0D 22 93 00 00 02 00 00 10 09 94 0C 00 00 21 D1 
00 FF FF 00 10 0D 22 93 00 00 02 00 00 10 09 95 0C 00 00 2A C5 
00 FF FF 00 10 0D 22 93 00 00 02 00 00 10 09 99 0C 00 00 2E 29 
00 FF FF 00 10 0D 22 93 00 00 02 00 00 10 09 9C 0C 00 00 20 5D 
00 FF FF 00 10 0D 22 93 00 00 02 00 00 10 09 9D 0C 00 00 25 C1 
00 FF FF 00 10 0D 22 93 00 00 02 00 00 10 09 9E 0C 00 00 12 10 
00 FF FF 00 10 0D 22 93 00 00 02 00 00 10 09 A0 0C 00 00 39 4A 
00 FF FF 00 10 0D 22 93 00 00 02 00 00 10 09 A2 0C 00 00 25 85 
00 FF FF 00 10 0D 22 93 00 00 02 00 00 10 09 A3 0C 00 00 12 01 
00 FF FF 00 10 0D 22 93 00 00 02 00 00 10 09 A5 0C 00 00 1E 89 
00 FF FF 00 10 0D 22 93 00 00 02 00 00 10 09 A7 0C 00 00 2D 74 
00 FF FF 00 10 0D 22 93 00 00 02 00 00 10 09 AA 0C 00 00 2A 75 
00 FF FF 00 10 0D 22 93 00 00 02 00 00 10 09 AB 0C 00 00 1E 95 
00 FF FF 00 10 0D 22 93 00 00 02 00 00 10 09 AC 0C 00 00 17 99 
00 FF FF 00 10 0D 22 93 00 00 02 00 00 10 09 B2 0C 00 00 34 A4 
00 FF FF 00 10 0D 22 93 00 00 02 00 00 10 09 B6 0C 00 00 23 D3 
00 FF FF 00 10 0D 22 93 00 00 02 00 00 10 09 B8 0C 00 00 34 22 
00 FF FF 00 10 0D 22 93 00 00 02 00 00 10 09 B9 0C 00 00 3C 14 
00 FF FF 00 10 0D 22 93 00 00 02 00 00 10 09 BA 0C 00 00 2A 1D 
00 FF FF 00 10 0D 22 93 00 00 02 00 00 10 09 BB 0C 00 00 11 FB 
00 FF FF 00 10 0D 22 93 00 00 02 00 00 10 09 BC 0C 00 00 13 24 
00 FF FF 00 10 0D 22 93 00 00 02 00 00 10 09 BD 0C 00 00 19 EF 
00 FF FF 00 10 0D 22 93 00 00 02 00 00 10 09 BE 0C 00 00 16 F6 
00 FF FF 00 10 0D 22 93 00 00 02 00 00 10 09 C0 0C 00 00 34 22 
00 FF FF 00 10 0D 22 93 00 00 02 00 00 10 09 C2 0C 00 00 38 64 
00 FF FF 00 10 0D 22 93 00 00 02 00 00 10 09 C3 0C 00 00 32 ED 
00 FF FF 00 10 0D 22 93 00 00 02 00 00 10 09 C4 0C 00 00 27 11 
00 FF FF 00 10 0D 22 93 00 00 02 00 00 10 09 C5 0C 00 00 1B B3 
00 FF FF 00 10 0D 22 93 00 00 02 00 00 10 09 C8 0C 00 00 34 B9 
00 FF FF 00 10 0D 22 93 00 00 02 00 00 10 09 C9 0C 00 00 19 8D 
00 FF FF 00 10 0D 22 93 00 00 02 00 00 10 09 CA 0C 00 00 23 75 
00 FF FF 00 10 0D 22 93 00 00 02 00 00 10 09 CF 0C 00 00 1C 6B 
00 FF FF 00 10 0D 22 93 00 00 02 00 00 10 09 D0 0C 00 00 2F B1 
00 FF FF 00 10 0D 22 93 00 00 02 00 00 10 09 D1 0C 00 00 34 22 
00 FF FF 00 10 0D 22 93 00 00 02 00 00 10 09 D3 0C 00 00 37 82 
00 FF FF 00 10 0D 22 93 00 00 02 00 00 10 09 D4 0C 00 00 37 65 
00 FF FF 00 10 0D 22 93 00 00 02 00 00 10 09 D8 0C 00 00 10 04 
00 FF FF 00 10 0D 22 93 00 00 02 00 00 10 09 D9 0C 00 00 38 59 
00 FF FF 00 10 0D 22 93 00 00 02 00 00 10 09 DA 0C 00 00 29 8A 
00 FF FF 00 10 0D 22 93 00 00 02 00 00 10 09 DB 0C 00 00 26 55 
00 FF FF 00 10 0D 22 93 00 00 02 00 00 10 09 DC 0C 00 00 38 64 
00 FF FF 00 10 0D 22 93 00 00 02 00 00 10 09 DF 0C 00 00 17 51 
00 FF FF 00 10 0D 22 93 00 00 02 00 00 10 09 E0 0C 00 00 16 AE 
00 FF FF 00 10 0D 22 93 00 00 02 00 00 10 09 E2 0C 00 00 30 44 
00 FF FF 00 10 0D 22 93 00 00 02 00 00 10 09 E3 0C 00 00 31 C4 
00 FF FF 00 10 0D 22 93 00 00 02 00 00 10 09 E6 0C 00 00 28 CD 
00 FF FF 00 10 0D 22 93 00 00 02 00 00 10 09 E7 0C 00 00 1E 09 
00 FF FF 00 10 0D 22 93 00 00 02 00 00 10 09 E8 0C 00 00 1B 0C 
00 FF FF 00 10 0D 22 93 00 00 02 00 00 10 09 EC 0C 00 00 2D A3 
00 FF FF 00 10 0D 22 93 00 00 02 00 00 10 09 EF 0C 00 00 20 BD 
00 FF FF 00 10 0D 22 93 00 00 02 00 00 10 09 F0 0C 00 00 1C 31 
00 FF FF 00 10 0D 22 93 00 00 02 00 00 10 09 F1 0C 00 00 17 F2 
00 FF FF 00 10 0D 22 93 00 00 02 00 00 10 09 F3 0C 00 00 2E 22 
00 FF FF 00 10 0D 22 93 00 00 02 00 00 10 09 F7 0C 00 00 29 93 
00 FF FF 00 10 0D 22 93 00 00 02 00 00 10 09 FB 0C 00 00 2A 5D 
00 FF FF 00 10 0D 22 93 00 00 02 00 00 10 09 FC 0C 00 00 1B 09 
00 FF FF 00 10 0D 22 93 00 00 02 00 00 10 09 FD 0C 00 00 1D FD 
00 FF FF 00 10 0D 22 93 00 00 02 00 00 10 09 FE 0C 00 00 34 22 
00 FF FF 00 10 0D 22 93 00 00 02 00 00 10 0A 00 0C 00 00 21 FB 
00 FF FF 00 10 0D 22 93 00 00 02 00 00 10 0A 04 0C 00 00 2E B1 
00 FF FF 00 10 0D 22 93 00 00 02 00 00 10 0A 05 0C 00 00 3A 34 
00 FF FF 00 10 0D 22 93 00 00 02 00 00 10 0A 07 0C 00 00 33 E9 
00 FF FF 00 10 0D 22 93 00 00 02 00 00 10 0A 08 0C 00 00 29 BD 
00 FF FF 00 10 0D 22 93 00 00 02 00 00 10 0A 0D 0C 00 00 2E D4 
00 FF FF 00 10 0D 22 93 00 00 02 00 00 10 0A 0F 0C 00 00 2D 74 
00 FF FF 00 10 0D 22 93 00 00 02 00 00 10 0A 11 0C 00 00 21 ED 
00 FF FF 00 10 0D 22 93 00 00 02 00 00 10 0A 12 0C 00 00 15 84 
00 FF FF 00 10 0D 22 93 00 00 02 00 00 10 0A 13 0C 00 00 17 81 
00 FF FF 00 10 0D 22 93 00 00 02 00 00 10 0A 14 0C 00 00 27 69 
00 FF FF 00 10 0D 22 93 00 00 02 00 00 10 0A 17 0C 00 00 2D 74 
00 FF FF 00 10 0D 22 93 00 00 02 00 00 10 0A 19 0C 00 00 2A DB 
00 FF FF 00 10 0D 22 93 00 00 02 00 00 10 0A 1D 0C 00 00 30 9B 
00 FF FF 00 10 0D 22 93 00 00 02 00 00 10 0A 1E 0C 00 00 14 F6 
00 FF FF 00 10 0D 22 93 00 00 02 00 00 10 0A 1F 0C 00 00 1E F1 
00 FF FF 00 10 0D 22 93 00 00 02 00 00 10 0A 21 0C 00 00 0E 64 
00 FF FF 00 10 0D 22 93 00 00 02 00 00 10 0A 22 0C 00 00 21 CA 
00 FF FF 00 10 0D 22 93 00 00 02 00 00 10 0A 24 0C 00 00 27 4D 
00 FF FF 00 10 0D 22 93 00 00 02 00 00 10 0A 26 0C 00 00 33 DD 
00 FF FF 00 10 0D 22 93 00 00 02 00 00 10 0A 28 0C 00 00 33 54 
00 FF FF 00 10 0D 22 93 00 00 02 00 00 10 0A 29 0C 00 00 3A 2D 
00 FF FF 00 10 0D 22 93 00 00 02 00 00 10 0A 2A 0C 00 00 16 26 
00 FF FF 00 10 0D 22 93 00 00 02 00 00 10 0A 2B 0C 00 00 1D 1B 
00 FF FF 00 10 0D 22 93 00 00 02 00 00 10 0A 2D 0C 00 00 24 29 
00 FF FF 00 10 0D 22 93 00 00 02 00 00 10 0A 2E 0C 00 00 10 0D 
00 FF FF 00 10 0D 22 93 00 00 02 00 00 10 0A 30 0C 00 00 39 4A 
00 FF FF 00 10 0D 22 93 00 00 02 00 00 10 0A 31 0C 00 00 39 4A 
00 FF FF 00 10 0D 22 93 00 00 02 00 00 10 0A 32 0C 00 00 2F B8 
00 FF FF 00 10 0D 22 93 00 00 02 00 00 10 0A 33 0C 00 00 23 09 
00 FF FF 00 10 0D 22 93 00 00 02 00 00 10 0A 36 0C 00 00 21 35 
00 FF FF 00 10 0D 22 93 00 00 02 00 00 10 0A 37 0C 00 00 35 CA 
00 FF FF 00 10 0D 22 93 00 00 02 00 00 10 0A 39 0C 00 00 38 64 
00 FF FF 00 10 0D 22 93 00 00 02 00 00 10 0A 3A 0C 00 00 28 85 
00 FF FF 00 10 0D 22 93 00 00 02 00 00 10 0A 3B 0C 00 00 2B 44 
00 FF FF 00 10 0D 22 93 00 00 02 00 00 10 0A 3C 0C 00 00 1E BD 
00 FF FF 00 10 0D 22 93 00 00 02 00 00 10 0A 3D 0C 00 00 16 91 
00 FF FF 00 10 0D 22 93 00 00 02 00 00 10 0A 3E 0C 00 00 1B 93 
00 FF FF 00 10 0D 22 93 00 00 02 00 00 10 0A 42 0C 00 00 39 4A 
00 FF FF 00 10 0D 22 93 00 00 02 00 00 10 0A 43 0C 00 00 2B B3 
00 FF FF 00 10 0D 22 93 00 00 02 00 00 10 0A 45 0C 00 00 11 8D 
00 FF FF 00 10 0D 22 93 00 00 02 00 00 10 0A 46 0C 00 00 19 31 
00 FF FF 00 10 0D 22 93 00 00 02 00 00 10 0A 47 0C 00 00 20 A5 
00 FF FF 00 10 0D 22 93 00 00 02 00 00 10 0A 49 0C 00 00 25 F9 
00 FF FF 00 10 0D 22 93 00 00 02 00 00 10 0A 4A 0C 00 00 2E 22 
00 FF FF 00 10 0D 22 93 00 00 02 00 00 10 0A 4C 0C 00 00 2C B1 
00 FF FF 00 10 0D 22 93 00 00 02 00 00 10 0A 4D 0C 00 00 1F 13 
00 FF FF 00 10 0D 22 93 00 00 02 00 00 10 0A 4F 0C 00 00 1B AD 
00 FF FF 00 10 0D 22 93 00 00 02 00 00 10 0A 50 0C 00 00 27 2D 
00 FF FF 00 10 0D 22 93 00 00 02 00 00 10 0A 51 0C 00 00 38 64 
00 FF FF 00 10 0D 22 93 00 00 02 00 00 10 0A 53 0C 00 00 30 44 
00 FF FF 00 10 0D 22 93 00 00 02 00 00 10 0A 58 0C 00 00 16 16 
00 FF FF 00 10 0D 22 93 00 00 02 00 00 10 0A 5B 0C 00 00 36 A4 
00 FF FF 00 10 0D 22 93 00 00 02 00 00 10 0A 5D 0C 00 00 2B F6 
00 FF FF 00 10 0D 22 93 00 00 02 00 00 10 0A 62 0C 00 00 31 02 
00 FF FF 00 10 0D 22 93 00 00 02 00 00 10 0A 64 0C 00 00 32 8A 
00 FF FF 00 10 0D 22 93 00 00 02 00 00 10 0A 65 0C 00 00 2E CB 
00 FF FF 00 10 0D 22 93 00 00 02 00 00 10 0A 66 0C 00 00 24 FB 
00 FF FF 00 10 0D 22 93 00 00 02 00 00 10 0A 67 0C 00 00 19 11 
00 FF FF 00 10 0D 22 93 00 00 02 00 00 10 0A 68 0C 00 00 1C 85 
00 FF FF 00 10 0D 22 93 00 00 02 00 00 10 0A 6C 0C 00 00 32 8A 
00 FF FF 00 10 0D 22 93 00 00 02 00 00 10 0A 71 0C 00 00 19 41 
00 FF FF 00 10 0D 22 93 00 00 02 00 00 10 0A 72 0C 00 00 36 71 
00 FF FF 00 10 0D 22 93 00 00 02 00 00 10 0A 73 0C 00 00 39 4A 
00 FF FF 00 10 0D 22 93 00 00 02 00 00 10 0A 75 0C 00 00 2E 22 
00 FF FF 00 10 0D 22 93 00 00 02 00 00 10 0A 77 0C 00 00 25 6D 
00 FF FF 00 10 0D 22 93 00 00 02 00 00 10 0A 79 0C 00 00 10 D6 
00 FF FF 00 10 0D 22 93 00 00 02 00 00 10 0A 7C 0C 00 00 3C 14 
00 FF FF 00 10 0D 22 93 00 00 02 00 00 10 0A 7D 0C 00 00 34 22 
00 FF FF 00 10 0D 22 93 00 00 02 00 00 10 0A 7E 0C 00 00 36 A4 
00 FF FF 00 10 0D 22 93 00 00 02 00 00 10 0A 7F 0C 00 00 2A B9 
00 FF FF 00 10 0D 22 93 00 00 02 00 00 10 0A 80 0C 00 00 16 94 
00 FF FF 00 10 0D 22 93 00 00 02 00 00 10 0A 81 0C 00 00 1C 31 
00 FF FF 00 10 0D 22 93 00 00 02 00 00 10 0A 84 0C 00 00 31 02 
00 FF FF 00 10 0D 22 93 00 00 02 00 00 10 0A 87 0C 00 00 33 CB 
00 FF FF 00 10 0D 22 93 00 00 02 00 00 10 0A 88 0C 00 00 26 DB 
00 FF FF 00 10 0D 22 93 00 00 02 00 00 10 0A 89 0C 00 00 1A C1 
00 FF FF 00 10 0D 22 93 00 00 02 00 00 10 0A 8A 0C 00 00 1E B1 
00 FF FF 00 10 0D 22 93 00 00 02 00 00 10 0A 8C 0C 00 00 39 4A 
00 FF FF 00 10 0D 22 93 00 00 02 00 00 10 0A 8D 0C 00 00 2D 74 
00 FF FF 00 10 0D 22 93 00 00 02 00 00 10 0A 8E 0C 00 00 34 22 
00 FF FF 00 10 0D 22 93 00 00 02 00 00 10 0A 8F 0C 00 00 24 F5 
00 FF FF 00 10 0D 22 93 00 00 02 00 00 10 0A 90 0C 00 00 2F C1 
00 FF FF 00 10 0D 22 93 00 00 02 00 00 10 0A 94 0C 00 00 29 85 
00 FF FF 00 10 0D 22 93 00 00 02 00 00 10 0A 96 0C 00 00 26 82 
00 FF FF 00 10 0D 22 93 00 00 02 00 00 10 0A 98 0C 00 00 32 15 
00 FF FF 00 10 0D 22 93 00 00 02 00 00 10 0A 99 0C 00 00 27 99 
00 FF FF 00 10 0D 22 93 00 00 02 00 00 10 0A 9B 0C 00 00 1C 19 
00 FF FF 00 10 0D 22 93 00 00 02 00 00 10 0A 9F 0C 00 00 34 22 
00 FF FF 00 10 0D 22 93 00 00 02 00 00 10 0A A1 0C 00 00 2F 2D 
00 FF FF 00 10 0D 22 93 00 00 02 00 00 10 0A A2 0C 00 00 1F E5 
00 FF FF 00 10 0D 22 93 00 00 02 00 00 10 0A A6 0C 00 00 0F F2 
00 FF FF 00 10 0D 22 93 00 00 02 00 00 10 0A A8 0C 00 00 39 4A 
00 FF FF 00 10 0D 22 93 00 00 02 00 00 10 0A AA 0C 00 00 21 24 
00 FF FF 00 10 0D 22 93 00 00 02 00 00 10 0A AD 0C 00 00 16 7E 
00 FF FF 00 10 0D 22 93 00 00 02 00 00 10 0A AF 0C 00 00 2C D5 
00 FF FF 00 10 0D 22 93 00 00 02 00 00 10 0A B0 0C 00 00 2D 4D 
00 FF FF 00 10 0D 22 93 00 00 02 00 00 10 0A B1 0C 00 00 10 92 
00 FF FF 00 10 0D 22 93 00 00 02 00 00 10 0A B5 0C 00 00 1E 41 
00 FF FF 00 10 0D 22 93 00 00 02 00 00 10 0A B8 0C 00 00 2F 8A 
00 FF FF 00 10 0D 22 93 00 00 02 00 00 10 0A B9 0C 00 00 31 C4 
00 FF FF 00 10 0D 22 93 00 00 02 00 00 10 0A BB 0C 00 00 28 19 
00 FF FF 00 10 0D 22 93 00 00 02 00 00 10 0A BE 0C 00 00 15 15 
00 FF FF 00 10 0D 22 93 00 00 02 00 00 10 0A C3 0C 00 00 20 56 
00 FF FF 00 10 0D 22 93 00 00 02 00 00 10 0A C6 0C 00 00 19 13 
00 FF FF 00 10 0D 22 93 00 00 02 00 00 10 0A C8 0C 00 00 3A 34 
00 FF FF 00 10 0D 22 93 00 00 02 00 00 10 0A CA 0C 00 00 34 F4 
00 FF FF 00 10 0D 22 93 00 00 02 00 00 10 0A CB 0C 00 00 32 33 
00 FF FF 00 10 0D 22 93 00 00 02 00 00 10 0A CC 0C 00 00 29 4B 
00 FF FF 00 10 0D 22 93 00 00 02 00 00 10 0A CD 0C 00 00 17 87 
00 FF FF 00 10 0D 22 93 00 00 02 00 00 10 0A D5 0C 00 00 1F E6 
00 FF FF 00 10 0D 22 93 00 00 02 00 00 10 0A DA 0C 00 00 1B C9 
00 FF FF 00 10 0D 22 93 00 00 02 00 00 10 0A DB 0C 00 00 2F 16 
00 FF FF 00 10 0D 22 93 00 00 02 00 00 10 0A DF 0C 00 00 19 FB 
00 FF FF 00 10 0D 22 93 00 00 02 00 00 10 0A E0 0C 00 00 25 05 
00 FF FF 00 10 0D 22 93 00 00 02 00 00 10 0A E1 0C 00 00 2D 05 
00 FF FF 00 10 0D 22 93 00 00 02 00 00 10 0A E2 0C 00 00 33 54 
00 FF FF 00 10 0D 22 93 00 00 02 00 00 10 0A E3 0C 00 00 31 02 
00 FF FF 00 10 0D 22 93 00 00 02 00 00 10 0A E4 0C 00 00 2E 22 
00 FF FF 00 10 0D 22 93 00 00 02 00 00 10 0A E6 0C 00 00 21 45 
00 FF FF 00 10 0D 22 93 00 00 02 00 00 10 0A EA 0C 00 00 35 CA 
00 FF FF 00 10 0D 22 93 00 00 02 00 00 10 0A EC 0C 00 00 30 44 
00 FF FF 00 10 0D 22 93 00 00 02 00 00 10 0A F0 0C 00 00 19 7D 
00 FF FF 00 10 0D 22 93 00 00 02 00 00 10 0A F5 0C 00 00 35 CA 
00 FF FF 00 10 0D 22 93 00 00 02 00 00 10 0A F7 0C 00 00 13 7D 
00 FF FF 00 10 0D 22 93 00 00 02 00 00 10 0A FC 0C 00 00 3A 34 
00 FF FF 00 10 0D 22 93 00 00 02 00 00 10 0A FD 0C 00 00 17 23 
00 FF FF 00 10 0D 22 93 00 00 02 00 00 10 0A FF 0C 00 00 10 64 
00 FF FF 00 10 0D 22 93 00 00 02 00 00 10 0B 03 0C 00 00 36 71 
00 FF FF 00 10 0D 22 93 00 00 02 00 00 10 0B 04 0C 00 00 33 54 
00 FF FF 00 10 0D 22 93 00 00 02 00 00 10 0B 05 0C 00 00 17 CD 
00 FF FF 00 10 0D 22 93 00 00 02 00 00 10 0B 06 0C 00 00 36 A4 
00 FF FF 00 10 0D 22 93 00 00 02 00 00 10 0B 08 0C 00 00 1A 4E 
00 FF FF 00 10 0D 22 93 00 00 02 00 00 10 0B 0A 0C 00 00 1A BB 
00 FF FF 00 10 0D 22 93 00 00 02 00 00 10 0B 0B 0C 00 00 20 02 
00 FF FF 00 10 0D 22 93 00 00 02 00 00 10 0B 0C 0C 00 00 2E D4 
00 FF FF 00 10 0D 22 93 00 00 02 00 00 10 0B 0E 0C 00 00 31 02 
00 FF FF 00 10 0D 22 93 00 00 02 00 00 10 0B 0F 0C 00 00 1A C5 
00 FF FF 00 10 0D 22 93 00 00 02 00 00 10 0B 10 0C 00 00 2A 4B 
00 FF FF 00 10 0D 22 93 00 00 02 00 00 10 0B 11 0C 00 00 1D 7B 
00 FF FF 00 10 0D 22 93 00 00 02 00 00 10 0B 12 0C 00 00 1A 99 
00 FF FF 00 10 0D 22 93 00 00 02 00 00 10 0B 13 0C 00 00 1B 93 
00 FF FF 00 10 0D 22 93 00 00 02 00 00 10 0B 14 0C 00 00 25 3A 
00 FF FF 00 10 0D 22 93 00 00 02 00 00 10 0B 16 0C 00 00 3B 22 
00 FF FF 00 10 0D 22 93 00 00 02 00 00 10 0B 17 0C 00 00 2C CA 
00 FF FF 00 10 0D 22 93 00 00 02 00 00 10 0B 18 0C 00 00 2E D3 
00 FF FF 00 10 0D 22 93 00 00 02 00 00 10 0B 19 0C 00 00 23 BD 
00 FF FF 00 10 0D 22 93 00 00 02 00 00 10 0B 1A 0C 00 00 19 E5 
00 FF FF 00 10 0D 22 93 00 00 02 00 00 10 0B 1B 0C 00 00 0E EB 
00 FF FF 00 10 0D 22 93 00 00 02 00 00 10 0B 1D 0C 00 00 18 4D 
00 FF FF 00 10 0D 22 93 00 00 02 00 00 10 0B 1F 0C 00 00 34 22 
00 FF FF 00 10 0D 22 93 00 00 02 00 00 10 0B 20 0C 00 00 31 02 
00 FF FF 00 10 0D 22 93 00 00 02 00 00 10 0B 21 0C 00 00 2C 9D 
00 FF FF 00 10 0D 22 93 00 00 02 00 00 10 0B 22 0C 00 00 1C D9 
00 FF FF 00 10 0D 22 93 00 00 02 00 00 10 0B 24 0C 00 00 1B 1D 
00 FF FF 00 10 0D 22 93 00 00 02 00 00 10 0B 25 0C 00 00 32 15 
00 FF FF 00 10 0D 22 93 00 00 02 00 00 10 0B 26 0C 00 00 2E D4 
00 FF FF 00 10 0D 22 93 00 00 02 00 00 10 0B 27 0C 00 00 3B 22 
00 FF FF 00 10 0D 22 93 00 00 02 00 00 10 0B 2A 0C 00 00 24 0C 
00 FF FF 00 10 0D 22 93 00 00 02 00 00 10 0B 2B 0C 00 00 1B 41 
00 FF FF 00 10 0D 22 93 00 00 02 00 00 10 0B 2C 0C 00 00 1F 01 
00 FF FF 00 10 0D 22 93 00 00 02 00 00 10 0B 30 0C 00 00 37 82 
00 FF FF 00 10 0D 22 93 00 00 02 00 00 10 0B 31 0C 00 00 31 C4 
00 FF FF 00 10 0D 22 93 00 00 02 00 00 10 0B 33 0C 00 00 1D 1B 
00 FF FF 00 10 0D 22 93 00 00 02 00 00 10 0B 36 0C 00 00 27 24 
00 FF FF 00 10 0D 22 93 00 00 02 00 00 10 0B 39 0C 00 00 2F 8A 
00 FF FF 00 10 0D 22 93 00 00 02 00 00 10 0B 3A 0C 00 00 32 33 
00 FF FF 00 10 0D 22 93 00 00 02 00 00 10 0B 3F 0C 00 00 31 02 
00 FF FF 00 10 0D 22 93 00 00 02 00 00 10 0B 40 0C 00 00 1A C5 
00 FF FF 00 10 0D 22 93 00 00 02 00 00 10 0B 42 0C 00 00 30 44 
00 FF FF 00 10 0D 22 93 00 00 02 00 00 10 0B 43 0C 00 00 2B 85 
00 FF FF 00 10 0D 22 93 00 00 02 00 00 10 0B 44 0C 00 00 1F 6D 
00 FF FF 00 10 0D 22 93 00 00 02 00 00 10 0B 45 0C 00 00 18 A5 
00 FF FF 00 10 0D 22 93 00 00 02 00 00 10 0B 46 0C 00 00 1C B2 
00 FF FF 00 10 0D 22 93 00 00 02 00 00 10 0B 47 0C 00 00 19 A2 
00 FF FF 00 10 0D 22 93 00 00 02 00 00 10 0B 4A 0C 00 00 3A 34 
00 FF FF 00 10 0D 22 93 00 00 02 00 00 10 0B 4B 0C 00 00 32 F1 
00 FF FF 00 10 0D 22 93 00 00 02 00 00 10 0B 4D 0C 00 00 19 01 
00 FF FF 00 10 0D 22 93 00 00 02 00 00 10 0B 4E 0C 00 00 12 D4 
00 FF FF 00 10 0D 22 93 00 00 02 00 00 10 0B 53 0C 00 00 35 CA 
00 FF FF 00 10 0D 22 93 00 00 02 00 00 10 0B 55 0C 00 00 1D 13 
00 FF FF 00 10 0D 22 93 00 00 02 00 00 10 0B 60 0C 00 00 11 3E 
00 FF FF 00 10 0D 22 93 00 00 02 00 00 10 0B 63 0C 00 00 3B 22 
00 FF FF 00 10 0D 22 93 00 00 02 00 00 10 0B 64 0C 00 00 34 F4 
00 FF FF 00 10 0D 22 93 00 00 02 00 00 10 0B 65 0C 00 00 2A 81 
00 FF FF 00 10 0D 22 93 00 00 02 00 00 10 0B 66 0C 00 00 1E A1 
00 FF FF 00 10 0D 22 93 00 00 02 00 00 10 0B 67 0C 00 00 16 B9 
00 FF FF 00 10 0D 22 93 00 00 02 00 00 10 0B 6C 0C 00 00 34 F4 
00 FF FF 00 10 0D 22 93 00 00 02 00 00 10 0B 6D 0C 00 00 2F 94 
00 FF FF 00 10 0D 22 93 00 00 02 00 00 10 0B 6E 0C 00 00 26 12 
00 FF FF 00 10 0D 22 93 00 00 02 00 00 10 0B 6F 0C 00 00 1C 01 
00 FF FF 00 10 0D 22 93 00 00 02 00 00 10 0B 72 0C 00 00 2F 13 
00 FF FF 00 10 0D 22 93 00 00 02 00 00 10 0B 73 0C 00 00 33 54 
00 FF FF 00 10 0D 22 93 00 00 02 00 00 10 0B 74 0C 00 00 3C 14 
00 FF FF 00 10 0D 22 93 00 00 02 00 00 10 0B 75 0C 00 00 19 10 
00 FF FF 00 10 0D 22 93 00 00 02 00 00 10 0B 76 0C 00 00 30 89 
00 FF FF 00 10 0D 22 93 00 00 02 00 00 10 0B 77 0C 00 00 1B 1D 
00 FF FF 00 10 0D 22 93 00 00 02 00 00 10 0B 78 0C 00 00 19 0B 
00 FF FF 00 10 0D 22 93 00 00 02 00 00 10 0B 79 0C 00 00 1A 52 
00 FF FF 00 10 0D 22 93 00 00 02 00 00 10 0B 7C 0C 00 00 1E 63 
00 FF FF 00 10 0D 22 93 00 00 02 00 00 10 0B 7D 0C 00 00 37 82 
00 FF FF 00 10 0D 22 93 00 00 02 00 00 10 0B 7E 0C 00 00 32 1B 
00 FF FF 00 10 0D 22 93 00 00 02 00 00 10 0B 82 0C 00 00 1F A9 
00 FF FF 00 10 0D 22 93 00 00 02 00 00 10 0B 84 0C 00 00 2D 74 
00 FF FF 00 10 0D 22 93 00 00 02 00 00 10 0B 87 0C 00 00 31 55 
00 FF FF 00 10 0D 22 93 00 00 02 00 00 10 0B 88 0C 00 00 14 3D 
00 FF FF 00 10 0D 22 93 00 00 02 00 00 10 0B 90 0C 00 00 27 6B 
00 FF FF 00 10 0D 22 93 00 00 02 00 00 10 0B 91 0C 00 00 1E 09 
00 FF FF 00 10 0D 22 93 00 00 02 00 00 10 0B 92 0C 00 00 18 4D 
00 FF FF 00 10 0D 22 93 00 00 02 00 00 10 0B 93 0C 00 00 1F 13 
00 FF FF 00 10 0D 22 93 00 00 02 00 00 10 0B 94 0C 00 00 34 0D 
00 FF FF 00 10 0D 22 93 00 00 02 00 00 10 0B 96 0C 00 00 2F 8A 
