In order to load the library 'toscomm' Java tries to locate the file 'libtoscomm.so' in one of the following paths:
/usr/java/packages/lib/i386:/usr/lib/i386-linux-gnu/jni:/lib/i386-linux-gnu:/usr/lib/i386-linux-gnu:/usr/lib/jni:/lib:/usr/lib

The operating system is 'Linux' (i386)

Trying to locate the file 'linux_x86_toscomm.lib' in the classpath
Temporary file created: '/tmp/toscomm6044461573091333062.lib'
Library copied successfully. Let's load it.
Library loaded successfully
00 FF FF 00 00 09 00 72 33 01 F4 00 00 00 00 00 14 
00 FF FF 00 00 0A 00 93 00 00 04 00 00 17 00 01 02 51 
00 FF FF 00 00 09 00 72 21 00 02 00 17 00 01 00 18 
00 FF FF 00 00 0A 00 93 00 00 04 00 00 17 00 02 08 50 
00 FF FF 00 00 09 00 72 33 01 F4 00 00 00 00 00 19 
00 FF FF 00 00 09 00 72 21 00 03 00 17 00 01 00 1A 
00 FF FF 00 00 0A 00 93 00 00 04 00 00 17 00 03 F2 4F 
00 FF FF 00 00 09 00 72 21 00 04 00 17 00 01 00 1B 
00 FF FF 00 00 0A 00 93 00 00 04 00 00 17 00 04 F6 4E 
00 FF FF 00 00 09 00 72 21 00 05 00 17 00 01 00 1C 
00 FF FF 00 00 0A 00 93 00 00 04 00 00 17 00 05 F6 4E 
00 FF FF 00 00 09 00 72 33 01 F4 00 00 00 00 00 1D 
00 FF FF 00 00 09 00 72 21 00 06 00 17 00 01 00 1E 
00 FF FF 00 00 0A 00 93 00 00 04 00 00 17 00 06 F6 4E 
00 FF FF 00 00 09 00 72 21 00 07 00 17 00 01 00 1F 
00 FF FF 00 00 0A 00 93 00 00 04 00 00 17 00 07 F7 4E 
00 FF FF 00 00 09 00 72 21 00 08 00 17 00 01 00 20 
00 FF FF 00 00 0A 00 93 00 00 04 00 00 17 00 08 F8 4D 
00 FF FF 00 00 09 00 72 21 00 09 00 17 00 01 00 21 
00 FF FF 00 00 0A 00 93 00 00 04 00 00 17 00 09 F8 4E 
00 FF FF 00 00 09 00 72 21 00 0A 00 17 00 01 00 22 
00 FF FF 00 00 0A 00 93 00 00 04 00 00 17 00 0A F8 4F 
00 FF FF 00 00 09 00 72 21 00 0B 00 17 00 01 00 23 
00 FF FF 00 00 0A 00 93 00 00 04 00 00 17 00 0B F7 50 
00 FF FF 00 00 09 00 72 21 00 0C 00 17 00 01 00 24 
00 FF FF 00 00 0A 00 93 00 00 04 00 00 17 00 0C F8 4E 
00 FF FF 00 00 09 00 72 21 00 0D 00 17 00 01 00 25 
00 FF FF 00 00 0A 00 93 00 00 04 00 00 17 00 0D F8 50 
00 FF FF 00 00 09 00 72 21 00 0E 00 17 00 01 00 26 
00 FF FF 00 00 0A 00 93 00 00 04 00 00 17 00 0E F8 4E 
00 FF FF 00 00 09 00 72 21 00 0F 00 17 00 01 00 27 
00 FF FF 00 00 0A 00 93 00 00 04 00 00 17 00 0F F8 4F 
00 FF FF 00 00 09 00 72 33 01 F4 00 00 00 00 00 28 
00 FF FF 00 00 09 00 72 21 00 10 00 17 00 01 00 29 
00 FF FF 00 00 0A 00 93 00 00 04 00 00 17 00 10 F9 4F 
00 FF FF 00 00 09 00 72 21 00 11 00 17 00 01 00 2A 
00 FF FF 00 00 0A 00 93 00 00 04 00 00 17 00 11 FA 4E 
00 FF FF 00 00 09 00 72 21 00 11 00 17 00 01 00 2B 
00 FF FF 00 00 0A 00 93 00 00 04 00 00 17 00 11 FA 4F 
00 FF FF 00 00 09 00 72 21 00 12 00 17 00 01 00 2C 
00 FF FF 00 00 0A 00 93 00 00 04 00 00 17 00 12 FA 4F 
00 FF FF 00 00 09 00 72 21 00 13 00 17 00 01 00 2D 
00 FF FF 00 00 0A 00 93 00 00 04 00 00 17 00 13 F9 4F 
00 FF FF 00 00 09 00 72 21 00 14 00 17 00 01 00 2E 
00 FF FF 00 00 0A 00 93 00 00 04 00 00 17 00 14 F8 50 
00 FF FF 00 00 09 00 72 21 00 15 00 17 00 01 00 2F 
00 FF FF 00 00 0A 00 93 00 00 04 00 00 17 00 15 F8 4F 
00 FF FF 00 00 09 00 72 21 00 16 00 17 00 01 00 30 
00 FF FF 00 00 0A 00 93 00 00 04 00 00 17 00 16 F7 50 
00 FF FF 00 00 09 00 72 21 00 17 00 17 00 01 00 31 
00 FF FF 00 00 0A 00 93 00 00 04 00 00 17 00 17 F9 51 
00 FF FF 00 00 09 00 72 21 00 18 00 17 00 01 00 32 
00 FF FF 00 00 0A 00 93 00 00 04 00 00 17 00 18 F6 4F 
00 FF FF 00 00 09 00 72 21 00 19 00 17 00 01 00 33 
00 FF FF 00 00 0A 00 93 00 00 04 00 00 17 00 19 F3 4F 
00 FF FF 00 00 09 00 72 21 00 1A 00 17 00 01 00 34 
00 FF FF 00 00 0A 00 93 00 00 04 00 00 17 00 1A EF 50 
00 FF FF 00 00 09 00 72 21 00 1B 00 17 00 01 00 35 
00 FF FF 00 00 0A 00 93 00 00 04 00 00 17 00 1B F5 50 
00 FF FF 00 00 09 00 72 21 00 1C 00 17 00 01 00 36 
00 FF FF 00 00 0A 00 93 00 00 04 00 00 17 00 1C F5 4F 
00 FF FF 00 00 09 00 72 21 00 1D 00 17 00 01 00 37 
00 FF FF 00 00 0A 00 93 00 00 04 00 00 17 00 1D F3 50 
00 FF FF 00 00 09 00 72 21 00 1E 00 17 00 01 00 38 
00 FF FF 00 00 0A 00 93 00 00 04 00 00 17 00 1E F3 50 
00 FF FF 00 00 09 00 72 33 01 F4 00 00 00 00 00 39 
00 FF FF 00 00 09 00 72 21 00 1F 00 17 00 01 00 3A 
00 FF FF 00 00 0A 00 93 00 00 04 00 00 17 00 1F F6 4C 
00 FF FF 00 00 09 00 72 21 00 20 00 17 00 01 00 3B 
00 FF FF 00 00 0A 00 93 00 00 04 00 00 17 00 20 F1 4F 
00 FF FF 00 00 09 00 72 21 00 21 00 17 00 01 00 3C 
00 FF FF 00 00 0A 00 93 00 00 04 00 00 17 00 21 F1 4F 
00 FF FF 00 00 09 00 72 21 00 22 00 17 00 01 00 3D 
00 FF FF 00 00 0A 00 93 00 00 04 00 00 17 00 22 F2 50 
00 FF FF 00 00 09 00 72 21 00 23 00 17 00 01 00 3E 
00 FF FF 00 00 0A 00 93 00 00 04 00 00 17 00 23 F3 50 
00 FF FF 00 00 09 00 72 21 00 24 00 17 00 01 00 3F 
00 FF FF 00 00 0A 00 93 00 00 04 00 00 17 00 24 F5 51 
00 FF FF 00 00 09 00 72 21 00 25 00 17 00 01 00 40 
00 FF FF 00 00 0A 00 93 00 00 04 00 00 17 00 25 F6 4F 
00 FF FF 00 00 09 00 72 21 00 26 00 17 00 01 00 41 
00 FF FF 00 00 0A 00 93 00 00 04 00 00 17 00 26 F3 50 
00 FF FF 00 00 09 00 72 21 00 27 00 17 00 01 00 42 
00 FF FF 00 00 0A 00 93 00 00 04 00 00 17 00 27 F5 4F 
00 FF FF 00 00 09 00 72 21 00 28 00 17 00 01 00 43 
00 FF FF 00 00 0A 00 93 00 00 04 00 00 17 00 28 F1 4F 
00 FF FF 00 00 09 00 72 21 00 29 00 17 00 01 00 44 
00 FF FF 00 00 0A 00 93 00 00 04 00 00 17 00 29 EF 4C 
00 FF FF 00 00 09 00 72 21 00 2A 00 17 00 01 00 45 
00 FF FF 00 00 0A 00 93 00 00 04 00 00 17 00 2A F1 51 
00 FF FF 00 00 09 00 72 21 00 2B 00 17 00 01 00 46 
00 FF FF 00 00 0A 00 93 00 00 04 00 00 17 00 2B F3 4F 
00 FF FF 00 00 09 00 72 21 00 2C 00 17 00 01 00 47 
00 FF FF 00 00 0A 00 93 00 00 04 00 00 17 00 2C F6 50 
00 FF FF 00 00 09 00 72 21 00 2D 00 17 00 01 00 48 
00 FF FF 00 00 0A 00 93 00 00 04 00 00 17 00 2D F7 52 
00 FF FF 00 00 09 00 72 21 00 2E 00 17 00 01 00 49 
00 FF FF 00 00 0A 00 93 00 00 04 00 00 17 00 2E F5 51 
00 FF FF 00 00 09 00 72 21 00 2F 00 17 00 01 00 4A 
00 FF FF 00 00 0A 00 93 00 00 04 00 00 17 00 2F F1 50 
00 FF FF 00 00 09 00 72 21 00 30 00 17 00 01 00 4B 
00 FF FF 00 00 0A 00 93 00 00 04 00 00 17 00 30 F6 4F 
00 FF FF 00 00 09 00 72 21 00 31 00 17 00 01 00 4C 
00 FF FF 00 00 0A 00 93 00 00 04 00 00 17 00 31 F6 4E 
00 FF FF 00 00 09 00 72 33 01 F4 00 00 00 00 00 4D 
00 FF FF 00 00 09 00 72 21 00 32 00 17 00 01 00 4E 
00 FF FF 00 00 0A 00 93 00 00 04 00 00 17 00 32 F5 51 
00 FF FF 00 00 09 00 72 21 00 33 00 17 00 01 00 4F 
00 FF FF 00 00 0A 00 93 00 00 04 00 00 17 00 33 F3 51 
00 FF FF 00 00 09 00 72 21 00 34 00 17 00 01 00 50 
00 FF FF 00 00 0A 00 93 00 00 04 00 00 17 00 34 F3 4F 
00 FF FF 00 00 09 00 72 21 00 35 00 17 00 01 00 51 
00 FF FF 00 00 0A 00 93 00 00 04 00 00 17 00 35 F0 51 
00 FF FF 00 00 09 00 72 21 00 36 00 17 00 01 00 52 
00 FF FF 00 00 0A 00 93 00 00 04 00 00 17 00 36 EF 50 
00 FF FF 00 00 09 00 72 21 00 37 00 17 00 01 00 53 
00 FF FF 00 00 0A 00 93 00 00 04 00 00 17 00 37 F0 4E 
00 FF FF 00 00 09 00 72 21 00 38 00 17 00 01 00 54 
00 FF FF 00 00 0A 00 93 00 00 04 00 00 17 00 38 EE 50 
00 FF FF 00 00 09 00 72 21 00 39 00 17 00 01 00 55 
00 FF FF 00 00 0A 00 93 00 00 04 00 00 17 00 39 ED 50 
00 FF FF 00 00 09 00 72 21 00 3A 00 17 00 01 00 56 
00 FF FF 00 00 0A 00 93 00 00 04 00 00 17 00 3A EF 4F 
00 FF FF 00 00 09 00 72 21 00 3B 00 17 00 01 00 57 
00 FF FF 00 00 0A 00 93 00 00 04 00 00 17 00 3B ED 50 
00 FF FF 00 00 09 00 72 21 00 3C 00 17 00 01 00 58 
00 FF FF 00 00 0A 00 93 00 00 04 00 00 17 00 3C F6 50 
00 FF FF 00 00 09 00 72 21 00 3D 00 17 00 01 00 59 
00 FF FF 00 00 0A 00 93 00 00 04 00 00 17 00 3D F6 51 
00 FF FF 00 00 09 00 72 21 00 3E 00 17 00 01 00 5A 
00 FF FF 00 00 0A 00 93 00 00 04 00 00 17 00 3E F7 4F 
00 FF FF 00 00 09 00 72 21 00 3F 00 17 00 01 00 5B 
00 FF FF 00 00 0A 00 93 00 00 04 00 00 17 00 3F F2 4E 
00 FF FF 00 00 09 00 72 21 00 40 00 17 00 01 00 5C 
00 FF FF 00 00 0A 00 93 00 00 04 00 00 17 00 40 F3 4F 
00 FF FF 00 00 09 00 72 21 00 41 00 17 00 01 00 5D 
00 FF FF 00 00 0A 00 93 00 00 04 00 00 17 00 41 F2 4F 
00 FF FF 00 00 09 00 72 21 00 42 00 17 00 01 00 5E 
00 FF FF 00 00 0A 00 93 00 00 04 00 00 17 00 42 F5 50 
00 FF FF 00 00 09 00 72 21 00 43 00 17 00 01 00 5F 
00 FF FF 00 00 0A 00 93 00 00 04 00 00 17 00 43 F5 50 
00 FF FF 00 00 09 00 72 21 00 44 00 17 00 01 00 60 
00 FF FF 00 00 0A 00 93 00 00 04 00 00 17 00 44 F1 4E 
00 FF FF 00 00 09 00 72 21 00 45 00 17 00 01 00 61 
00 FF FF 00 00 0A 00 93 00 00 04 00 00 17 00 45 F1 4D 
00 FF FF 00 00 09 00 72 21 00 46 00 17 00 01 00 62 
00 FF FF 00 00 0A 00 93 00 00 04 00 00 17 00 46 F1 50 
00 FF FF 00 00 09 00 72 21 00 47 00 17 00 01 00 63 
00 FF FF 00 00 0A 00 93 00 00 04 00 00 17 00 47 F1 4F 
00 FF FF 00 00 09 00 72 21 00 48 00 17 00 01 00 64 
00 FF FF 00 00 0A 00 93 00 00 04 00 00 17 00 48 F1 4E 
00 FF FF 00 00 09 00 72 21 00 49 00 17 00 01 00 65 
00 FF FF 00 00 0A 00 93 00 00 04 00 00 17 00 49 F0 50 
00 FF FF 00 00 09 00 72 21 00 4A 00 17 00 01 00 66 
00 FF FF 00 00 0A 00 93 00 00 04 00 00 17 00 4A F2 50 
00 FF FF 00 00 09 00 72 21 00 4B 00 17 00 01 00 67 
00 FF FF 00 00 0A 00 93 00 00 04 00 00 17 00 4B F1 50 
00 FF FF 00 00 09 00 72 21 00 4C 00 17 00 01 00 68 
00 FF FF 00 00 0A 00 93 00 00 04 00 00 17 00 4C F1 50 
00 FF FF 00 00 09 00 72 21 00 4D 00 17 00 01 00 69 
00 FF FF 00 00 0A 00 93 00 00 04 00 00 17 00 4D F3 50 
00 FF FF 00 00 09 00 72 21 00 4D 00 17 00 01 00 6A 
00 FF FF 00 00 0A 00 93 00 00 04 00 00 17 00 4D F3 4D 
00 FF FF 00 00 09 00 72 21 00 4E 00 17 00 01 00 6B 
00 FF FF 00 00 0A 00 93 00 00 04 00 00 17 00 4E F3 50 
00 FF FF 00 00 09 00 72 21 00 4F 00 17 00 01 00 6C 
00 FF FF 00 00 0A 00 93 00 00 04 00 00 17 00 4F F3 50 
00 FF FF 00 00 09 00 72 21 00 50 00 17 00 01 00 6D 
00 FF FF 00 00 0A 00 93 00 00 04 00 00 17 00 50 F3 4E 
00 FF FF 00 00 09 00 72 21 00 51 00 17 00 01 00 6E 
00 FF FF 00 00 0A 00 93 00 00 04 00 00 17 00 51 F6 4D 
00 FF FF 00 00 09 00 72 21 00 52 00 17 00 01 00 6F 
00 FF FF 00 00 0A 00 93 00 00 04 00 00 17 00 52 F6 50 
00 FF FF 00 00 09 00 72 21 00 53 00 17 00 01 00 70 
00 FF FF 00 00 0A 00 93 00 00 04 00 00 17 00 53 F6 4F 
00 FF FF 00 00 09 00 72 21 00 54 00 17 00 01 00 71 
00 FF FF 00 00 0A 00 93 00 00 04 00 00 17 00 54 F0 4F 
00 FF FF 00 00 09 00 72 21 00 55 00 17 00 01 00 72 
00 FF FF 00 00 0A 00 93 00 00 04 00 00 17 00 55 F6 4D 
00 FF FF 00 00 09 00 72 21 00 56 00 17 00 01 00 73 
00 FF FF 00 00 0A 00 93 00 00 04 00 00 17 00 56 F0 50 
00 FF FF 00 00 09 00 72 21 00 57 00 17 00 01 00 74 
00 FF FF 00 00 0A 00 93 00 00 04 00 00 17 00 57 ED 4F 
00 FF FF 00 00 09 00 72 21 00 58 00 17 00 01 00 75 
00 FF FF 00 00 0A 00 93 00 00 04 00 00 17 00 58 EF 4E 
00 FF FF 00 00 09 00 72 21 00 59 00 17 00 01 00 76 
00 FF FF 00 00 0A 00 93 00 00 04 00 00 17 00 59 F1 4F 
00 FF FF 00 00 09 00 72 21 00 5A 00 17 00 01 00 77 
00 FF FF 00 00 0A 00 93 00 00 04 00 00 17 00 5A F0 4E 
00 FF FF 00 00 09 00 72 21 00 5B 00 17 00 01 00 78 
00 FF FF 00 00 0A 00 93 00 00 04 00 00 17 00 5B EF 50 
00 FF FF 00 00 09 00 72 21 00 5C 00 17 00 01 00 79 
00 FF FF 00 00 0A 00 93 00 00 04 00 00 17 00 5C F1 51 
00 FF FF 00 00 09 00 72 21 00 5C 00 17 00 01 00 7A 
00 FF FF 00 00 0A 00 93 00 00 04 00 00 17 00 5C F1 52 
00 FF FF 00 00 09 00 72 21 00 5D 00 17 00 01 00 7B 
00 FF FF 00 00 0A 00 93 00 00 04 00 00 17 00 5D EB 50 
00 FF FF 00 00 09 00 72 21 00 5E 00 17 00 01 00 7C 
00 FF FF 00 00 0A 00 93 00 00 04 00 00 17 00 5E F1 50 
00 FF FF 00 00 09 00 72 21 00 5F 00 17 00 01 00 7D 
00 FF FF 00 00 0A 00 93 00 00 04 00 00 17 00 5F F6 4F 
00 FF FF 00 00 09 00 72 21 00 60 00 17 00 01 00 7E 
00 FF FF 00 00 0A 00 93 00 00 04 00 00 17 00 60 F5 50 
00 FF FF 00 00 09 00 72 21 00 61 00 17 00 01 00 7F 
00 FF FF 00 00 0A 00 93 00 00 04 00 00 17 00 61 F2 50 
00 FF FF 00 00 09 00 72 21 00 62 00 17 00 01 00 80 
00 FF FF 00 00 0A 00 93 00 00 04 00 00 17 00 62 F1 50 
00 FF FF 00 00 09 00 72 21 00 63 00 17 00 01 00 81 
00 FF FF 00 00 0A 00 93 00 00 04 00 00 17 00 63 F7 51 
00 FF FF 00 00 09 00 72 21 00 64 00 17 00 01 00 82 
00 FF FF 00 00 0A 00 93 00 00 04 00 00 17 00 64 F1 50 
00 FF FF 00 00 09 00 72 21 00 65 00 17 00 01 00 83 
00 FF FF 00 00 0A 00 93 00 00 04 00 00 17 00 65 F2 4E 
00 FF FF 00 00 09 00 72 21 00 66 00 17 00 01 00 84 
00 FF FF 00 00 0A 00 93 00 00 04 00 00 17 00 66 F6 50 
00 FF FF 00 00 09 00 72 21 00 67 00 17 00 01 00 85 
00 FF FF 00 00 0A 00 93 00 00 04 00 00 17 00 67 F6 50 
00 FF FF 00 00 09 00 72 21 00 67 00 17 00 01 00 86 
00 FF FF 00 00 0A 00 93 00 00 04 00 00 17 00 67 F7 52 
00 FF FF 00 00 09 00 72 21 00 68 00 17 00 01 00 87 
00 FF FF 00 00 0A 00 93 00 00 04 00 00 17 00 68 F6 4F 
00 FF FF 00 00 09 00 72 21 00 69 00 17 00 01 00 88 
00 FF FF 00 00 0A 00 93 00 00 04 00 00 17 00 69 F6 53 
00 FF FF 00 00 09 00 72 21 00 6A 00 17 00 01 00 89 
00 FF FF 00 00 0A 00 93 00 00 04 00 00 17 00 6A F5 52 
00 FF FF 00 00 09 00 72 21 00 6B 00 17 00 01 00 8A 
00 FF FF 00 00 0A 00 93 00 00 04 00 00 17 00 6B F6 52 
00 FF FF 00 00 09 00 72 21 00 6C 00 17 00 01 00 8B 
00 FF FF 00 00 0A 00 93 00 00 04 00 00 17 00 6C F6 52 
00 FF FF 00 00 09 00 72 21 00 6D 00 17 00 01 00 8C 
00 FF FF 00 00 0A 00 93 00 00 04 00 00 17 00 6D F6 4E 
00 FF FF 00 00 09 00 72 33 01 F4 00 00 00 00 00 8D 
00 FF FF 00 00 09 00 72 21 00 6E 00 17 00 01 00 8E 
00 FF FF 00 00 0A 00 93 00 00 04 00 00 17 00 6E F6 51 
00 FF FF 00 00 09 00 72 21 00 6F 00 17 00 01 00 8F 
00 FF FF 00 00 0A 00 93 00 00 04 00 00 17 00 6F F6 51 
00 FF FF 00 00 09 00 72 21 00 70 00 17 00 01 00 90 
00 FF FF 00 00 0A 00 93 00 00 04 00 00 17 00 70 F6 50 
00 FF FF 00 00 09 00 72 21 00 71 00 17 00 01 00 91 
00 FF FF 00 00 0A 00 93 00 00 04 00 00 17 00 71 F5 50 
00 FF FF 00 00 09 00 72 21 00 72 00 17 00 01 00 92 
00 FF FF 00 00 0A 00 93 00 00 04 00 00 17 00 72 F2 52 
00 FF FF 00 00 09 00 72 21 00 73 00 17 00 01 00 93 
00 FF FF 00 00 0A 00 93 00 00 04 00 00 17 00 73 F5 50 
00 FF FF 00 00 09 00 72 21 00 74 00 17 00 01 00 94 
00 FF FF 00 00 0A 00 93 00 00 04 00 00 17 00 74 F3 52 
00 FF FF 00 00 09 00 72 21 00 75 00 17 00 01 00 95 
00 FF FF 00 00 0A 00 93 00 00 04 00 00 17 00 75 F5 51 
00 FF FF 00 00 09 00 72 21 00 76 00 17 00 01 00 96 
00 FF FF 00 00 0A 00 93 00 00 04 00 00 17 00 76 F6 50 
00 FF FF 00 00 09 00 72 21 00 77 00 17 00 01 00 97 
00 FF FF 00 00 0A 00 93 00 00 04 00 00 17 00 77 F5 51 
00 FF FF 00 00 09 00 72 21 00 78 00 17 00 01 00 98 
00 FF FF 00 00 0A 00 93 00 00 04 00 00 17 00 78 F7 52 
00 FF FF 00 00 09 00 72 21 00 79 00 17 00 01 00 99 
00 FF FF 00 00 0A 00 93 00 00 04 00 00 17 00 79 F5 52 
00 FF FF 00 00 09 00 72 21 00 7A 00 17 00 01 00 9A 
00 FF FF 00 00 0A 00 93 00 00 04 00 00 17 00 7A F5 51 
00 FF FF 00 00 09 00 72 21 00 7B 00 17 00 01 00 9B 
00 FF FF 00 00 0A 00 93 00 00 04 00 00 17 00 7B F6 4F 
00 FF FF 00 00 09 00 72 21 00 7C 00 17 00 01 00 9C 
00 FF FF 00 00 0A 00 93 00 00 04 00 00 17 00 7C F6 4E 
00 FF FF 00 00 09 00 72 21 00 7D 00 17 00 01 00 9D 
00 FF FF 00 00 0A 00 93 00 00 04 00 00 17 00 7D EF 50 
00 FF FF 00 00 09 00 72 21 00 7E 00 17 00 01 00 9E 
00 FF FF 00 00 0A 00 93 00 00 04 00 00 17 00 7E F1 51 
00 FF FF 00 00 09 00 72 21 00 7F 00 17 00 01 00 9F 
00 FF FF 00 00 0A 00 93 00 00 04 00 00 17 00 7F F4 52 
00 FF FF 00 00 09 00 72 21 00 80 00 17 00 01 00 A0 
00 FF FF 00 00 0A 00 93 00 00 04 00 00 17 00 80 F5 4F 
00 FF FF 00 00 09 00 72 21 00 81 00 17 00 01 00 A1 
00 FF FF 00 00 0A 00 93 00 00 04 00 00 17 00 81 F7 50 
00 FF FF 00 00 09 00 72 21 00 82 00 17 00 01 00 A2 
00 FF FF 00 00 0A 00 93 00 00 04 00 00 17 00 82 F3 50 
00 FF FF 00 00 09 00 72 21 00 83 00 17 00 01 00 A3 
00 FF FF 00 00 0A 00 93 00 00 04 00 00 17 00 83 F7 51 
00 FF FF 00 00 09 00 72 21 00 84 00 17 00 01 00 A4 
00 FF FF 00 00 0A 00 93 00 00 04 00 00 17 00 84 F7 51 
00 FF FF 00 00 09 00 72 21 00 85 00 17 00 01 00 A5 
00 FF FF 00 00 0A 00 93 00 00 04 00 00 17 00 85 F7 50 
00 FF FF 00 00 09 00 72 21 00 86 00 17 00 01 00 A6 
00 FF FF 00 00 0A 00 93 00 00 04 00 00 17 00 86 F3 53 
00 FF FF 00 00 09 00 72 21 00 87 00 17 00 01 00 A7 
00 FF FF 00 00 0A 00 93 00 00 04 00 00 17 00 87 EF 50 
00 FF FF 00 00 09 00 72 21 00 88 00 17 00 01 00 A8 
00 FF FF 00 00 0A 00 93 00 00 04 00 00 17 00 88 EF 50 
00 FF FF 00 00 09 00 72 21 00 89 00 17 00 01 00 A9 
00 FF FF 00 00 0A 00 93 00 00 04 00 00 17 00 89 EC 50 
00 FF FF 00 00 09 00 72 21 00 89 00 17 00 01 00 AA 
00 FF FF 00 00 0A 00 93 00 00 04 00 00 17 00 89 ED 4E 
00 FF FF 00 00 09 00 72 21 00 8A 00 17 00 01 00 AB 
00 FF FF 00 00 0A 00 93 00 00 04 00 00 17 00 8A EF 50 
00 FF FF 00 00 09 00 72 21 00 8B 00 17 00 01 00 AC 
00 FF FF 00 00 0A 00 93 00 00 04 00 00 17 00 8B EF 51 
00 FF FF 00 00 09 00 72 21 00 8C 00 17 00 01 00 AD 
00 FF FF 00 00 0A 00 93 00 00 04 00 00 17 00 8C F0 4F 
00 FF FF 00 00 09 00 72 21 00 8D 00 17 00 01 00 AE 
00 FF FF 00 00 0A 00 93 00 00 04 00 00 17 00 8D F0 52 
00 FF FF 00 00 09 00 72 21 00 8E 00 17 00 01 00 AF 
00 FF FF 00 00 0A 00 93 00 00 04 00 00 17 00 8E F0 53 
00 FF FF 00 00 09 00 72 21 00 8F 00 17 00 01 00 B0 
00 FF FF 00 00 0A 00 93 00 00 04 00 00 17 00 8F F2 4F 
00 FF FF 00 00 09 00 72 21 00 90 00 17 00 01 00 B1 
00 FF FF 00 00 0A 00 93 00 00 04 00 00 17 00 90 F1 52 
00 FF FF 00 00 09 00 72 21 00 90 00 17 00 01 00 B2 
00 FF FF 00 00 0A 00 93 00 00 04 00 00 17 00 90 F1 52 
00 FF FF 00 00 09 00 72 21 00 91 00 17 00 01 00 B3 
00 FF FF 00 00 0A 00 93 00 00 04 00 00 17 00 91 F1 50 
00 FF FF 00 00 09 00 72 21 00 92 00 17 00 01 00 B4 
00 FF FF 00 00 0A 00 93 00 00 04 00 00 17 00 92 F4 51 
00 FF FF 00 00 09 00 72 21 00 92 00 17 00 01 00 B5 
00 FF FF 00 00 0A 00 93 00 00 04 00 00 17 00 92 F1 50 
00 FF FF 00 00 09 00 72 21 00 93 00 17 00 01 00 B6 
00 FF FF 00 00 0A 00 93 00 00 04 00 00 17 00 93 F1 50 
00 FF FF 00 00 09 00 72 21 00 93 00 17 00 01 00 B7 
00 FF FF 00 00 0A 00 93 00 00 04 00 00 17 00 93 F1 52 
00 FF FF 00 00 09 00 72 21 00 94 00 17 00 01 00 B8 
00 FF FF 00 00 0A 00 93 00 00 04 00 00 17 00 94 F1 4F 
00 FF FF 00 00 09 00 72 21 00 95 00 17 00 01 00 B9 
00 FF FF 00 00 0A 00 93 00 00 04 00 00 17 00 95 F1 4E 
00 FF FF 00 00 09 00 72 21 00 96 00 17 00 01 00 BA 
00 FF FF 00 00 0A 00 93 00 00 04 00 00 17 00 96 F7 51 
00 FF FF 00 00 09 00 72 21 00 97 00 17 00 01 00 BB 
00 FF FF 00 00 0A 00 93 00 00 04 00 00 17 00 97 F1 53 
00 FF FF 00 00 09 00 72 21 00 98 00 17 00 01 00 BC 
00 FF FF 00 00 0A 00 93 00 00 04 00 00 17 00 98 F6 51 
00 FF FF 00 00 09 00 72 21 00 99 00 17 00 01 00 BD 
00 FF FF 00 00 0A 00 93 00 00 04 00 00 17 00 99 F5 51 
00 FF FF 00 00 09 00 72 21 00 9A 00 17 00 01 00 BE 
00 FF FF 00 00 0A 00 93 00 00 04 00 00 17 00 9A F6 51 
00 FF FF 00 00 09 00 72 21 00 9B 00 17 00 01 00 BF 
00 FF FF 00 00 0A 00 93 00 00 04 00 00 17 00 9B F6 51 
00 FF FF 00 00 09 00 72 21 00 9C 00 17 00 01 00 C0 
00 FF FF 00 00 0A 00 93 00 00 04 00 00 17 00 9C F7 50 
00 FF FF 00 00 09 00 72 21 00 9D 00 17 00 01 00 C1 
00 FF FF 00 00 0A 00 93 00 00 04 00 00 17 00 9D F6 52 
00 FF FF 00 00 09 00 72 21 00 9E 00 17 00 01 00 C2 
00 FF FF 00 00 0A 00 93 00 00 04 00 00 17 00 9E F3 51 
00 FF FF 00 00 09 00 72 21 00 9F 00 17 00 01 00 C3 
00 FF FF 00 00 0A 00 93 00 00 04 00 00 17 00 9F EF 51 
00 FF FF 00 00 09 00 72 21 00 9F 00 17 00 01 00 C4 
00 FF FF 00 00 0A 00 93 00 00 04 00 00 17 00 9F EF 4F 
00 FF FF 00 00 09 00 72 21 00 A0 00 17 00 01 00 C5 
00 FF FF 00 00 0A 00 93 00 00 04 00 00 17 00 A0 EF 4F 
00 FF FF 00 00 09 00 72 21 00 A1 00 17 00 01 00 C6 
00 FF FF 00 00 0A 00 93 00 00 04 00 00 17 00 A1 ED 51 
00 FF FF 00 00 09 00 72 21 00 A2 00 17 00 01 00 C7 
00 FF FF 00 00 0A 00 93 00 00 04 00 00 17 00 A2 EC 4F 
00 FF FF 00 00 09 00 72 21 00 A3 00 17 00 01 00 C8 
00 FF FF 00 00 0A 00 93 00 00 04 00 00 17 00 A3 ED 50 
00 FF FF 00 00 09 00 72 21 00 A4 00 17 00 01 00 C9 
00 FF FF 00 00 0A 00 93 00 00 04 00 00 17 00 A4 EE 50 
00 FF FF 00 00 09 00 72 21 00 A5 00 17 00 01 00 CA 
00 FF FF 00 00 0A 00 93 00 00 04 00 00 17 00 A5 EF 51 
00 FF FF 00 00 09 00 72 21 00 A6 00 17 00 01 00 CB 
00 FF FF 00 00 0A 00 93 00 00 04 00 00 17 00 A6 EE 51 
00 FF FF 00 00 09 00 72 21 00 A7 00 17 00 01 00 CC 
00 FF FF 00 00 0A 00 93 00 00 04 00 00 17 00 A7 EE 52 
00 FF FF 00 00 09 00 72 21 00 A8 00 17 00 01 00 CD 
00 FF FF 00 00 0A 00 93 00 00 04 00 00 17 00 A8 EE 52 
00 FF FF 00 00 09 00 72 21 00 A9 00 17 00 01 00 CE 
00 FF FF 00 00 0A 00 93 00 00 04 00 00 17 00 A9 EF 4F 
00 FF FF 00 00 09 00 72 21 00 A9 00 17 00 01 00 CF 
00 FF FF 00 00 0A 00 93 00 00 04 00 00 17 00 A9 EF 50 
00 FF FF 00 00 09 00 72 21 00 AA 00 17 00 01 00 D0 
00 FF FF 00 00 0A 00 93 00 00 04 00 00 17 00 AA F5 4F 
00 FF FF 00 00 09 00 72 21 00 AB 00 17 00 01 00 D1 
00 FF FF 00 00 0A 00 93 00 00 04 00 00 17 00 AB F2 52 
00 FF FF 00 00 09 00 72 21 00 AB 00 17 00 01 00 D2 
00 FF FF 00 00 0A 00 93 00 00 04 00 00 17 00 AB F1 51 
00 FF FF 00 00 09 00 72 21 00 AC 00 17 00 01 00 D3 
00 FF FF 00 00 0A 00 93 00 00 04 00 00 17 00 AC F7 50 
00 FF FF 00 00 09 00 72 21 00 AD 00 17 00 01 00 D4 
00 FF FF 00 00 0A 00 93 00 00 04 00 00 17 00 AD F7 51 
00 FF FF 00 00 09 00 72 21 00 AE 00 17 00 01 00 D5 
00 FF FF 00 00 0A 00 93 00 00 04 00 00 17 00 AE F6 4E 
00 FF FF 00 00 09 00 72 21 00 AF 00 17 00 01 00 D6 
00 FF FF 00 00 0A 00 93 00 00 04 00 00 17 00 AF F1 4F 
00 FF FF 00 00 09 00 72 21 00 B0 00 17 00 01 00 D7 
00 FF FF 00 00 0A 00 93 00 00 04 00 00 17 00 B0 F5 4E 
00 FF FF 00 00 09 00 72 21 00 B1 00 17 00 01 00 D8 
00 FF FF 00 00 0A 00 93 00 00 04 00 00 17 00 B1 F1 53 
00 FF FF 00 00 09 00 72 21 00 B2 00 17 00 01 00 D9 
00 FF FF 00 00 0A 00 93 00 00 04 00 00 17 00 B2 F0 4F 
00 FF FF 00 00 09 00 72 21 00 B3 00 17 00 01 00 DA 
00 FF FF 00 00 0A 00 93 00 00 04 00 00 17 00 B3 EA 50 
00 FF FF 00 00 09 00 72 21 00 B3 00 17 00 01 00 DB 
00 FF FF 00 00 0A 00 93 00 00 04 00 00 17 00 B3 ED 4E 
00 FF FF 00 00 09 00 72 21 00 B4 00 17 00 01 00 DC 
00 FF FF 00 00 0A 00 93 00 00 04 00 00 17 00 B4 EC 50 
00 FF FF 00 00 09 00 72 21 00 B4 00 17 00 01 00 DD 
00 FF FF 00 00 0A 00 93 00 00 04 00 00 17 00 B4 ED 51 
00 FF FF 00 00 09 00 72 21 00 B5 00 17 00 01 00 DE 
00 FF FF 00 00 0A 00 93 00 00 04 00 00 17 00 B5 F3 52 
00 FF FF 00 00 09 00 72 21 00 B6 00 17 00 01 00 DF 
00 FF FF 00 00 0A 00 93 00 00 04 00 00 17 00 B6 EE 52 
00 FF FF 00 00 09 00 72 21 00 B7 00 17 00 01 00 E0 
00 FF FF 00 00 0A 00 93 00 00 04 00 00 17 00 B7 F6 52 
00 FF FF 00 00 09 00 72 21 00 B8 00 17 00 01 00 E1 
00 FF FF 00 00 0A 00 93 00 00 04 00 00 17 00 B8 F0 50 
00 FF FF 00 00 09 00 72 21 00 B9 00 17 00 01 00 E2 
00 FF FF 00 00 0A 00 93 00 00 04 00 00 17 00 B9 EF 4F 
00 FF FF 00 00 09 00 72 21 00 BA 00 17 00 01 00 E3 
00 FF FF 00 00 0A 00 93 00 00 04 00 00 17 00 BA F1 51 
00 FF FF 00 00 09 00 72 21 00 BB 00 17 00 01 00 E4 
00 FF FF 00 00 0A 00 93 00 00 04 00 00 17 00 BB F1 4F 
00 FF FF 00 00 09 00 72 21 00 BC 00 17 00 01 00 E5 
00 FF FF 00 00 0A 00 93 00 00 04 00 00 17 00 BC F0 4F 
00 FF FF 00 00 09 00 72 21 00 BD 00 17 00 01 00 E6 
00 FF FF 00 00 0A 00 93 00 00 04 00 00 17 00 BD F0 52 
00 FF FF 00 00 09 00 72 21 00 BE 00 17 00 01 00 E7 
00 FF FF 00 00 0A 00 93 00 00 04 00 00 17 00 BE EF 51 
00 FF FF 00 00 09 00 72 21 00 BF 00 17 00 01 00 E8 
00 FF FF 00 00 0A 00 93 00 00 04 00 00 17 00 BF F1 51 
00 FF FF 00 00 09 00 72 21 00 C0 00 17 00 01 00 E9 
00 FF FF 00 00 0A 00 93 00 00 04 00 00 17 00 C0 F1 50 
00 FF FF 00 00 09 00 72 21 00 C1 00 17 00 01 00 EA 
00 FF FF 00 00 0A 00 93 00 00 04 00 00 17 00 C1 F1 51 
00 FF FF 00 00 09 00 72 21 00 C2 00 17 00 01 00 EB 
00 FF FF 00 00 0A 00 93 00 00 04 00 00 17 00 C2 ED 51 
00 FF FF 00 00 09 00 72 33 01 F4 00 00 00 00 00 EC 
00 FF FF 00 00 09 00 72 21 00 C3 00 17 00 01 00 ED 
00 FF FF 00 00 0A 00 93 00 00 04 00 00 17 00 C3 F0 51 
00 FF FF 00 00 09 00 72 21 00 C4 00 17 00 01 00 EE 
00 FF FF 00 00 0A 00 93 00 00 04 00 00 17 00 C4 ED 51 
00 FF FF 00 00 09 00 72 21 00 C4 00 17 00 01 00 EF 
00 FF FF 00 00 0A 00 93 00 00 04 00 00 17 00 C4 ED 51 
00 FF FF 00 00 09 00 72 21 00 C4 00 17 00 01 00 F0 
00 FF FF 00 00 0A 00 93 00 00 04 00 00 17 00 C4 EE 4B 
00 FF FF 00 00 09 00 72 21 00 C5 00 17 00 01 00 F1 
00 FF FF 00 00 0A 00 93 00 00 04 00 00 17 00 C5 ED 51 
00 FF FF 00 00 09 00 72 21 00 C6 00 17 00 01 00 F2 
00 FF FF 00 00 0A 00 93 00 00 04 00 00 17 00 C6 ED 51 
00 FF FF 00 00 09 00 72 21 00 C7 00 17 00 01 00 F3 
00 FF FF 00 00 0A 00 93 00 00 04 00 00 17 00 C7 EC 4D 
00 FF FF 00 00 09 00 72 21 00 C8 00 17 00 01 00 F4 
00 FF FF 00 00 0A 00 93 00 00 04 00 00 17 00 C8 ED 50 
00 FF FF 00 00 09 00 72 21 00 C8 00 17 00 01 00 F5 
00 FF FF 00 00 0A 00 93 00 00 04 00 00 17 00 C8 ED 35 
00 FF FF 00 00 09 00 72 21 00 C8 00 17 00 01 00 F6 
00 FF FF 00 00 0A 00 93 00 00 04 00 00 17 00 C8 ED 51 
00 FF FF 00 00 09 00 72 21 00 C9 00 17 00 01 00 F7 
00 FF FF 00 00 0A 00 93 00 00 04 00 00 17 00 C9 ED 52 
00 FF FF 00 00 09 00 72 21 00 CA 00 17 00 01 00 F8 
00 FF FF 00 00 0A 00 93 00 00 04 00 00 17 00 CA ED 50 
00 FF FF 00 00 09 00 72 21 00 CB 00 17 00 01 00 F9 
00 FF FF 00 00 0A 00 93 00 00 04 00 00 17 00 CB F0 52 
00 FF FF 00 00 09 00 72 21 00 CC 00 17 00 01 00 FA 
00 FF FF 00 00 0A 00 93 00 00 04 00 00 17 00 CC F0 4F 
00 FF FF 00 00 09 00 72 21 00 CD 00 17 00 01 00 FB 
00 FF FF 00 00 0A 00 93 00 00 04 00 00 17 00 CD F0 52 
00 FF FF 00 00 09 00 72 21 00 CE 00 17 00 01 00 FC 
00 FF FF 00 00 0A 00 93 00 00 04 00 00 17 00 CE EF 51 
00 FF FF 00 00 09 00 72 21 00 CE 00 17 00 01 00 FD 
00 FF FF 00 00 0A 00 93 00 00 04 00 00 17 00 CE EF 51 
00 FF FF 00 00 09 00 72 21 00 CF 00 17 00 01 00 FE 
00 FF FF 00 00 0A 00 93 00 00 04 00 00 17 00 CF ED 53 
00 FF FF 00 00 09 00 72 21 00 CF 00 17 00 01 00 FF 
00 FF FF 00 00 0A 00 93 00 00 04 00 00 17 00 CF ED 52 
00 FF FF 00 00 09 00 72 21 00 D0 00 17 00 01 01 00 
00 FF FF 00 00 0A 00 93 00 00 04 00 00 17 00 D0 EE 51 
00 FF FF 00 00 09 00 72 21 00 D1 00 17 00 01 01 01 
00 FF FF 00 00 0A 00 93 00 00 04 00 00 17 00 D1 EC 53 
00 FF FF 00 00 09 00 72 21 00 D1 00 17 00 01 01 02 
00 FF FF 00 00 0A 00 93 00 00 04 00 00 17 00 D1 EC 52 
00 FF FF 00 00 09 00 72 21 00 D2 00 17 00 01 01 03 
00 FF FF 00 00 0A 00 93 00 00 04 00 00 17 00 D2 F0 51 
00 FF FF 00 00 09 00 72 21 00 D3 00 17 00 01 01 04 
00 FF FF 00 00 0A 00 93 00 00 04 00 00 17 00 D3 EF 52 
00 FF FF 00 00 09 00 72 21 00 D4 00 17 00 01 01 05 
00 FF FF 00 00 0A 00 93 00 00 04 00 00 17 00 D4 EF 52 
00 FF FF 00 00 09 00 72 21 00 D5 00 17 00 01 01 06 
00 FF FF 00 00 0A 00 93 00 00 04 00 00 17 00 D5 F1 50 
00 FF FF 00 00 09 00 72 21 00 D5 00 17 00 01 01 07 
00 FF FF 00 00 0A 00 93 00 00 04 00 00 17 00 D5 F0 50 
00 FF FF 00 00 09 00 72 21 00 D6 00 17 00 01 01 08 
00 FF FF 00 00 0A 00 93 00 00 04 00 00 17 00 D6 F1 50 
00 FF FF 00 00 09 00 72 21 00 D7 00 17 00 01 01 09 
00 FF FF 00 00 0A 00 93 00 00 04 00 00 17 00 D7 F1 50 
00 FF FF 00 00 09 00 72 21 00 D8 00 17 00 01 01 0A 
00 FF FF 00 00 0A 00 93 00 00 04 00 00 17 00 D8 F2 50 
00 FF FF 00 00 09 00 72 21 00 D8 00 17 00 01 01 0B 
00 FF FF 00 00 0A 00 93 00 00 04 00 00 17 00 D8 F3 52 
00 FF FF 00 00 09 00 72 21 00 D9 00 17 00 01 01 0C 
00 FF FF 00 00 0A 00 93 00 00 04 00 00 17 00 D9 F1 53 
00 FF FF 00 00 09 00 72 21 00 DA 00 17 00 01 01 0D 
00 FF FF 00 00 0A 00 93 00 00 04 00 00 17 00 DA E4 4D 
00 FF FF 00 00 09 00 72 21 00 DB 00 17 00 01 01 0E 
00 FF FF 00 00 0A 00 93 00 00 04 00 00 17 00 DB EC 50 
00 FF FF 00 00 09 00 72 21 00 DC 00 17 00 01 01 0F 
00 FF FF 00 00 0A 00 93 00 00 04 00 00 17 00 DC E8 4F 
00 FF FF 00 00 09 00 72 21 00 DD 00 17 00 01 01 10 
00 FF FF 00 00 0A 00 93 00 00 04 00 00 17 00 DD E7 50 
00 FF FF 00 00 09 00 72 21 00 DE 00 17 00 01 01 11 
00 FF FF 00 00 0A 00 93 00 00 04 00 00 17 00 DE EA 4F 
00 FF FF 00 00 09 00 72 21 00 DE 00 17 00 01 01 12 
00 FF FF 00 00 0A 00 93 00 00 04 00 00 17 00 DE EB 53 
00 FF FF 00 00 09 00 72 21 00 DF 00 17 00 01 01 13 
00 FF FF 00 00 0A 00 93 00 00 04 00 00 17 00 DF ED 52 
00 FF FF 00 00 09 00 72 21 00 E0 00 17 00 01 01 14 
00 FF FF 00 00 0A 00 93 00 00 04 00 00 17 00 E0 EF 51 
00 FF FF 00 00 09 00 72 21 00 E1 00 17 00 01 01 15 
00 FF FF 00 00 0A 00 93 00 00 04 00 00 17 00 E1 E9 51 
00 FF FF 00 00 09 00 72 21 00 E2 00 17 00 01 01 16 
00 FF FF 00 00 0A 00 93 00 00 04 00 00 17 00 E2 E9 53 
00 FF FF 00 00 09 00 72 21 00 E3 00 17 00 01 01 17 
00 FF FF 00 00 0A 00 93 00 00 04 00 00 17 00 E3 EA 4F 
00 FF FF 00 00 09 00 72 21 00 E3 00 17 00 01 01 18 
00 FF FF 00 00 0A 00 93 00 00 04 00 00 17 00 E3 EA 4F 
00 FF FF 00 00 09 00 72 21 00 E4 00 17 00 01 01 19 
00 FF FF 00 00 0A 00 93 00 00 04 00 00 17 00 E4 ED 52 
00 FF FF 00 00 09 00 72 21 00 E5 00 17 00 01 01 1A 
00 FF FF 00 00 0A 00 93 00 00 04 00 00 17 00 E5 F0 4F 
00 FF FF 00 00 09 00 72 21 00 E5 00 17 00 01 01 1B 
00 FF FF 00 00 0A 00 93 00 00 04 00 00 17 00 E5 EF 52 
00 FF FF 00 00 09 00 72 21 00 E5 00 17 00 01 01 1C 
00 FF FF 00 00 0A 00 93 00 00 04 00 00 17 00 E5 EF 51 
00 FF FF 00 00 09 00 72 21 00 E6 00 17 00 01 01 1D 
00 FF FF 00 00 0A 00 93 00 00 04 00 00 17 00 E6 EF 50 
00 FF FF 00 00 09 00 72 21 00 E7 00 17 00 01 01 1E 
00 FF FF 00 00 0A 00 93 00 00 04 00 00 17 00 E7 EC 52 
00 FF FF 00 00 09 00 72 21 00 E8 00 17 00 01 01 1F 
00 FF FF 00 00 0A 00 93 00 00 04 00 00 17 00 E8 ED 51 
00 FF FF 00 00 09 00 72 21 00 E9 00 17 00 01 01 20 
00 FF FF 00 00 0A 00 93 00 00 04 00 00 17 00 E9 EF 52 
00 FF FF 00 00 09 00 72 21 00 EA 00 17 00 01 01 21 
00 FF FF 00 00 0A 00 93 00 00 04 00 00 17 00 EA EF 53 
00 FF FF 00 00 09 00 72 21 00 EB 00 17 00 01 01 22 
00 FF FF 00 00 0A 00 93 00 00 04 00 00 17 00 EB F0 50 
00 FF FF 00 00 09 00 72 21 00 EC 00 17 00 01 01 23 
00 FF FF 00 00 0A 00 93 00 00 04 00 00 17 00 EC F0 52 
00 FF FF 00 00 09 00 72 21 00 ED 00 17 00 01 01 24 
00 FF FF 00 00 0A 00 93 00 00 04 00 00 17 00 ED F1 53 
00 FF FF 00 00 09 00 72 21 00 EE 00 17 00 01 01 25 
00 FF FF 00 00 0A 00 93 00 00 04 00 00 17 00 EE F1 52 
00 FF FF 00 00 09 00 72 21 00 EF 00 17 00 01 01 26 
00 FF FF 00 00 0A 00 93 00 00 04 00 00 17 00 EF F1 52 
00 FF FF 00 00 09 00 72 21 00 EF 00 17 00 01 01 27 
00 FF FF 00 00 0A 00 93 00 00 04 00 00 17 00 EF F1 53 
00 FF FF 00 00 09 00 72 21 00 F0 00 17 00 01 01 28 
00 FF FF 00 00 0A 00 93 00 00 04 00 00 17 00 F0 F1 52 
00 FF FF 00 00 09 00 72 21 00 F1 00 17 00 01 01 29 
00 FF FF 00 00 0A 00 93 00 00 04 00 00 17 00 F1 F1 53 
00 FF FF 00 00 09 00 72 21 00 F2 00 17 00 01 01 2A 
00 FF FF 00 00 0A 00 93 00 00 04 00 00 17 00 F2 F2 4F 
00 FF FF 00 00 09 00 72 21 00 F3 00 17 00 01 01 2B 
00 FF FF 00 00 0A 00 93 00 00 04 00 00 17 00 F3 F1 52 
00 FF FF 00 00 09 00 72 21 00 F4 00 17 00 01 01 2C 
00 FF FF 00 00 0A 00 93 00 00 04 00 00 17 00 F4 ED 51 
00 FF FF 00 00 09 00 72 21 00 F5 00 17 00 01 01 2D 
00 FF FF 00 00 0A 00 93 00 00 04 00 00 17 00 F5 ED 52 
00 FF FF 00 00 09 00 72 21 00 F6 00 17 00 01 01 2E 
00 FF FF 00 00 0A 00 93 00 00 04 00 00 17 00 F6 F1 53 
00 FF FF 00 00 09 00 72 21 00 F7 00 17 00 01 01 2F 
00 FF FF 00 00 0A 00 93 00 00 04 00 00 17 00 F7 F1 50 
00 FF FF 00 00 09 00 72 21 00 F8 00 17 00 01 01 30 
00 FF FF 00 00 0A 00 93 00 00 04 00 00 17 00 F8 F2 52 
00 FF FF 00 00 09 00 72 21 00 F9 00 17 00 01 01 31 
00 FF FF 00 00 0A 00 93 00 00 04 00 00 17 00 F9 F3 52 
00 FF FF 00 00 09 00 72 21 00 FA 00 17 00 01 01 32 
00 FF FF 00 00 0A 00 93 00 00 04 00 00 17 00 FA F2 53 
00 FF FF 00 00 09 00 72 21 00 FB 00 17 00 01 01 33 
00 FF FF 00 00 0A 00 93 00 00 04 00 00 17 00 FB F2 52 
00 FF FF 00 00 09 00 72 21 00 FC 00 17 00 01 01 34 
00 FF FF 00 00 0A 00 93 00 00 04 00 00 17 00 FC F3 52 
00 FF FF 00 00 09 00 72 21 00 FD 00 17 00 01 01 35 
00 FF FF 00 00 0A 00 93 00 00 04 00 00 17 00 FD F3 53 
00 FF FF 00 00 09 00 72 21 00 FE 00 17 00 01 01 36 
00 FF FF 00 00 0A 00 93 00 00 04 00 00 17 00 FE F3 52 
00 FF FF 00 00 09 00 72 21 00 FF 00 17 00 01 01 37 
00 FF FF 00 00 0A 00 93 00 00 04 00 00 17 00 FF F3 50 
00 FF FF 00 00 09 00 72 21 00 00 00 17 00 01 01 38 
00 FF FF 00 00 0A 00 93 00 00 04 00 00 17 01 00 F3 52 
00 FF FF 00 00 09 00 72 21 00 01 00 17 00 01 01 39 
00 FF FF 00 00 0A 00 93 00 00 04 00 00 17 01 01 F6 53 
00 FF FF 00 00 09 00 72 21 00 02 00 17 00 01 01 3A 
00 FF FF 00 00 0A 00 93 00 00 04 00 00 17 01 02 F7 4F 
00 FF FF 00 00 09 00 72 21 00 03 00 17 00 01 01 3B 
00 FF FF 00 00 0A 00 93 00 00 04 00 00 17 01 03 F7 52 
00 FF FF 00 00 09 00 72 21 00 04 00 17 00 01 01 3C 
00 FF FF 00 00 0A 00 93 00 00 04 00 00 17 01 04 F7 50 
00 FF FF 00 00 09 00 72 21 00 05 00 17 00 01 01 3D 
00 FF FF 00 00 0A 00 93 00 00 04 00 00 17 01 05 F7 51 
00 FF FF 00 00 09 00 72 21 00 05 00 17 00 01 01 3E 
00 FF FF 00 00 0A 00 93 00 00 04 00 00 17 01 05 F7 54 
00 FF FF 00 00 09 00 72 21 00 06 00 17 00 01 01 3F 
00 FF FF 00 00 0A 00 93 00 00 04 00 00 17 01 06 F7 51 
00 FF FF 00 00 09 00 72 21 00 07 00 17 00 01 01 40 
00 FF FF 00 00 0A 00 93 00 00 04 00 00 17 01 07 F7 51 
00 FF FF 00 00 09 00 72 21 00 08 00 17 00 01 01 41 
00 FF FF 00 00 0A 00 93 00 00 04 00 00 17 01 08 F7 51 
00 FF FF 00 00 09 00 72 21 00 08 00 17 00 01 01 42 
00 FF FF 00 00 0A 00 93 00 00 04 00 00 17 01 08 F6 51 
00 FF FF 00 00 09 00 72 21 00 09 00 17 00 01 01 43 
00 FF FF 00 00 0A 00 93 00 00 04 00 00 17 01 09 F6 4E 
00 FF FF 00 00 09 00 72 21 00 0A 00 17 00 01 01 44 
00 FF FF 00 00 0A 00 93 00 00 04 00 00 17 01 0A F4 54 
00 FF FF 00 00 09 00 72 21 00 0B 00 17 00 01 01 45 
00 FF FF 00 00 0A 00 93 00 00 04 00 00 17 01 0B F7 52 
00 FF FF 00 00 09 00 72 21 00 0C 00 17 00 01 01 46 
00 FF FF 00 00 0A 00 93 00 00 04 00 00 17 01 0C F3 52 
00 FF FF 00 00 09 00 72 21 00 0C 00 17 00 01 01 47 
00 FF FF 00 00 0A 00 93 00 00 04 00 00 17 01 0C F3 51 
00 FF FF 00 00 09 00 72 21 00 0C 00 17 00 01 01 48 
00 FF FF 00 00 0A 00 93 00 00 04 00 00 17 01 0C F3 50 
00 FF FF 00 00 09 00 72 21 00 0C 00 17 00 01 01 49 
00 FF FF 00 00 0A 00 93 00 00 04 00 00 17 01 0C F6 53 
00 FF FF 00 00 09 00 72 21 00 0D 00 17 00 01 01 4A 
00 FF FF 00 00 0A 00 93 00 00 04 00 00 17 01 0D F6 51 
00 FF FF 00 00 09 00 72 21 00 0E 00 17 00 01 01 4B 
00 FF FF 00 00 0A 00 93 00 00 04 00 00 17 01 0E F5 51 
00 FF FF 00 00 09 00 72 21 00 0F 00 17 00 01 01 4C 
00 FF FF 00 00 0A 00 93 00 00 04 00 00 17 01 0F F3 51 
00 FF FF 00 00 09 00 72 21 00 10 00 17 00 01 01 4D 
00 FF FF 00 00 0A 00 93 00 00 04 00 00 17 01 10 F5 51 
00 FF FF 00 00 09 00 72 21 00 11 00 17 00 01 01 4E 
00 FF FF 00 00 0A 00 93 00 00 04 00 00 17 01 11 F6 4D 
00 FF FF 00 00 09 00 72 21 00 11 00 17 00 01 01 4F 
00 FF FF 00 00 0A 00 93 00 00 04 00 00 17 01 11 F6 51 
00 FF FF 00 00 09 00 72 21 00 12 00 17 00 01 01 50 
00 FF FF 00 00 0A 00 93 00 00 04 00 00 17 01 12 F3 4F 
00 FF FF 00 00 09 00 72 21 00 13 00 17 00 01 01 51 
00 FF FF 00 00 0A 00 93 00 00 04 00 00 17 01 13 F5 52 
00 FF FF 00 00 09 00 72 21 00 14 00 17 00 01 01 52 
00 FF FF 00 00 0A 00 93 00 00 04 00 00 17 01 14 F5 51 
00 FF FF 00 00 09 00 72 21 00 15 00 17 00 01 01 53 
00 FF FF 00 00 0A 00 93 00 00 04 00 00 17 01 15 F6 51 
00 FF FF 00 00 09 00 72 21 00 16 00 17 00 01 01 54 
00 FF FF 00 00 0A 00 93 00 00 04 00 00 17 01 16 F7 52 
00 FF FF 00 00 09 00 72 21 00 17 00 17 00 01 01 55 
00 FF FF 00 00 0A 00 93 00 00 04 00 00 17 01 17 F4 51 
00 FF FF 00 00 09 00 72 21 00 18 00 17 00 01 01 56 
00 FF FF 00 00 0A 00 93 00 00 04 00 00 17 01 18 F5 50 
00 FF FF 00 00 09 00 72 21 00 19 00 17 00 01 01 57 
00 FF FF 00 00 0A 00 93 00 00 04 00 00 17 01 19 F6 4D 
00 FF FF 00 00 09 00 72 21 00 1A 00 17 00 01 01 58 
00 FF FF 00 00 0A 00 93 00 00 04 00 00 17 01 1A EF 50 
00 FF FF 00 00 09 00 72 21 00 1B 00 17 00 01 01 59 
00 FF FF 00 00 0A 00 93 00 00 04 00 00 17 01 1B F1 52 
00 FF FF 00 00 09 00 72 21 00 1C 00 17 00 01 01 5A 
00 FF FF 00 00 0A 00 93 00 00 04 00 00 17 01 1C F2 50 
00 FF FF 00 00 09 00 72 21 00 1D 00 17 00 01 01 5B 
00 FF FF 00 00 0A 00 93 00 00 04 00 00 17 01 1D F3 51 
00 FF FF 00 00 09 00 72 21 00 1E 00 17 00 01 01 5C 
00 FF FF 00 00 0A 00 93 00 00 04 00 00 17 01 1E F6 51 
00 FF FF 00 00 09 00 72 21 00 1F 00 17 00 01 01 5D 
00 FF FF 00 00 0A 00 93 00 00 04 00 00 17 01 1F F6 53 
00 FF FF 00 00 09 00 72 21 00 20 00 17 00 01 01 5E 
00 FF FF 00 00 0A 00 93 00 00 04 00 00 17 01 20 F6 51 
00 FF FF 00 00 09 00 72 21 00 21 00 17 00 01 01 5F 
00 FF FF 00 00 0A 00 93 00 00 04 00 00 17 01 21 F2 51 
00 FF FF 00 00 09 00 72 21 00 22 00 17 00 01 01 60 
00 FF FF 00 00 0A 00 93 00 00 04 00 00 17 01 22 EF 50 
00 FF FF 00 00 09 00 72 21 00 22 00 17 00 01 01 61 
00 FF FF 00 00 0A 00 93 00 00 04 00 00 17 01 22 EF 52 
00 FF FF 00 00 09 00 72 21 00 23 00 17 00 01 01 62 
00 FF FF 00 00 0A 00 93 00 00 04 00 00 17 01 23 F1 50 
00 FF FF 00 00 09 00 72 21 00 24 00 17 00 01 01 63 
00 FF FF 00 00 0A 00 93 00 00 04 00 00 17 01 24 F1 4F 
00 FF FF 00 00 09 00 72 21 00 25 00 17 00 01 01 64 
00 FF FF 00 00 0A 00 93 00 00 04 00 00 17 01 25 F1 52 
00 FF FF 00 00 09 00 72 21 00 26 00 17 00 01 01 65 
00 FF FF 00 00 0A 00 93 00 00 04 00 00 17 01 26 F1 52 
00 FF FF 00 00 09 00 72 21 00 27 00 17 00 01 01 66 
00 FF FF 00 00 0A 00 93 00 00 04 00 00 17 01 27 EC 50 
00 FF FF 00 00 09 00 72 21 00 28 00 17 00 01 01 67 
00 FF FF 00 00 0A 00 93 00 00 04 00 00 17 01 28 EF 53 
00 FF FF 00 00 09 00 72 21 00 29 00 17 00 01 01 68 
00 FF FF 00 00 0A 00 93 00 00 04 00 00 17 01 29 ED 52 
00 FF FF 00 00 09 00 72 21 00 2A 00 17 00 01 01 69 
00 FF FF 00 00 0A 00 93 00 00 04 00 00 17 01 2A EF 4F 
00 FF FF 00 00 09 00 72 21 00 2B 00 17 00 01 01 6A 
00 FF FF 00 00 0A 00 93 00 00 04 00 00 17 01 2B EE 52 
00 FF FF 00 00 09 00 72 21 00 2C 00 17 00 01 01 6B 
00 FF FF 00 00 0A 00 93 00 00 04 00 00 17 01 2C ED 51 
00 FF FF 00 00 09 00 72 21 00 2C 00 17 00 01 01 6C 
00 FF FF 00 00 0A 00 93 00 00 04 00 00 17 01 2C ED 53 
00 FF FF 00 00 09 00 72 21 00 2D 00 17 00 01 01 6D 
00 FF FF 00 00 0A 00 93 00 00 04 00 00 17 01 2D EB 53 
00 FF FF 00 00 09 00 72 21 00 2E 00 17 00 01 01 6E 
00 FF FF 00 00 0A 00 93 00 00 04 00 00 17 01 2E EA 52 
00 FF FF 00 00 09 00 72 21 00 2F 00 17 00 01 01 6F 
00 FF FF 00 00 0A 00 93 00 00 04 00 00 17 01 2F EF 4F 
00 FF FF 00 00 09 00 72 21 00 30 00 17 00 01 01 70 
00 FF FF 00 00 0A 00 93 00 00 04 00 00 17 01 30 EE 53 
00 FF FF 00 00 09 00 72 21 00 31 00 17 00 01 01 71 
00 FF FF 00 00 0A 00 93 00 00 04 00 00 17 01 31 EF 53 
00 FF FF 00 00 09 00 72 21 00 32 00 17 00 01 01 72 
00 FF FF 00 00 0A 00 93 00 00 04 00 00 17 01 32 F0 51 
00 FF FF 00 00 09 00 72 21 00 33 00 17 00 01 01 73 
00 FF FF 00 00 0A 00 93 00 00 04 00 00 17 01 33 F0 52 
00 FF FF 00 00 09 00 72 21 00 34 00 17 00 01 01 74 
00 FF FF 00 00 0A 00 93 00 00 04 00 00 17 01 34 F1 53 
00 FF FF 00 00 09 00 72 21 00 35 00 17 00 01 01 75 
00 FF FF 00 00 0A 00 93 00 00 04 00 00 17 01 35 F1 51 
00 FF FF 00 00 09 00 72 21 00 36 00 17 00 01 01 76 
00 FF FF 00 00 0A 00 93 00 00 04 00 00 17 01 36 F1 51 
00 FF FF 00 00 09 00 72 21 00 37 00 17 00 01 01 77 
00 FF FF 00 00 0A 00 93 00 00 04 00 00 17 01 37 F1 52 
00 FF FF 00 00 09 00 72 21 00 38 00 17 00 01 01 78 
00 FF FF 00 00 0A 00 93 00 00 04 00 00 17 01 38 EF 52 
00 FF FF 00 00 09 00 72 21 00 39 00 17 00 01 01 79 
00 FF FF 00 00 0A 00 93 00 00 04 00 00 17 01 39 F2 52 
00 FF FF 00 00 09 00 72 21 00 39 00 17 00 01 01 7A 
00 FF FF 00 00 0A 00 93 00 00 04 00 00 17 01 39 F2 52 
00 FF FF 00 00 09 00 72 21 00 3A 00 17 00 01 01 7B 
00 FF FF 00 00 0A 00 93 00 00 04 00 00 17 01 3A F3 52 
00 FF FF 00 00 09 00 72 21 00 3B 00 17 00 01 01 7C 
00 FF FF 00 00 0A 00 93 00 00 04 00 00 17 01 3B F2 53 
00 FF FF 00 00 09 00 72 21 00 3C 00 17 00 01 01 7D 
00 FF FF 00 00 0A 00 93 00 00 04 00 00 17 01 3C F1 51 
00 FF FF 00 00 09 00 72 21 00 3D 00 17 00 01 01 7E 
00 FF FF 00 00 0A 00 93 00 00 04 00 00 17 01 3D F3 52 
00 FF FF 00 00 09 00 72 21 00 3E 00 17 00 01 01 7F 
00 FF FF 00 00 0A 00 93 00 00 04 00 00 17 01 3E F3 53 
00 FF FF 00 00 09 00 72 21 00 3F 00 17 00 01 01 80 
00 FF FF 00 00 0A 00 93 00 00 04 00 00 17 01 3F F5 52 
00 FF FF 00 00 09 00 72 21 00 40 00 17 00 01 01 81 
00 FF FF 00 00 0A 00 93 00 00 04 00 00 17 01 40 F3 53 
00 FF FF 00 00 09 00 72 21 00 41 00 17 00 01 01 82 
00 FF FF 00 00 0A 00 93 00 00 04 00 00 17 01 41 F5 53 
00 FF FF 00 00 09 00 72 21 00 42 00 17 00 01 01 83 
00 FF FF 00 00 0A 00 93 00 00 04 00 00 17 01 42 F3 51 
00 FF FF 00 00 09 00 72 21 00 43 00 17 00 01 01 84 
00 FF FF 00 00 0A 00 93 00 00 04 00 00 17 01 43 F2 53 
00 FF FF 00 00 09 00 72 21 00 44 00 17 00 01 01 85 
00 FF FF 00 00 0A 00 93 00 00 04 00 00 17 01 44 F5 52 
00 FF FF 00 00 09 00 72 21 00 45 00 17 00 01 01 86 
00 FF FF 00 00 0A 00 93 00 00 04 00 00 17 01 45 F3 51 
00 FF FF 00 00 09 00 72 21 00 46 00 17 00 01 01 87 
00 FF FF 00 00 0A 00 93 00 00 04 00 00 17 01 46 F1 53 
00 FF FF 00 00 09 00 72 21 00 46 00 17 00 01 01 88 
00 FF FF 00 00 0A 00 93 00 00 04 00 00 17 01 46 F1 52 
00 FF FF 00 00 09 00 72 21 00 47 00 17 00 01 01 89 
00 FF FF 00 00 0A 00 93 00 00 04 00 00 17 01 47 F2 50 
00 FF FF 00 00 09 00 72 21 00 48 00 17 00 01 01 8A 
00 FF FF 00 00 0A 00 93 00 00 04 00 00 17 01 48 F3 53 
00 FF FF 00 00 09 00 72 21 00 49 00 17 00 01 01 8B 
00 FF FF 00 00 0A 00 93 00 00 04 00 00 17 01 49 F6 52 
00 FF FF 00 00 09 00 72 21 00 4A 00 17 00 01 01 8C 
00 FF FF 00 00 0A 00 93 00 00 04 00 00 17 01 4A F3 52 
00 FF FF 00 00 09 00 72 21 00 4B 00 17 00 01 01 8D 
00 FF FF 00 00 0A 00 93 00 00 04 00 00 17 01 4B F2 51 
00 FF FF 00 00 09 00 72 21 00 4C 00 17 00 01 01 8E 
00 FF FF 00 00 0A 00 93 00 00 04 00 00 17 01 4C F2 4D 
00 FF FF 00 00 09 00 72 21 00 4D 00 17 00 01 01 8F 
00 FF FF 00 00 0A 00 93 00 00 04 00 00 17 01 4D F5 51 
00 FF FF 00 00 09 00 72 21 00 4E 00 17 00 01 01 90 
00 FF FF 00 00 0A 00 93 00 00 04 00 00 17 01 4E F7 51 
00 FF FF 00 00 09 00 72 21 00 4F 00 17 00 01 01 91 
00 FF FF 00 00 0A 00 93 00 00 04 00 00 17 01 4F F6 52 
00 FF FF 00 00 09 00 72 21 00 50 00 17 00 01 01 92 
00 FF FF 00 00 0A 00 93 00 00 04 00 00 17 01 50 F6 50 
00 FF FF 00 00 09 00 72 21 00 51 00 17 00 01 01 93 
00 FF FF 00 00 0A 00 93 00 00 04 00 00 17 01 51 F6 53 
00 FF FF 00 00 09 00 72 21 00 52 00 17 00 01 01 94 
00 FF FF 00 00 0A 00 93 00 00 04 00 00 17 01 52 F7 53 
00 FF FF 00 00 09 00 72 21 00 53 00 17 00 01 01 95 
00 FF FF 00 00 0A 00 93 00 00 04 00 00 17 01 53 F7 52 
00 FF FF 00 00 09 00 72 21 00 54 00 17 00 01 01 96 
00 FF FF 00 00 0A 00 93 00 00 04 00 00 17 01 54 F7 50 
00 FF FF 00 00 09 00 72 21 00 55 00 17 00 01 01 97 
00 FF FF 00 00 0A 00 93 00 00 04 00 00 17 01 55 F7 53 
00 FF FF 00 00 09 00 72 21 00 56 00 17 00 01 01 98 
00 FF FF 00 00 0A 00 93 00 00 04 00 00 17 01 56 F7 52 
00 FF FF 00 00 09 00 72 21 00 57 00 17 00 01 01 99 
00 FF FF 00 00 0A 00 93 00 00 04 00 00 17 01 57 F7 51 
00 FF FF 00 00 09 00 72 21 00 58 00 17 00 01 01 9A 
00 FF FF 00 00 0A 00 93 00 00 04 00 00 17 01 58 F7 53 
00 FF FF 00 00 09 00 72 21 00 59 00 17 00 01 01 9B 
00 FF FF 00 00 0A 00 93 00 00 04 00 00 17 01 59 F7 51 
00 FF FF 00 00 09 00 72 21 00 5A 00 17 00 01 01 9C 
00 FF FF 00 00 0A 00 93 00 00 04 00 00 17 01 5A F7 53 
00 FF FF 00 00 09 00 72 21 00 5B 00 17 00 01 01 9D 
00 FF FF 00 00 0A 00 93 00 00 04 00 00 17 01 5B F7 51 
00 FF FF 00 00 09 00 72 21 00 5C 00 17 00 01 01 9E 
00 FF FF 00 00 0A 00 93 00 00 04 00 00 17 01 5C F7 53 
00 FF FF 00 00 09 00 72 21 00 5C 00 17 00 01 01 9F 
00 FF FF 00 00 0A 00 93 00 00 04 00 00 17 01 5C F7 51 
00 FF FF 00 00 09 00 72 21 00 5D 00 17 00 01 01 A0 
00 FF FF 00 00 0A 00 93 00 00 04 00 00 17 01 5D F7 52 
00 FF FF 00 00 09 00 72 21 00 5E 00 17 00 01 01 A1 
00 FF FF 00 00 0A 00 93 00 00 04 00 00 17 01 5E F6 51 
00 FF FF 00 00 09 00 72 21 00 5F 00 17 00 01 01 A2 
00 FF FF 00 00 0A 00 93 00 00 04 00 00 17 01 5F F7 4F 
00 FF FF 00 00 09 00 72 21 00 60 00 17 00 01 01 A3 
00 FF FF 00 00 0A 00 93 00 00 04 00 00 17 01 60 F6 51 
00 FF FF 00 00 09 00 72 21 00 61 00 17 00 01 01 A4 
00 FF FF 00 00 0A 00 93 00 00 04 00 00 17 01 61 F6 4C 
00 FF FF 00 00 09 00 72 21 00 62 00 17 00 01 01 A5 
00 FF FF 00 00 0A 00 93 00 00 04 00 00 17 01 62 F7 53 
00 FF FF 00 00 09 00 72 21 00 63 00 17 00 01 01 A6 
00 FF FF 00 00 0A 00 93 00 00 04 00 00 17 01 63 F1 51 
00 FF FF 00 00 09 00 72 21 00 64 00 17 00 01 01 A7 
00 FF FF 00 00 0A 00 93 00 00 04 00 00 17 01 64 EC 52 
00 FF FF 00 00 09 00 72 21 00 65 00 17 00 01 01 A8 
00 FF FF 00 00 0A 00 93 00 00 04 00 00 17 01 65 EF 51 
00 FF FF 00 00 09 00 72 21 00 66 00 17 00 01 01 A9 
00 FF FF 00 00 0A 00 93 00 00 04 00 00 17 01 66 EF 51 
00 FF FF 00 00 09 00 72 21 00 66 00 17 00 01 01 AA 
00 FF FF 00 00 0A 00 93 00 00 04 00 00 17 01 66 EF 51 
00 FF FF 00 00 09 00 72 21 00 67 00 17 00 01 01 AB 
00 FF FF 00 00 0A 00 93 00 00 04 00 00 17 01 67 EF 51 
00 FF FF 00 00 09 00 72 21 00 68 00 17 00 01 01 AC 
00 FF FF 00 00 0A 00 93 00 00 04 00 00 17 01 68 EE 51 
00 FF FF 00 00 09 00 72 21 00 69 00 17 00 01 01 AD 
00 FF FF 00 00 0A 00 93 00 00 04 00 00 17 01 69 ED 50 
00 FF FF 00 00 09 00 72 21 00 6A 00 17 00 01 01 AE 
00 FF FF 00 00 0A 00 93 00 00 04 00 00 17 01 6A EF 51 
00 FF FF 00 00 09 00 72 21 00 6B 00 17 00 01 01 AF 
00 FF FF 00 00 0A 00 93 00 00 04 00 00 17 01 6B ED 50 
00 FF FF 00 00 09 00 72 21 00 6C 00 17 00 01 01 B0 
00 FF FF 00 00 0A 00 93 00 00 04 00 00 17 01 6C E6 53 
00 FF FF 00 00 09 00 72 21 00 6D 00 17 00 01 01 B1 
00 FF FF 00 00 0A 00 93 00 00 04 00 00 17 01 6D EC 50 
00 FF FF 00 00 09 00 72 21 00 6E 00 17 00 01 01 B2 
00 FF FF 00 00 0A 00 93 00 00 04 00 00 17 01 6E E7 4B 
00 FF FF 00 00 09 00 72 21 00 6F 00 17 00 01 01 B3 
00 FF FF 00 00 0A 00 93 00 00 04 00 00 17 01 6F EA 52 
00 FF FF 00 00 09 00 72 21 00 70 00 17 00 01 01 B4 
00 FF FF 00 00 0A 00 93 00 00 04 00 00 17 01 70 ED 51 
00 FF FF 00 00 09 00 72 21 00 70 00 17 00 01 01 B5 
00 FF FF 00 00 0A 00 93 00 00 04 00 00 17 01 70 EC 53 
00 FF FF 00 00 09 00 72 21 00 71 00 17 00 01 01 B6 
00 FF FF 00 00 0A 00 93 00 00 04 00 00 17 01 71 F1 4F 
00 FF FF 00 00 09 00 72 21 00 72 00 17 00 01 01 B7 
00 FF FF 00 00 0A 00 93 00 00 04 00 00 17 01 72 F1 50 
00 FF FF 00 00 09 00 72 21 00 73 00 17 00 01 01 B8 
00 FF FF 00 00 0A 00 93 00 00 04 00 00 17 01 73 EF 50 
00 FF FF 00 00 09 00 72 21 00 73 00 17 00 01 01 B9 
00 FF FF 00 00 0A 00 93 00 00 04 00 00 17 01 73 EF 50 
00 FF FF 00 00 09 00 72 21 00 74 00 17 00 01 01 BA 
00 FF FF 00 00 0A 00 93 00 00 04 00 00 17 01 74 F5 52 
00 FF FF 00 00 09 00 72 21 00 75 00 17 00 01 01 BB 
00 FF FF 00 00 0A 00 93 00 00 04 00 00 17 01 75 F1 52 
00 FF FF 00 00 09 00 72 21 00 76 00 17 00 01 01 BC 
00 FF FF 00 00 0A 00 93 00 00 04 00 00 17 01 76 EF 52 
00 FF FF 00 00 09 00 72 21 00 77 00 17 00 01 01 BD 
00 FF FF 00 00 0A 00 93 00 00 04 00 00 17 01 77 E7 51 
00 FF FF 00 00 09 00 72 21 00 78 00 17 00 01 01 BE 
00 FF FF 00 00 0A 00 93 00 00 04 00 00 17 01 78 E7 4F 
00 FF FF 00 00 09 00 72 21 00 79 00 17 00 01 01 BF 
00 FF FF 00 00 0A 00 93 00 00 04 00 00 17 01 79 ED 51 
00 FF FF 00 00 09 00 72 21 00 7A 00 17 00 01 01 C0 
00 FF FF 00 00 0A 00 93 00 00 04 00 00 17 01 7A E9 52 
00 FF FF 00 00 09 00 72 21 00 7B 00 17 00 01 01 C1 
00 FF FF 00 00 0A 00 93 00 00 04 00 00 17 01 7B E7 50 
00 FF FF 00 00 09 00 72 21 00 7C 00 17 00 01 01 C2 
00 FF FF 00 00 0A 00 93 00 00 04 00 00 17 01 7C E6 4C 
00 FF FF 00 00 09 00 72 21 00 7C 00 17 00 01 01 C3 
00 FF FF 00 00 0A 00 93 00 00 04 00 00 17 01 7C E5 46 
00 FF FF 00 00 09 00 72 21 00 7D 00 17 00 01 01 C4 
00 FF FF 00 00 0A 00 93 00 00 04 00 00 17 01 7D E2 4E 
00 FF FF 00 00 09 00 72 21 00 7E 00 17 00 01 01 C5 
00 FF FF 00 00 0A 00 93 00 00 04 00 00 17 01 7E E6 4C 
00 FF FF 00 00 09 00 72 21 00 7E 00 17 00 01 01 C6 
00 FF FF 00 00 0A 00 93 00 00 04 00 00 17 01 7E E5 52 
00 FF FF 00 00 09 00 72 21 00 7E 00 17 00 01 01 C7 
00 FF FF 00 00 0A 00 93 00 00 04 00 00 17 01 7E E6 49 
00 FF FF 00 00 09 00 72 21 00 7F 00 17 00 01 01 C8 
00 FF FF 00 00 0A 00 93 00 00 04 00 00 17 01 7F E5 50 
00 FF FF 00 00 09 00 72 21 00 80 00 17 00 01 01 C9 
00 FF FF 00 00 0A 00 93 00 00 04 00 00 17 01 80 E7 51 
00 FF FF 00 00 09 00 72 21 00 80 00 17 00 01 01 CA 
00 FF FF 00 00 0A 00 93 00 00 04 00 00 17 01 80 E6 51 
00 FF FF 00 00 09 00 72 21 00 80 00 17 00 01 01 CB 
00 FF FF 00 00 0A 00 93 00 00 04 00 00 17 01 80 E6 50 
00 FF FF 00 00 09 00 72 21 00 81 00 17 00 01 01 CC 
00 FF FF 00 00 0A 00 93 00 00 04 00 00 17 01 81 E5 51 
00 FF FF 00 00 09 00 72 21 00 82 00 17 00 01 01 CD 
00 FF FF 00 00 0A 00 93 00 00 04 00 00 17 01 82 ED 53 
00 FF FF 00 00 09 00 72 21 00 83 00 17 00 01 01 CE 
00 FF FF 00 00 0A 00 93 00 00 04 00 00 17 01 83 EC 52 
00 FF FF 00 00 09 00 72 21 00 84 00 17 00 01 01 CF 
00 FF FF 00 00 0A 00 93 00 00 04 00 00 17 01 84 EB 50 
00 FF FF 00 00 09 00 72 21 00 85 00 17 00 01 01 D0 
00 FF FF 00 00 0A 00 93 00 00 04 00 00 17 01 85 E6 50 
00 FF FF 00 00 09 00 72 21 00 85 00 17 00 01 01 D1 
00 FF FF 00 00 0A 00 93 00 00 04 00 00 17 01 85 E6 51 
00 FF FF 00 00 09 00 72 21 00 86 00 17 00 01 01 D2 
00 FF FF 00 00 0A 00 93 00 00 04 00 00 17 01 86 E6 51 
00 FF FF 00 00 09 00 72 21 00 87 00 17 00 01 01 D3 
00 FF FF 00 00 0A 00 93 00 00 04 00 00 17 01 87 E2 51 
00 FF FF 00 00 09 00 72 21 00 88 00 17 00 01 01 D4 
00 FF FF 00 00 0A 00 93 00 00 04 00 00 17 01 88 E6 52 
00 FF FF 00 00 09 00 72 21 00 88 00 17 00 01 01 D5 
00 FF FF 00 00 0A 00 93 00 00 04 00 00 17 01 88 E4 51 
00 FF FF 00 00 09 00 72 21 00 89 00 17 00 01 01 D6 
00 FF FF 00 00 0A 00 93 00 00 04 00 00 17 01 89 E4 52 
00 FF FF 00 00 09 00 72 21 00 8A 00 17 00 01 01 D7 
00 FF FF 00 00 0A 00 93 00 00 04 00 00 17 01 8A E5 4A 
00 FF FF 00 00 09 00 72 21 00 8B 00 17 00 01 01 D8 
00 FF FF 00 00 0A 00 93 00 00 04 00 00 17 01 8B E1 45 
00 FF FF 00 00 09 00 72 21 00 8B 00 17 00 01 01 D9 
00 FF FF 00 00 0A 00 93 00 00 04 00 00 17 01 8B E2 3D 
00 FF FF 00 00 09 00 72 21 00 8C 00 17 00 01 01 DA 
00 FF FF 00 00 0A 00 93 00 00 04 00 00 17 01 8C E2 4C 
00 FF FF 00 00 09 00 72 21 00 8D 00 17 00 01 01 DB 
00 FF FF 00 00 0A 00 93 00 00 04 00 00 17 01 8D E3 51 
00 FF FF 00 00 09 00 72 21 00 8D 00 17 00 01 01 DC 
00 FF FF 00 00 0A 00 93 00 00 04 00 00 17 01 8D E3 50 
00 FF FF 00 00 09 00 72 21 00 8E 00 17 00 01 01 DD 
00 FF FF 00 00 0A 00 93 00 00 04 00 00 17 01 8E E3 51 
00 FF FF 00 00 09 00 72 21 00 8E 00 17 00 01 01 DE 
00 FF FF 00 00 0A 00 93 00 00 04 00 00 17 01 8E E4 53 
00 FF FF 00 00 09 00 72 21 00 8E 00 17 00 01 01 DF 
00 FF FF 00 00 0A 00 93 00 00 04 00 00 17 01 8E E4 54 
00 FF FF 00 00 09 00 72 21 00 8E 00 17 00 01 01 E0 
00 FF FF 00 00 0A 00 93 00 00 04 00 00 17 01 8E E4 50 
00 FF FF 00 00 09 00 72 21 00 8E 00 17 00 01 01 E1 
00 FF FF 00 00 0A 00 93 00 00 04 00 00 17 01 8E E3 4A 
00 FF FF 00 00 09 00 72 21 00 8F 00 17 00 01 01 E2 
00 FF FF 00 00 0A 00 93 00 00 04 00 00 17 01 8F ED 51 
00 FF FF 00 00 09 00 72 21 00 90 00 17 00 01 01 E3 
00 FF FF 00 00 0A 00 93 00 00 04 00 00 17 01 90 EE 53 
00 FF FF 00 00 09 00 72 21 00 91 00 17 00 01 01 E4 
00 FF FF 00 00 0A 00 93 00 00 04 00 00 17 01 91 EE 50 
00 FF FF 00 00 09 00 72 21 00 92 00 17 00 01 01 E5 
00 FF FF 00 00 0A 00 93 00 00 04 00 00 17 01 92 ED 52 
00 FF FF 00 00 09 00 72 21 00 93 00 17 00 01 01 E6 
00 FF FF 00 00 0A 00 93 00 00 04 00 00 17 01 93 EA 51 
00 FF FF 00 00 09 00 72 21 00 94 00 17 00 01 01 E7 
00 FF FF 00 00 0A 00 93 00 00 04 00 00 17 01 94 EA 50 
00 FF FF 00 00 09 00 72 21 00 95 00 17 00 01 01 E8 
00 FF FF 00 00 0A 00 93 00 00 04 00 00 17 01 95 E6 4E 
00 FF FF 00 00 09 00 72 21 00 96 00 17 00 01 01 E9 
00 FF FF 00 00 0A 00 93 00 00 04 00 00 17 01 96 E8 52 
00 FF FF 00 00 09 00 72 21 00 97 00 17 00 01 01 EA 
00 FF FF 00 00 0A 00 93 00 00 04 00 00 17 01 97 E8 53 
00 FF FF 00 00 09 00 72 21 00 98 00 17 00 01 01 EB 
00 FF FF 00 00 0A 00 93 00 00 04 00 00 17 01 98 E9 52 
00 FF FF 00 00 09 00 72 21 00 99 00 17 00 01 01 EC 
00 FF FF 00 00 0A 00 93 00 00 04 00 00 17 01 99 E9 52 
00 FF FF 00 00 09 00 72 21 00 99 00 17 00 01 01 ED 
00 FF FF 00 00 0A 00 93 00 00 04 00 00 17 01 99 E8 53 
00 FF FF 00 00 09 00 72 21 00 99 00 17 00 01 01 EE 
00 FF FF 00 00 0A 00 93 00 00 04 00 00 17 01 99 E9 52 
00 FF FF 00 00 09 00 72 21 00 9A 00 17 00 01 01 EF 
00 FF FF 00 00 0A 00 93 00 00 04 00 00 17 01 9A E9 53 
00 FF FF 00 00 09 00 72 21 00 9B 00 17 00 01 01 F0 
00 FF FF 00 00 0A 00 93 00 00 04 00 00 17 01 9B EA 52 
00 FF FF 00 00 09 00 72 21 00 9C 00 17 00 01 01 F1 
00 FF FF 00 00 0A 00 93 00 00 04 00 00 17 01 9C EA 51 
00 FF FF 00 00 09 00 72 21 00 9D 00 17 00 01 01 F2 
00 FF FF 00 00 0A 00 93 00 00 04 00 00 17 01 9D E9 52 
00 FF FF 00 00 09 00 72 21 00 9E 00 17 00 01 01 F3 
00 FF FF 00 00 0A 00 93 00 00 04 00 00 17 01 9E EC 51 
00 FF FF 00 00 09 00 72 21 00 9F 00 17 00 01 01 F4 
00 FF FF 00 00 0A 00 93 00 00 04 00 00 17 01 9F EA 51 
00 FF FF 00 00 09 00 72 21 00 A0 00 17 00 01 01 F5 
00 FF FF 00 00 0A 00 93 00 00 04 00 00 17 01 A0 EC 54 
00 FF FF 00 00 09 00 72 21 00 A1 00 17 00 01 01 F6 
00 FF FF 00 00 0A 00 93 00 00 04 00 00 17 01 A1 EB 53 
00 FF FF 00 00 09 00 72 21 00 A2 00 17 00 01 01 F7 
00 FF FF 00 00 0A 00 93 00 00 04 00 00 17 01 A2 EB 51 
00 FF FF 00 00 09 00 72 21 00 A2 00 17 00 01 01 F8 
00 FF FF 00 00 0A 00 93 00 00 04 00 00 17 01 A2 EB 50 
00 FF FF 00 00 09 00 72 21 00 A3 00 17 00 01 01 F9 
00 FF FF 00 00 0A 00 93 00 00 04 00 00 17 01 A3 EB 52 
00 FF FF 00 00 09 00 72 21 00 A4 00 17 00 01 01 FA 
00 FF FF 00 00 0A 00 93 00 00 04 00 00 17 01 A4 EB 53 
00 FF FF 00 00 09 00 72 21 00 A5 00 17 00 01 01 FB 
00 FF FF 00 00 0A 00 93 00 00 04 00 00 17 01 A5 EA 52 
00 FF FF 00 00 09 00 72 21 00 A6 00 17 00 01 01 FC 
00 FF FF 00 00 0A 00 93 00 00 04 00 00 17 01 A6 EC 52 
00 FF FF 00 00 09 00 72 21 00 A6 00 17 00 01 01 FD 
00 FF FF 00 00 0A 00 93 00 00 04 00 00 17 01 A6 EC 52 
00 FF FF 00 00 09 00 72 21 00 A6 00 17 00 01 01 FE 
00 FF FF 00 00 0A 00 93 00 00 04 00 00 17 01 A6 ED 53 
00 FF FF 00 00 09 00 72 21 00 A7 00 17 00 01 01 FF 
00 FF FF 00 00 0A 00 93 00 00 04 00 00 17 01 A7 EE 52 
00 FF FF 00 00 09 00 72 21 00 A8 00 17 00 01 02 00 
00 FF FF 00 00 0A 00 93 00 00 04 00 00 17 01 A8 ED 50 
00 FF FF 00 00 09 00 72 21 00 A9 00 17 00 01 02 01 
00 FF FF 00 00 0A 00 93 00 00 04 00 00 17 01 A9 E8 51 
00 FF FF 00 00 09 00 72 21 00 AA 00 17 00 01 02 02 
00 FF FF 00 00 0A 00 93 00 00 04 00 00 17 01 AA E8 53 
00 FF FF 00 00 09 00 72 21 00 AB 00 17 00 01 02 03 
00 FF FF 00 00 0A 00 93 00 00 04 00 00 17 01 AB E8 51 
00 FF FF 00 00 09 00 72 21 00 AC 00 17 00 01 02 04 
00 FF FF 00 00 0A 00 93 00 00 04 00 00 17 01 AC EA 48 
00 FF FF 00 00 09 00 72 21 00 AD 00 17 00 01 02 05 
00 FF FF 00 00 0A 00 93 00 00 04 00 00 17 01 AD EA 51 
00 FF FF 00 00 09 00 72 21 00 AE 00 17 00 01 02 06 
00 FF FF 00 00 0A 00 93 00 00 04 00 00 17 01 AE EA 52 
00 FF FF 00 00 09 00 72 21 00 AF 00 17 00 01 02 07 
00 FF FF 00 00 0A 00 93 00 00 04 00 00 17 01 AF EA 51 
00 FF FF 00 00 09 00 72 21 00 AF 00 17 00 01 02 08 
00 FF FF 00 00 0A 00 93 00 00 04 00 00 17 01 AF EA 51 
00 FF FF 00 00 09 00 72 21 00 B0 00 17 00 01 02 09 
00 FF FF 00 00 0A 00 93 00 00 04 00 00 17 01 B0 E9 52 
00 FF FF 00 00 09 00 72 21 00 B1 00 17 00 01 02 0A 
00 FF FF 00 00 0A 00 93 00 00 04 00 00 17 01 B1 E8 51 
00 FF FF 00 00 09 00 72 21 00 B2 00 17 00 01 02 0B 
00 FF FF 00 00 0A 00 93 00 00 04 00 00 17 01 B2 EA 51 
00 FF FF 00 00 09 00 72 21 00 B3 00 17 00 01 02 0C 
00 FF FF 00 00 0A 00 93 00 00 04 00 00 17 01 B3 E9 51 
00 FF FF 00 00 09 00 72 21 00 B4 00 17 00 01 02 0D 
00 FF FF 00 00 0A 00 93 00 00 04 00 00 17 01 B4 EA 51 
00 FF FF 00 00 09 00 72 21 00 B5 00 17 00 01 02 0E 
00 FF FF 00 00 0A 00 93 00 00 04 00 00 17 01 B5 E8 51 
00 FF FF 00 00 09 00 72 21 00 B6 00 17 00 01 02 0F 
00 FF FF 00 00 0A 00 93 00 00 04 00 00 17 01 B6 E8 52 
00 FF FF 00 00 09 00 72 21 00 B7 00 17 00 01 02 10 
00 FF FF 00 00 0A 00 93 00 00 04 00 00 17 01 B7 E9 36 
00 FF FF 00 00 09 00 72 21 00 B7 00 17 00 01 02 11 
00 FF FF 00 00 0A 00 93 00 00 04 00 00 17 01 B7 E8 48 
00 FF FF 00 00 09 00 72 21 00 B7 00 17 00 01 02 12 
00 FF FF 00 00 0A 00 93 00 00 04 00 00 17 01 B7 E8 4F 
00 FF FF 00 00 09 00 72 21 00 B8 00 17 00 01 02 13 
00 FF FF 00 00 0A 00 93 00 00 04 00 00 17 01 B8 E7 50 
00 FF FF 00 00 09 00 72 21 00 B9 00 17 00 01 02 14 
00 FF FF 00 00 0A 00 93 00 00 04 00 00 17 01 B9 E8 50 
00 FF FF 00 00 09 00 72 21 00 BA 00 17 00 01 02 15 
00 FF FF 00 00 0A 00 93 00 00 04 00 00 17 01 BA EA 52 
00 FF FF 00 00 09 00 72 21 00 BB 00 17 00 01 02 16 
00 FF FF 00 00 0A 00 93 00 00 04 00 00 17 01 BB E8 52 
00 FF FF 00 00 09 00 72 21 00 BC 00 17 00 01 02 17 
00 FF FF 00 00 0A 00 93 00 00 04 00 00 17 01 BC E5 4A 
00 FF FF 00 00 09 00 72 21 00 BC 00 17 00 01 02 18 
00 FF FF 00 00 0A 00 93 00 00 04 00 00 17 01 BC E6 4C 
00 FF FF 00 00 09 00 72 21 00 BD 00 17 00 01 02 19 
00 FF FF 00 00 0A 00 93 00 00 04 00 00 17 01 BD E6 50 
00 FF FF 00 00 09 00 72 21 00 BD 00 17 00 01 02 1A 
00 FF FF 00 00 0A 00 93 00 00 04 00 00 17 01 BD E7 4A 
00 FF FF 00 00 09 00 72 21 00 BD 00 17 00 01 02 1B 
00 FF FF 00 00 0A 00 93 00 00 04 00 00 17 01 BD E6 4F 
00 FF FF 00 00 09 00 72 21 00 BE 00 17 00 01 02 1C 
00 FF FF 00 00 0A 00 93 00 00 04 00 00 17 01 BE E6 44 
00 FF FF 00 00 09 00 72 21 00 BE 00 17 00 01 02 1D 
00 FF FF 00 00 0A 00 93 00 00 04 00 00 17 01 BE E5 47 
00 FF FF 00 00 09 00 72 21 00 BE 00 17 00 01 02 1E 
00 FF FF 00 00 0A 00 93 00 00 04 00 00 17 01 BE E6 50 
00 FF FF 00 00 09 00 72 21 00 BE 00 17 00 01 02 1F 
00 FF FF 00 00 0A 00 93 00 00 04 00 00 17 01 BE E6 51 
00 FF FF 00 00 09 00 72 21 00 BE 00 17 00 01 02 20 
00 FF FF 00 00 0A 00 93 00 00 04 00 00 17 01 BE E7 4D 
00 FF FF 00 00 09 00 72 21 00 BF 00 17 00 01 02 21 
00 FF FF 00 00 0A 00 93 00 00 04 00 00 17 01 BF E5 4A 
00 FF FF 00 00 09 00 72 21 00 BF 00 17 00 01 02 22 
00 FF FF 00 00 0A 00 93 00 00 04 00 00 17 01 BF E5 4F 
00 FF FF 00 00 09 00 72 21 00 C0 00 17 00 01 02 23 
00 FF FF 00 00 0A 00 93 00 00 04 00 00 17 01 C0 E6 52 
00 FF FF 00 00 09 00 72 21 00 C0 00 17 00 01 02 24 
00 FF FF 00 00 0A 00 93 00 00 04 00 00 17 01 C0 E6 51 
00 FF FF 00 00 09 00 72 21 00 C1 00 17 00 01 02 25 
00 FF FF 00 00 0A 00 93 00 00 04 00 00 17 01 C1 E1 49 
00 FF FF 00 00 09 00 72 21 00 C2 00 17 00 01 02 26 
00 FF FF 00 00 0A 00 93 00 00 04 00 00 17 01 C2 DF 47 
00 FF FF 00 00 09 00 72 21 00 C3 00 17 00 01 02 27 
00 FF FF 00 00 0A 00 93 00 00 04 00 00 17 01 C3 E2 51 
00 FF FF 00 00 09 00 72 21 00 C4 00 17 00 01 02 28 
00 FF FF 00 00 0A 00 93 00 00 04 00 00 17 01 C4 E3 4D 
00 FF FF 00 00 09 00 72 21 00 C4 00 17 00 01 02 29 
00 FF FF 00 00 0A 00 93 00 00 04 00 00 17 01 C4 E2 4C 
00 FF FF 00 00 09 00 72 21 00 C4 00 17 00 01 02 2A 
00 FF FF 00 00 0A 00 93 00 00 04 00 00 17 01 C4 E5 53 
00 FF FF 00 00 09 00 72 21 00 C4 00 17 00 01 02 2B 
00 FF FF 00 00 0A 00 93 00 00 04 00 00 17 01 C4 E1 4D 
00 FF FF 00 00 09 00 72 21 00 C4 00 17 00 01 02 2C 
00 FF FF 00 00 0A 00 93 00 00 04 00 00 17 01 C4 E0 4E 
00 FF FF 00 00 09 00 72 21 00 C4 00 17 00 01 02 2D 
00 FF FF 00 00 0A 00 93 00 00 04 00 00 17 01 C4 E2 45 
00 FF FF 00 00 09 00 72 21 00 C4 00 17 00 01 02 2E 
00 FF FF 00 00 0A 00 93 00 00 04 00 00 17 01 C4 E2 40 
00 FF FF 00 00 09 00 72 21 00 C4 00 17 00 01 02 2F 
00 FF FF 00 00 0A 00 93 00 00 04 00 00 17 01 C4 E2 3F 
00 FF FF 00 00 09 00 72 21 00 C5 00 17 00 01 02 30 
00 FF FF 00 00 0A 00 93 00 00 04 00 00 17 01 C5 E4 47 
00 FF FF 00 00 09 00 72 21 00 C5 00 17 00 01 02 31 
00 FF FF 00 00 0A 00 93 00 00 04 00 00 17 01 C5 E5 42 
00 FF FF 00 00 09 00 72 21 00 C6 00 17 00 01 02 32 
00 FF FF 00 00 0A 00 93 00 00 04 00 00 17 01 C6 E6 4F 
00 FF FF 00 00 09 00 72 21 00 C6 00 17 00 01 02 33 
00 FF FF 00 00 0A 00 93 00 00 04 00 00 17 01 C6 E8 4C 
00 FF FF 00 00 09 00 72 21 00 C6 00 17 00 01 02 34 
00 FF FF 00 00 0A 00 93 00 00 04 00 00 17 01 C6 E7 4C 
00 FF FF 00 00 09 00 72 21 00 C7 00 17 00 01 02 35 
00 FF FF 00 00 0A 00 93 00 00 04 00 00 17 01 C7 E9 52 
00 FF FF 00 00 09 00 72 21 00 C7 00 17 00 01 02 36 
00 FF FF 00 00 0A 00 93 00 00 04 00 00 17 01 C7 E9 52 
00 FF FF 00 00 09 00 72 21 00 C7 00 17 00 01 02 37 
00 FF FF 00 00 0A 00 93 00 00 04 00 00 17 01 C7 E8 52 
00 FF FF 00 00 09 00 72 21 00 C8 00 17 00 01 02 38 
00 FF FF 00 00 0A 00 93 00 00 04 00 00 17 01 C8 E5 51 
00 FF FF 00 00 09 00 72 21 00 C8 00 17 00 01 02 39 
00 FF FF 00 00 0A 00 93 00 00 04 00 00 17 01 C8 E5 51 
00 FF FF 00 00 09 00 72 21 00 C9 00 17 00 01 02 3A 
00 FF FF 00 00 0A 00 93 00 00 04 00 00 17 01 C9 E5 52 
00 FF FF 00 00 09 00 72 21 00 CA 00 17 00 01 02 3B 
00 FF FF 00 00 0A 00 93 00 00 04 00 00 17 01 CA E6 51 
00 FF FF 00 00 09 00 72 21 00 CB 00 17 00 01 02 3C 
00 FF FF 00 00 0A 00 93 00 00 04 00 00 17 01 CB E6 51 
00 FF FF 00 00 09 00 72 21 00 CC 00 17 00 01 02 3D 
00 FF FF 00 00 0A 00 93 00 00 04 00 00 17 01 CC E8 51 
00 FF FF 00 00 09 00 72 21 00 CD 00 17 00 01 02 3E 
00 FF FF 00 00 0A 00 93 00 00 04 00 00 17 01 CD E8 53 
00 FF FF 00 00 09 00 72 21 00 CD 00 17 00 01 02 3F 
00 FF FF 00 00 0A 00 93 00 00 04 00 00 17 01 CD E8 51 
00 FF FF 00 00 09 00 72 21 00 CE 00 17 00 01 02 40 
00 FF FF 00 00 0A 00 93 00 00 04 00 00 17 01 CE E5 48 
00 FF FF 00 00 09 00 72 21 00 CF 00 17 00 01 02 41 
00 FF FF 00 00 0A 00 93 00 00 04 00 00 17 01 CF EA 52 
00 FF FF 00 00 09 00 72 21 00 D0 00 17 00 01 02 42 
00 FF FF 00 00 0A 00 93 00 00 04 00 00 17 01 D0 EE 4F 
00 FF FF 00 00 09 00 72 21 00 D1 00 17 00 01 02 43 
00 FF FF 00 00 0A 00 93 00 00 04 00 00 17 01 D1 ED 52 
00 FF FF 00 00 09 00 72 21 00 D2 00 17 00 01 02 44 
00 FF FF 00 00 0A 00 93 00 00 04 00 00 17 01 D2 ED 54 
00 FF FF 00 00 09 00 72 21 00 D3 00 17 00 01 02 45 
00 FF FF 00 00 0A 00 93 00 00 04 00 00 17 01 D3 EF 51 
00 FF FF 00 00 09 00 72 21 00 D4 00 17 00 01 02 46 
00 FF FF 00 00 0A 00 93 00 00 04 00 00 17 01 D4 E8 51 
00 FF FF 00 00 09 00 72 21 00 D5 00 17 00 01 02 47 
00 FF FF 00 00 0A 00 93 00 00 04 00 00 17 01 D5 EE 51 
00 FF FF 00 00 09 00 72 21 00 D6 00 17 00 01 02 48 
00 FF FF 00 00 0A 00 93 00 00 04 00 00 17 01 D6 EE 53 
00 FF FF 00 00 09 00 72 21 00 D6 00 17 00 01 02 49 
00 FF FF 00 00 0A 00 93 00 00 04 00 00 17 01 D6 EF 52 
00 FF FF 00 00 09 00 72 21 00 D7 00 17 00 01 02 4A 
00 FF FF 00 00 0A 00 93 00 00 04 00 00 17 01 D7 EF 51 
00 FF FF 00 00 09 00 72 21 00 D8 00 17 00 01 02 4B 
00 FF FF 00 00 0A 00 93 00 00 04 00 00 17 01 D8 F0 53 
00 FF FF 00 00 09 00 72 21 00 D9 00 17 00 01 02 4C 
00 FF FF 00 00 0A 00 93 00 00 04 00 00 17 01 D9 F1 50 
00 FF FF 00 00 09 00 72 21 00 DA 00 17 00 01 02 4D 
00 FF FF 00 00 0A 00 93 00 00 04 00 00 17 01 DA EF 50 
00 FF FF 00 00 09 00 72 21 00 DB 00 17 00 01 02 4E 
00 FF FF 00 00 0A 00 93 00 00 04 00 00 17 01 DB EF 53 
00 FF FF 00 00 09 00 72 21 00 DC 00 17 00 01 02 4F 
00 FF FF 00 00 0A 00 93 00 00 04 00 00 17 01 DC EF 50 
00 FF FF 00 00 09 00 72 21 00 DD 00 17 00 01 02 50 
00 FF FF 00 00 0A 00 93 00 00 04 00 00 17 01 DD F5 50 
00 FF FF 00 00 09 00 72 21 00 DE 00 17 00 01 02 51 
00 FF FF 00 00 0A 00 93 00 00 04 00 00 17 01 DE F1 52 
00 FF FF 00 00 09 00 72 21 00 DF 00 17 00 01 02 52 
00 FF FF 00 00 0A 00 93 00 00 04 00 00 17 01 DF F1 50 
00 FF FF 00 00 09 00 72 21 00 DF 00 17 00 01 02 53 
00 FF FF 00 00 0A 00 93 00 00 04 00 00 17 01 DF F1 52 
00 FF FF 00 00 09 00 72 21 00 E0 00 17 00 01 02 54 
00 FF FF 00 00 0A 00 93 00 00 04 00 00 17 01 E0 F0 51 
00 FF FF 00 00 09 00 72 21 00 E1 00 17 00 01 02 55 
00 FF FF 00 00 0A 00 93 00 00 04 00 00 17 01 E1 F1 52 
00 FF FF 00 00 09 00 72 21 00 E2 00 17 00 01 02 56 
00 FF FF 00 00 0A 00 93 00 00 04 00 00 17 01 E2 F1 52 
00 FF FF 00 00 09 00 72 21 00 E3 00 17 00 01 02 57 
00 FF FF 00 00 0A 00 93 00 00 04 00 00 17 01 E3 EF 52 
00 FF FF 00 00 09 00 72 21 00 E3 00 17 00 01 02 58 
00 FF FF 00 00 0A 00 93 00 00 04 00 00 17 01 E3 EF 50 
00 FF FF 00 00 09 00 72 21 00 E4 00 17 00 01 02 59 
00 FF FF 00 00 0A 00 93 00 00 04 00 00 17 01 E4 F1 51 
00 FF FF 00 00 09 00 72 21 00 E5 00 17 00 01 02 5A 
00 FF FF 00 00 0A 00 93 00 00 04 00 00 17 01 E5 F0 52 
00 FF FF 00 00 09 00 72 21 00 E6 00 17 00 01 02 5B 
00 FF FF 00 00 0A 00 93 00 00 04 00 00 17 01 E6 F1 51 
00 FF FF 00 00 09 00 72 21 00 E7 00 17 00 01 02 5C 
00 FF FF 00 00 0A 00 93 00 00 04 00 00 17 01 E7 EF 51 
00 FF FF 00 00 09 00 72 21 00 E8 00 17 00 01 02 5D 
00 FF FF 00 00 0A 00 93 00 00 04 00 00 17 01 E8 E1 53 
00 FF FF 00 00 09 00 72 21 00 E8 00 17 00 01 02 5E 
00 FF FF 00 00 0A 00 93 00 00 04 00 00 17 01 E8 E2 53 
00 FF FF 00 00 09 00 72 21 00 E9 00 17 00 01 02 5F 
00 FF FF 00 00 0A 00 93 00 00 04 00 00 17 01 E9 EA 53 
00 FF FF 00 00 09 00 72 21 00 EA 00 17 00 01 02 60 
00 FF FF 00 00 0A 00 93 00 00 04 00 00 17 01 EA EE 50 
00 FF FF 00 00 09 00 72 21 00 EB 00 17 00 01 02 61 
00 FF FF 00 00 0A 00 93 00 00 04 00 00 17 01 EB E0 54 
00 FF FF 00 00 09 00 72 21 00 EC 00 17 00 01 02 62 
00 FF FF 00 00 0A 00 93 00 00 04 00 00 17 01 EC E0 45 
00 FF FF 00 00 09 00 72 21 00 ED 00 17 00 01 02 63 
00 FF FF 00 00 0A 00 93 00 00 04 00 00 17 01 ED E3 4E 
00 FF FF 00 00 09 00 72 21 00 EE 00 17 00 01 02 64 
00 FF FF 00 00 0A 00 93 00 00 04 00 00 17 01 EE DE 49 
00 FF FF 00 00 09 00 72 21 00 EF 00 17 00 01 02 65 
00 FF FF 00 00 0A 00 93 00 00 04 00 00 17 01 EF DF 53 
00 FF FF 00 00 09 00 72 21 00 F0 00 17 00 01 02 66 
00 FF FF 00 00 0A 00 93 00 00 04 00 00 17 01 F0 DB 4E 
00 FF FF 00 00 09 00 72 21 00 F1 00 17 00 01 02 67 
00 FF FF 00 00 0A 00 93 00 00 04 00 00 17 01 F1 DA 4B 
00 FF FF 00 00 09 00 72 21 00 F1 00 17 00 01 02 68 
00 FF FF 00 00 0A 00 93 00 00 04 00 00 17 01 F1 DB 4F 
00 FF FF 00 00 09 00 72 21 00 F1 00 17 00 01 02 69 
00 FF FF 00 00 0A 00 93 00 00 04 00 00 17 01 F1 DD 51 
00 FF FF 00 00 09 00 72 21 00 F2 00 17 00 01 02 6A 
00 FF FF 00 00 0A 00 93 00 00 04 00 00 17 01 F2 DF 49 
00 FF FF 00 00 09 00 72 21 00 F3 00 17 00 01 02 6B 
00 FF FF 00 00 0A 00 93 00 00 04 00 00 17 01 F3 ED 52 
00 FF FF 00 00 09 00 72 33 01 F4 00 00 00 00 02 6C 
