In order to load the library 'toscomm' Java tries to locate the file 'libtoscomm.so' in one of the following paths:
/usr/java/packages/lib/i386:/usr/lib/i386-linux-gnu/jni:/lib/i386-linux-gnu:/usr/lib/i386-linux-gnu:/usr/lib/jni:/lib:/usr/lib

The operating system is 'Linux' (i386)

Trying to locate the file 'linux_x86_toscomm.lib' in the classpath
Temporary file created: '/tmp/toscomm8952425679671052627.lib'
Library copied successfully. Let's load it.
Library loaded successfully
00 FF FF 00 00 09 00 72 33 01 F4 00 00 00 00 00 8F 
00 FF FF 00 00 09 00 72 33 01 F4 00 00 00 00 00 90 
00 FF FF 00 00 09 00 72 33 01 F4 00 00 00 00 00 92 
00 FF FF 00 00 09 00 72 33 01 F4 00 00 00 00 00 93 
00 FF FF 00 00 09 00 72 21 00 00 00 17 00 01 00 95 
00 FF FF 00 00 08 00 93 00 00 04 00 00 17 00 00 
00 FF FF 00 00 08 00 93 00 00 04 00 00 17 00 01 
00 FF FF 00 00 09 00 72 33 01 F4 00 00 00 00 00 97 
00 FF FF 00 00 09 00 72 33 01 F4 00 00 00 00 01 01 
00 FF FF 00 00 09 00 72 33 01 F4 00 00 00 00 01 02 
00 FF FF 00 00 09 00 72 33 01 F4 00 00 00 00 01 03 
00 FF FF 00 00 09 00 72 21 00 00 00 17 00 01 01 04 
00 FF FF 00 00 08 00 93 00 00 04 00 00 17 00 00 
00 FF FF 00 00 09 00 72 33 01 F4 00 00 00 00 01 05 
00 FF FF 00 00 09 00 72 21 00 01 00 17 00 01 01 06 
00 FF FF 00 00 08 00 93 00 00 04 00 00 17 00 01 
00 FF FF 00 00 09 00 72 33 01 F4 00 00 00 00 01 07 
00 FF FF 00 00 09 00 72 21 00 02 00 17 00 01 01 08 
00 FF FF 00 00 08 00 93 00 00 04 00 00 17 00 02 
00 FF FF 00 00 09 00 72 33 01 F4 00 00 00 00 01 09 
00 FF FF 00 00 09 00 72 21 00 03 00 17 00 01 01 0A 
00 FF FF 00 00 08 00 93 00 00 04 00 00 17 00 03 
00 FF FF 00 00 09 00 72 21 00 04 00 17 00 01 01 0B 
00 FF FF 00 00 08 00 93 00 00 04 00 00 17 00 04 
00 FF FF 00 00 09 00 72 21 00 05 00 17 00 01 01 0C 
00 FF FF 00 00 08 00 93 00 00 04 00 00 17 00 05 
00 FF FF 00 00 09 00 72 33 01 F4 00 00 00 00 01 0D 
00 FF FF 00 00 09 00 72 21 00 06 00 17 00 01 01 0E 
00 FF FF 00 00 08 00 93 00 00 04 00 00 17 00 06 
00 FF FF 00 00 09 00 72 21 00 07 00 17 00 01 01 0F 
00 FF FF 00 00 08 00 93 00 00 04 00 00 17 00 07 
00 FF FF 00 00 09 00 72 21 00 07 00 17 00 01 01 10 
00 FF FF 00 00 08 00 93 00 00 04 00 00 17 00 07 
00 FF FF 00 00 09 00 72 21 00 08 00 17 00 01 01 11 
00 FF FF 00 00 08 00 93 00 00 04 00 00 17 00 08 
00 FF FF 00 00 09 00 72 21 00 09 00 17 00 01 01 12 
00 FF FF 00 00 08 00 93 00 00 04 00 00 17 00 09 
00 FF FF 00 00 09 00 72 21 00 0A 00 17 00 01 01 13 
00 FF FF 00 00 08 00 93 00 00 04 00 00 17 00 0A 
00 FF FF 00 00 09 00 72 21 00 0B 00 17 00 01 01 14 
00 FF FF 00 00 08 00 93 00 00 04 00 00 17 00 0B 
00 FF FF 00 00 09 00 72 21 00 0C 00 17 00 01 01 15 
00 FF FF 00 00 08 00 93 00 00 04 00 00 17 00 0C 
00 FF FF 00 00 09 00 72 33 01 F4 00 00 00 00 01 16 
00 FF FF 00 00 09 00 72 21 00 0D 00 17 00 01 01 17 
00 FF FF 00 00 08 00 93 00 00 04 00 00 17 00 0D 
00 FF FF 00 00 09 00 72 21 00 0E 00 17 00 01 01 18 
00 FF FF 00 00 08 00 93 00 00 04 00 00 17 00 0E 
00 FF FF 00 00 09 00 72 21 00 0F 00 17 00 01 01 19 
00 FF FF 00 00 08 00 93 00 00 04 00 00 17 00 0F 
00 FF FF 00 00 09 00 72 21 00 0F 00 17 00 01 01 1A 
00 FF FF 00 00 08 00 93 00 00 04 00 00 17 00 0F 
00 FF FF 00 00 09 00 72 21 00 10 00 17 00 01 01 1B 
00 FF FF 00 00 08 00 93 00 00 04 00 00 17 00 10 
00 FF FF 00 00 09 00 72 21 00 11 00 17 00 01 01 1C 
00 FF FF 00 00 08 00 93 00 00 04 00 00 17 00 11 
00 FF FF 00 00 09 00 72 21 00 12 00 17 00 01 01 1D 
00 FF FF 00 00 08 00 93 00 00 04 00 00 17 00 12 
00 FF FF 00 00 09 00 72 21 00 13 00 17 00 01 01 1E 
00 FF FF 00 00 08 00 93 00 00 04 00 00 17 00 13 
00 FF FF 00 00 09 00 72 21 00 14 00 17 00 01 01 1F 
00 FF FF 00 00 08 00 93 00 00 04 00 00 17 00 14 
00 FF FF 00 00 09 00 72 21 00 15 00 17 00 01 01 20 
00 FF FF 00 00 08 00 93 00 00 04 00 00 17 00 15 
00 FF FF 00 00 09 00 72 21 00 16 00 17 00 01 01 21 
00 FF FF 00 00 08 00 93 00 00 04 00 00 17 00 16 
00 FF FF 00 00 09 00 72 21 00 17 00 17 00 01 01 22 
00 FF FF 00 00 08 00 93 00 00 04 00 00 17 00 17 
00 FF FF 00 00 09 00 72 21 00 18 00 17 00 01 01 23 
00 FF FF 00 00 08 00 93 00 00 04 00 00 17 00 18 
00 FF FF 00 00 09 00 72 21 00 19 00 17 00 01 01 24 
00 FF FF 00 00 08 00 93 00 00 04 00 00 17 00 19 
00 FF FF 00 00 09 00 72 21 00 1A 00 17 00 01 01 25 
00 FF FF 00 00 08 00 93 00 00 04 00 00 17 00 1A 
00 FF FF 00 00 09 00 72 21 00 1B 00 17 00 01 01 26 
00 FF FF 00 00 08 00 93 00 00 04 00 00 17 00 1B 
00 FF FF 00 00 09 00 72 21 00 1C 00 17 00 01 01 27 
00 FF FF 00 00 08 00 93 00 00 04 00 00 17 00 1C 
00 FF FF 00 00 09 00 72 21 00 1D 00 17 00 01 01 28 
00 FF FF 00 00 08 00 93 00 00 04 00 00 17 00 1D 
00 FF FF 00 00 09 00 72 33 01 F4 00 00 00 00 01 29 
00 FF FF 00 00 09 00 72 21 00 1E 00 17 00 01 01 2A 
00 FF FF 00 00 08 00 93 00 00 04 00 00 17 00 1E 
00 FF FF 00 00 09 00 72 21 00 1F 00 17 00 01 01 2B 
00 FF FF 00 00 08 00 93 00 00 04 00 00 17 00 1F 
00 FF FF 00 00 09 00 72 21 00 20 00 17 00 01 01 2C 
00 FF FF 00 00 08 00 93 00 00 04 00 00 17 00 20 
00 FF FF 00 00 09 00 72 21 00 21 00 17 00 01 01 2D 
00 FF FF 00 00 08 00 93 00 00 04 00 00 17 00 21 
00 FF FF 00 00 09 00 72 21 00 22 00 17 00 01 01 2E 
00 FF FF 00 00 08 00 93 00 00 04 00 00 17 00 22 
00 FF FF 00 00 09 00 72 21 00 23 00 17 00 01 01 2F 
00 FF FF 00 00 08 00 93 00 00 04 00 00 17 00 23 
00 FF FF 00 00 09 00 72 21 00 24 00 17 00 01 01 30 
00 FF FF 00 00 08 00 93 00 00 04 00 00 17 00 24 
00 FF FF 00 00 09 00 72 21 00 25 00 17 00 01 01 31 
00 FF FF 00 00 08 00 93 00 00 04 00 00 17 00 25 
00 FF FF 00 00 09 00 72 21 00 26 00 17 00 01 01 32 
00 FF FF 00 00 08 00 93 00 00 04 00 00 17 00 26 
00 FF FF 00 00 09 00 72 21 00 27 00 17 00 01 01 33 
00 FF FF 00 00 08 00 93 00 00 04 00 00 17 00 27 
00 FF FF 00 00 09 00 72 21 00 28 00 17 00 01 01 34 
00 FF FF 00 00 08 00 93 00 00 04 00 00 17 00 28 
00 FF FF 00 00 09 00 72 21 00 29 00 17 00 01 01 35 
00 FF FF 00 00 08 00 93 00 00 04 00 00 17 00 29 
00 FF FF 00 00 09 00 72 21 00 29 00 17 00 01 01 36 
00 FF FF 00 00 08 00 93 00 00 04 00 00 17 00 29 
00 FF FF 00 00 09 00 72 21 00 2A 00 17 00 01 01 37 
00 FF FF 00 00 08 00 93 00 00 04 00 00 17 00 2A 
00 FF FF 00 00 09 00 72 21 00 2B 00 17 00 01 01 38 
00 FF FF 00 00 08 00 93 00 00 04 00 00 17 00 2B 
00 FF FF 00 00 09 00 72 21 00 2C 00 17 00 01 01 39 
00 FF FF 00 00 08 00 93 00 00 04 00 00 17 00 2C 
00 FF FF 00 00 09 00 72 21 00 2D 00 17 00 01 01 3A 
00 FF FF 00 00 08 00 93 00 00 04 00 00 17 00 2D 
00 FF FF 00 00 09 00 72 21 00 2D 00 17 00 01 01 3B 
00 FF FF 00 00 08 00 93 00 00 04 00 00 17 00 2D 
00 FF FF 00 00 09 00 72 21 00 2E 00 17 00 01 01 3C 
00 FF FF 00 00 08 00 93 00 00 04 00 00 17 00 2E 
00 FF FF 00 00 09 00 72 21 00 2F 00 17 00 01 01 3D 
00 FF FF 00 00 08 00 93 00 00 04 00 00 17 00 2F 
00 FF FF 00 00 09 00 72 21 00 30 00 17 00 01 01 3E 
00 FF FF 00 00 08 00 93 00 00 04 00 00 17 00 30 
00 FF FF 00 00 09 00 72 21 00 31 00 17 00 01 01 3F 
00 FF FF 00 00 08 00 93 00 00 04 00 00 17 00 31 
00 FF FF 00 00 09 00 72 21 00 32 00 17 00 01 01 40 
00 FF FF 00 00 08 00 93 00 00 04 00 00 17 00 32 
00 FF FF 00 00 09 00 72 21 00 33 00 17 00 01 01 41 
00 FF FF 00 00 08 00 93 00 00 04 00 00 17 00 33 
00 FF FF 00 00 09 00 72 21 00 34 00 17 00 01 01 42 
00 FF FF 00 00 08 00 93 00 00 04 00 00 17 00 34 
00 FF FF 00 00 09 00 72 21 00 35 00 17 00 01 01 43 
00 FF FF 00 00 08 00 93 00 00 04 00 00 17 00 35 
00 FF FF 00 00 09 00 72 21 00 36 00 17 00 01 01 44 
00 FF FF 00 00 08 00 93 00 00 04 00 00 17 00 36 
00 FF FF 00 00 09 00 72 21 00 37 00 17 00 01 01 45 
00 FF FF 00 00 08 00 93 00 00 04 00 00 17 00 37 
00 FF FF 00 00 09 00 72 21 00 38 00 17 00 01 01 46 
00 FF FF 00 00 08 00 93 00 00 04 00 00 17 00 38 
00 FF FF 00 00 09 00 72 21 00 39 00 17 00 01 01 47 
00 FF FF 00 00 08 00 93 00 00 04 00 00 17 00 39 
00 FF FF 00 00 09 00 72 21 00 3A 00 17 00 01 01 48 
00 FF FF 00 00 08 00 93 00 00 04 00 00 17 00 3A 
00 FF FF 00 00 09 00 72 21 00 3B 00 17 00 01 01 49 
00 FF FF 00 00 08 00 93 00 00 04 00 00 17 00 3B 
00 FF FF 00 00 09 00 72 33 01 F4 00 00 00 00 01 4A 
00 FF FF 00 00 09 00 72 21 00 3C 00 17 00 01 01 4B 
00 FF FF 00 00 08 00 93 00 00 04 00 00 17 00 3C 
00 FF FF 00 00 09 00 72 21 00 3D 00 17 00 01 01 4C 
00 FF FF 00 00 08 00 93 00 00 04 00 00 17 00 3D 
00 FF FF 00 00 09 00 72 21 00 3E 00 17 00 01 01 4D 
00 FF FF 00 00 08 00 93 00 00 04 00 00 17 00 3E 
00 FF FF 00 00 09 00 72 21 00 3F 00 17 00 01 01 4E 
00 FF FF 00 00 08 00 93 00 00 04 00 00 17 00 3F 
00 FF FF 00 00 09 00 72 21 00 40 00 17 00 01 01 4F 
00 FF FF 00 00 08 00 93 00 00 04 00 00 17 00 40 
00 FF FF 00 00 09 00 72 21 00 41 00 17 00 01 01 50 
00 FF FF 00 00 08 00 93 00 00 04 00 00 17 00 41 
00 FF FF 00 00 09 00 72 21 00 42 00 17 00 01 01 51 
00 FF FF 00 00 08 00 93 00 00 04 00 00 17 00 42 
00 FF FF 00 00 09 00 72 21 00 43 00 17 00 01 01 52 
00 FF FF 00 00 08 00 93 00 00 04 00 00 17 00 43 
00 FF FF 00 00 09 00 72 21 00 44 00 17 00 01 01 53 
00 FF FF 00 00 08 00 93 00 00 04 00 00 17 00 44 
00 FF FF 00 00 09 00 72 21 00 45 00 17 00 01 01 54 
00 FF FF 00 00 08 00 93 00 00 04 00 00 17 00 45 
00 FF FF 00 00 09 00 72 21 00 46 00 17 00 01 01 55 
00 FF FF 00 00 08 00 93 00 00 04 00 00 17 00 46 
00 FF FF 00 00 09 00 72 21 00 47 00 17 00 01 01 56 
00 FF FF 00 00 08 00 93 00 00 04 00 00 17 00 47 
00 FF FF 00 00 09 00 72 21 00 48 00 17 00 01 01 57 
00 FF FF 00 00 08 00 93 00 00 04 00 00 17 00 48 
00 FF FF 00 00 09 00 72 21 00 49 00 17 00 01 01 58 
00 FF FF 00 00 08 00 93 00 00 04 00 00 17 00 49 
00 FF FF 00 00 09 00 72 21 00 4A 00 17 00 01 01 59 
00 FF FF 00 00 08 00 93 00 00 04 00 00 17 00 4A 
00 FF FF 00 00 09 00 72 21 00 4B 00 17 00 01 01 5A 
00 FF FF 00 00 08 00 93 00 00 04 00 00 17 00 4B 
00 FF FF 00 00 09 00 72 21 00 4C 00 17 00 01 01 5B 
00 FF FF 00 00 08 00 93 00 00 04 00 00 17 00 4C 
00 FF FF 00 00 09 00 72 21 00 4D 00 17 00 01 01 5C 
00 FF FF 00 00 08 00 93 00 00 04 00 00 17 00 4D 
00 FF FF 00 00 09 00 72 21 00 4D 00 17 00 01 01 5D 
00 FF FF 00 00 08 00 93 00 00 04 00 00 17 00 4D 
00 FF FF 00 00 09 00 72 21 00 4E 00 17 00 01 01 5E 
00 FF FF 00 00 08 00 93 00 00 04 00 00 17 00 4E 
00 FF FF 00 00 09 00 72 21 00 4F 00 17 00 01 01 5F 
00 FF FF 00 00 08 00 93 00 00 04 00 00 17 00 4F 
00 FF FF 00 00 09 00 72 21 00 50 00 17 00 01 01 60 
00 FF FF 00 00 08 00 93 00 00 04 00 00 17 00 50 
00 FF FF 00 00 09 00 72 21 00 51 00 17 00 01 01 61 
00 FF FF 00 00 08 00 93 00 00 04 00 00 17 00 51 
00 FF FF 00 00 09 00 72 21 00 52 00 17 00 01 01 62 
00 FF FF 00 00 08 00 93 00 00 04 00 00 17 00 52 
00 FF FF 00 00 09 00 72 21 00 53 00 17 00 01 01 63 
00 FF FF 00 00 08 00 93 00 00 04 00 00 17 00 53 
00 FF FF 00 00 09 00 72 21 00 54 00 17 00 01 01 64 
00 FF FF 00 00 08 00 93 00 00 04 00 00 17 00 54 
00 FF FF 00 00 09 00 72 21 00 55 00 17 00 01 01 65 
00 FF FF 00 00 08 00 93 00 00 04 00 00 17 00 55 
00 FF FF 00 00 09 00 72 21 00 56 00 17 00 01 01 66 
00 FF FF 00 00 08 00 93 00 00 04 00 00 17 00 56 
00 FF FF 00 00 09 00 72 21 00 57 00 17 00 01 01 67 
00 FF FF 00 00 08 00 93 00 00 04 00 00 17 00 57 
00 FF FF 00 00 09 00 72 21 00 58 00 17 00 01 01 68 
00 FF FF 00 00 08 00 93 00 00 04 00 00 17 00 58 
00 FF FF 00 00 09 00 72 21 00 59 00 17 00 01 01 69 
00 FF FF 00 00 08 00 93 00 00 04 00 00 17 00 59 
00 FF FF 00 00 09 00 72 21 00 59 00 17 00 01 01 6A 
00 FF FF 00 00 08 00 93 00 00 04 00 00 17 00 59 
00 FF FF 00 00 09 00 72 21 00 5A 00 17 00 01 01 6B 
00 FF FF 00 00 08 00 93 00 00 04 00 00 17 00 5A 
00 FF FF 00 00 09 00 72 21 00 5B 00 17 00 01 01 6C 
00 FF FF 00 00 08 00 93 00 00 04 00 00 17 00 5B 
00 FF FF 00 00 09 00 72 21 00 5C 00 17 00 01 01 6D 
00 FF FF 00 00 08 00 93 00 00 04 00 00 17 00 5C 
00 FF FF 00 00 09 00 72 21 00 5D 00 17 00 01 01 6E 
00 FF FF 00 00 08 00 93 00 00 04 00 00 17 00 5D 
00 FF FF 00 00 09 00 72 21 00 5E 00 17 00 01 01 6F 
00 FF FF 00 00 08 00 93 00 00 04 00 00 17 00 5E 
00 FF FF 00 00 09 00 72 21 00 5F 00 17 00 01 01 70 
00 FF FF 00 00 08 00 93 00 00 04 00 00 17 00 5F 
00 FF FF 00 00 09 00 72 21 00 60 00 17 00 01 01 71 
00 FF FF 00 00 08 00 93 00 00 04 00 00 17 00 60 
00 FF FF 00 00 09 00 72 21 00 61 00 17 00 01 01 72 
00 FF FF 00 00 08 00 93 00 00 04 00 00 17 00 61 
00 FF FF 00 00 09 00 72 21 00 62 00 17 00 01 01 73 
00 FF FF 00 00 08 00 93 00 00 04 00 00 17 00 62 
00 FF FF 00 00 09 00 72 21 00 63 00 17 00 01 01 74 
00 FF FF 00 00 08 00 93 00 00 04 00 00 17 00 63 
00 FF FF 00 00 09 00 72 33 01 F4 00 00 00 00 01 75 
