In order to load the library 'toscomm' Java tries to locate the file 'libtoscomm.so' in one of the following paths:
/usr/java/packages/lib/i386:/usr/lib/i386-linux-gnu/jni:/lib/i386-linux-gnu:/usr/lib/i386-linux-gnu:/usr/lib/jni:/lib:/usr/lib

The operating system is 'Linux' (i386)

Trying to locate the file 'linux_x86_toscomm.lib' in the classpath
Temporary file created: '/tmp/toscomm4226687254359205184.lib'
Library copied successfully. Let's load it.
Library loaded successfully
00 FF FF 00 00 05 00 86 00 4F 00 65 12 
00 FF FF 00 00 05 00 86 00 4E 00 57 12 
00 FF FF 00 00 05 00 86 00 4E 00 64 12 
00 FF FF 00 00 05 00 86 00 4F 00 64 12 
00 FF FF 00 00 05 00 86 00 4E 00 58 12 
00 FF FF 00 00 05 00 86 00 4E 00 64 12 
00 FF FF 00 00 05 00 86 00 4E 00 57 12 
00 FF FF 00 00 05 00 86 00 4F 00 59 12 
00 FF FF 00 00 05 00 86 00 4F 00 63 12 
00 FF FF 00 00 05 00 86 00 4F 00 63 12 
00 FF FF 00 00 05 00 86 00 50 00 64 12 
00 FF FF 00 00 05 00 86 00 4E 00 64 12 
00 FF FF 00 00 05 00 86 00 4E 00 55 12 
00 FF FF 00 00 05 00 86 00 4F 00 64 12 
00 FF FF 00 00 05 00 86 00 4E 00 56 12 
00 FF FF 00 00 05 00 86 00 4E 00 62 12 
00 FF FF 00 00 05 00 86 00 4F 00 57 12 
00 FF FF 00 00 05 00 86 00 4E 00 62 12 
00 FF FF 00 00 05 00 86 00 4E 00 63 12 
00 FF FF 00 00 05 00 86 00 4E 00 57 12 
00 FF FF 00 00 05 00 86 00 50 00 63 12 
00 FF FF 00 00 05 00 86 00 4E 00 63 12 
00 FF FF 00 00 05 00 86 00 4D 00 55 12 
00 FF FF 00 00 05 00 86 00 4E 00 63 12 
00 FF FF 00 00 05 00 86 00 4E 00 63 12 
00 FF FF 00 00 05 00 86 00 4E 00 58 12 
00 FF FF 00 00 05 00 86 00 52 00 64 12 
00 FF FF 00 00 05 00 86 00 4E 00 57 12 
00 FF FF 00 00 05 00 86 00 4E 00 62 12 
00 FF FF 00 00 05 00 86 00 4F 00 64 12 
00 FF FF 00 00 05 00 86 00 4E 00 51 12 
00 FF FF 00 00 05 00 86 00 4F 00 64 12 
00 FF FF 00 00 05 00 86 00 4E 00 58 12 
00 FF FF 00 00 05 00 86 00 51 00 64 12 
00 FF FF 00 00 05 00 86 00 4E 00 63 12 
00 FF FF 00 00 05 00 86 00 4E 00 58 12 
00 FF FF 00 00 05 00 86 00 4E 00 63 12 
00 FF FF 00 00 05 00 86 00 4E 00 64 12 
00 FF FF 00 00 05 00 86 00 4E 00 56 12 
00 FF FF 00 00 05 00 86 00 4E 00 63 12 
00 FF FF 00 00 05 00 86 00 4E 00 58 12 
00 FF FF 00 00 05 00 86 00 4E 00 64 12 
00 FF FF 00 00 05 00 86 00 4E 00 64 12 
00 FF FF 00 00 05 00 86 00 4E 00 55 12 
00 FF FF 00 00 05 00 86 00 4E 00 64 12 
00 FF FF 00 00 05 00 86 00 4E 00 57 12 
00 FF FF 00 00 05 00 86 00 4E 00 64 12 
00 FF FF 00 00 05 00 86 00 4E 00 64 12 
00 FF FF 00 00 05 00 86 00 4E 00 50 12 
00 FF FF 00 00 05 00 86 00 4F 00 65 12 
00 FF FF 00 00 05 00 86 00 4E 00 64 12 
00 FF FF 00 00 05 00 86 00 4D 00 54 12 
00 FF FF 00 00 05 00 86 00 4E 00 64 12 
00 FF FF 00 00 05 00 86 00 4E 00 58 12 
00 FF FF 00 00 05 00 86 00 4E 00 64 12 
00 FF FF 00 00 05 00 86 00 4E 00 64 12 
00 FF FF 00 00 05 00 86 00 4E 00 53 12 
00 FF FF 00 00 05 00 86 00 4E 00 64 12 
00 FF FF 00 00 05 00 86 00 4E 00 58 12 
00 FF FF 00 00 05 00 86 00 4E 00 65 12 
00 FF FF 00 00 05 00 86 00 4E 00 65 12 
00 FF FF 00 00 05 00 86 00 4F 00 65 12 
00 FF FF 00 00 05 00 86 00 50 00 65 12 
00 FF FF 00 00 05 00 86 00 4E 00 59 12 
00 FF FF 00 00 05 00 86 00 4E 00 53 12 
00 FF FF 00 00 05 00 86 00 4F 00 66 12 
00 FF FF 00 00 05 00 86 00 50 00 5A 12 
00 FF FF 00 00 05 00 86 00 4F 00 66 12 
00 FF FF 00 00 05 00 86 00 4E 00 65 12 
00 FF FF 00 00 05 00 86 00 4E 00 55 12 
00 FF FF 00 00 05 00 86 00 4E 00 64 12 
00 FF FF 00 00 05 00 86 00 4E 00 59 12 
00 FF FF 00 00 05 00 86 00 4F 00 64 12 
00 FF FF 00 00 05 00 86 00 4F 00 64 12 
00 FF FF 00 00 05 00 86 00 50 00 59 12 
00 FF FF 00 00 05 00 86 00 4E 00 64 12 
00 FF FF 00 00 05 00 86 00 4E 00 59 12 
00 FF FF 00 00 05 00 86 00 4E 00 64 12 
00 FF FF 00 00 05 00 86 00 50 00 5A 12 
00 FF FF 00 00 05 00 86 00 50 00 64 12 
00 FF FF 00 00 05 00 86 00 4E 00 64 12 
00 FF FF 00 00 05 00 86 00 4E 00 58 12 
00 FF FF 00 00 05 00 86 00 4E 00 63 12 
00 FF FF 00 00 05 00 86 00 50 00 64 12 
00 FF FF 00 00 05 00 86 00 4E 00 57 12 
00 FF FF 00 00 05 00 86 00 50 00 64 12 
00 FF FF 00 00 05 00 86 00 4E 00 64 12 
00 FF FF 00 00 05 00 86 00 4D 00 51 12 
00 FF FF 00 00 05 00 86 00 4E 00 64 12 
00 FF FF 00 00 05 00 86 00 4E 00 57 12 
00 FF FF 00 00 05 00 86 00 4E 00 64 12 
00 FF FF 00 00 05 00 86 00 4E 00 62 12 
00 FF FF 00 00 05 00 86 00 4F 00 62 12 
00 FF FF 00 00 05 00 86 00 4E 00 62 12 
00 FF FF 00 00 05 00 86 00 4E 00 57 12 
00 FF FF 00 00 05 00 86 00 4E 00 62 12 
00 FF FF 00 00 05 00 86 00 4F 00 62 12 
00 FF FF 00 00 05 00 86 00 4E 00 57 12 
00 FF FF 00 00 05 00 86 00 4E 00 62 12 
00 FF FF 00 00 05 00 86 00 4E 00 61 12 
00 FF FF 00 00 05 00 86 00 4E 00 61 12 
00 FF FF 00 00 05 00 86 00 50 00 62 12 
00 FF FF 00 00 05 00 86 00 4E 00 56 12 
00 FF FF 00 00 05 00 86 00 4E 00 61 12 
00 FF FF 00 00 05 00 86 00 4F 00 57 12 
00 FF FF 00 00 05 00 86 00 4E 00 61 12 
00 FF FF 00 00 05 00 86 00 4E 00 62 12 
00 FF FF 00 00 05 00 86 00 4E 00 57 12 
00 FF FF 00 00 05 00 86 00 4E 00 61 12 
00 FF FF 00 00 05 00 86 00 4E 00 62 12 
00 FF FF 00 00 05 00 86 00 4E 00 57 12 
00 FF FF 00 00 05 00 86 00 4E 00 62 12 
00 FF FF 00 00 05 00 86 00 4E 00 61 12 
00 FF FF 00 00 05 00 86 00 4E 00 53 12 
00 FF FF 00 00 05 00 86 00 4E 00 61 12 
00 FF FF 00 00 05 00 86 00 4F 00 58 12 
00 FF FF 00 00 05 00 86 00 4E 00 61 12 
00 FF FF 00 00 05 00 86 00 4E 00 62 12 
00 FF FF 00 00 05 00 86 00 4D 00 50 12 
00 FF FF 00 00 05 00 86 00 4E 00 60 12 
00 FF FF 00 00 05 00 86 00 4E 00 57 12 
00 FF FF 00 00 05 00 86 00 4E 00 60 12 
00 FF FF 00 00 05 00 86 00 4E 00 62 12 
00 FF FF 00 00 05 00 86 00 4E 00 55 12 
00 FF FF 00 00 05 00 86 00 4E 00 61 12 
00 FF FF 00 00 05 00 86 00 4E 00 61 12 
00 FF FF 00 00 05 00 86 00 4D 00 4F 12 
00 FF FF 00 00 05 00 86 00 4E 00 60 12 
00 FF FF 00 00 05 00 86 00 4E 00 56 12 
00 FF FF 00 00 05 00 86 00 4F 00 60 12 
00 FF FF 00 00 05 00 86 00 50 00 61 12 
00 FF FF 00 00 05 00 86 00 4E 00 51 12 
00 FF FF 00 00 05 00 86 00 4E 00 63 12 
00 FF FF 00 00 05 00 86 00 4F 00 63 12 
00 FF FF 00 00 05 00 86 00 51 00 64 12 
00 FF FF 00 00 05 00 86 00 4F 00 64 12 
00 FF FF 00 00 05 00 86 00 4E 00 58 12 
00 FF FF 00 00 05 00 86 00 4E 00 64 12 
00 FF FF 00 00 05 00 86 00 4E 00 53 12 
00 FF FF 00 00 05 00 86 00 4F 00 63 12 
00 FF FF 00 00 05 00 86 00 4F 00 63 12 
00 FF FF 00 00 05 00 86 00 4E 00 52 12 
00 FF FF 00 00 05 00 86 00 4E 00 62 12 
00 FF FF 00 00 05 00 86 00 4E 00 53 12 
00 FF FF 00 00 05 00 86 00 4E 00 5B 12 
00 FF FF 00 00 05 00 86 00 4E 00 60 12 
00 FF FF 00 00 05 00 86 00 4E 00 52 12 
00 FF FF 00 00 05 00 86 00 4E 00 68 12 
00 FF FF 00 00 05 00 86 00 4E 00 5F 12 
00 FF FF 00 00 05 00 86 00 50 00 6C 12 
00 FF FF 00 00 05 00 86 00 4E 00 6C 12 
00 FF FF 00 00 05 00 86 00 4E 00 68 12 
00 FF FF 00 00 05 00 86 00 4F 00 68 12 
00 FF FF 00 00 05 00 86 00 4E 00 60 12 
00 FF FF 00 00 05 00 86 00 4E 00 54 12 
00 FF FF 00 00 05 00 86 00 4E 00 6A 12 
00 FF FF 00 00 05 00 86 00 4E 00 6A 12 
00 FF FF 00 00 05 00 86 00 4E 00 5D 12 
00 FF FF 00 00 05 00 86 00 4F 00 68 12 
00 FF FF 00 00 05 00 86 00 4E 00 53 12 
00 FF FF 00 00 05 00 86 00 50 00 68 12 
00 FF FF 00 00 05 00 86 00 4E 00 68 12 
00 FF FF 00 00 05 00 86 00 4E 00 55 12 
00 FF FF 00 00 05 00 86 00 50 00 66 12 
00 FF FF 00 00 05 00 86 00 4E 00 56 12 
00 FF FF 00 00 05 00 86 00 4E 00 64 12 
00 FF FF 00 00 05 00 86 00 4E 00 60 12 
00 FF FF 00 00 05 00 86 00 4E 00 55 12 
00 FF FF 00 00 05 00 86 00 4E 00 5F 12 
00 FF FF 00 00 05 00 86 00 4E 00 55 12 
00 FF FF 00 00 05 00 86 00 4E 00 5A 12 
00 FF FF 00 00 05 00 86 00 4E 00 60 12 
00 FF FF 00 00 05 00 86 00 4F 00 54 12 
00 FF FF 00 00 05 00 86 00 4E 00 60 12 
00 FF FF 00 00 05 00 86 00 4E 00 60 12 
00 FF FF 00 00 05 00 86 00 4E 00 52 12 
00 FF FF 00 00 05 00 86 00 4E 00 62 12 
00 FF FF 00 00 05 00 86 00 4E 00 53 12 
00 FF FF 00 00 05 00 86 00 4E 00 62 12 
00 FF FF 00 00 05 00 86 00 4E 00 64 12 
00 FF FF 00 00 05 00 86 00 4E 00 51 12 
00 FF FF 00 00 05 00 86 00 4E 00 64 12 
00 FF FF 00 00 05 00 86 00 4D 00 50 12 
00 FF FF 00 00 05 00 86 00 4E 00 64 12 
00 FF FF 00 00 05 00 86 00 4E 00 64 12 
00 FF FF 00 00 05 00 86 00 4E 00 56 12 
00 FF FF 00 00 05 00 86 00 4E 00 63 12 
00 FF FF 00 00 05 00 86 00 4E 00 62 12 
00 FF FF 00 00 05 00 86 00 4E 00 5D 12 
00 FF FF 00 00 05 00 86 00 4E 00 61 12 
00 FF FF 00 00 05 00 86 00 4E 00 54 12 
00 FF FF 00 00 05 00 86 00 4E 00 62 12 
00 FF FF 00 00 05 00 86 00 4E 00 61 12 
00 FF FF 00 00 05 00 86 00 4E 00 53 12 
00 FF FF 00 00 05 00 86 00 4E 00 60 12 
00 FF FF 00 00 05 00 86 00 4E 00 54 12 
00 FF FF 00 00 05 00 86 00 4E 00 60 12 
00 FF FF 00 00 05 00 86 00 4E 00 60 12 
00 FF FF 00 00 05 00 86 00 4E 00 53 12 
00 FF FF 00 00 05 00 86 00 4E 00 60 12 
00 FF FF 00 00 05 00 86 00 4E 00 60 12 
00 FF FF 00 00 05 00 86 00 4E 00 5E 12 
00 FF FF 00 00 05 00 86 00 4E 00 60 12 
00 FF FF 00 00 05 00 86 00 4E 00 54 12 
00 FF FF 00 00 05 00 86 00 50 00 60 12 
00 FF FF 00 00 05 00 86 00 4E 00 60 12 
00 FF FF 00 00 05 00 86 00 4D 00 4F 12 
00 FF FF 00 00 05 00 86 00 4E 00 62 12 
00 FF FF 00 00 05 00 86 00 4E 00 52 12 
00 FF FF 00 00 05 00 86 00 4E 00 62 12 
00 FF FF 00 00 05 00 86 00 4E 00 62 12 
00 FF FF 00 00 05 00 86 00 4D 00 51 12 
00 FF FF 00 00 05 00 86 00 4E 00 64 12 
00 FF FF 00 00 05 00 86 00 4E 00 65 12 
00 FF FF 00 00 05 00 86 00 4D 00 4F 12 
00 FF FF 00 00 05 00 86 00 4E 00 68 12 
00 FF FF 00 00 05 00 86 00 4D 00 54 12 
00 FF FF 00 00 05 00 86 00 4E 00 68 12 
00 FF FF 00 00 05 00 86 00 4E 00 67 12 
00 FF FF 00 00 05 00 86 00 4D 00 4F 12 
00 FF FF 00 00 05 00 86 00 4E 00 68 12 
00 FF FF 00 00 05 00 86 00 4D 00 51 12 
00 FF FF 00 00 05 00 86 00 4E 00 68 12 
00 FF FF 00 00 05 00 86 00 4F 00 68 12 
00 FF FF 00 00 05 00 86 00 4E 00 53 12 
00 FF FF 00 00 05 00 86 00 4E 00 68 12 
00 FF FF 00 00 05 00 86 00 4E 00 53 12 
00 FF FF 00 00 05 00 86 00 4E 00 68 12 
00 FF FF 00 00 05 00 86 00 4E 00 68 12 
00 FF FF 00 00 05 00 86 00 4E 00 56 12 
00 FF FF 00 00 05 00 86 00 4E 00 68 12 
00 FF FF 00 00 05 00 86 00 4E 00 68 12 
00 FF FF 00 00 05 00 86 00 4D 00 4F 12 
00 FF FF 00 00 05 00 86 00 4E 00 68 12 
00 FF FF 00 00 05 00 86 00 4E 00 57 12 
00 FF FF 00 00 05 00 86 00 4E 00 68 12 
00 FF FF 00 00 05 00 86 00 4E 00 68 12 
00 FF FF 00 00 05 00 86 00 4E 00 55 12 
00 FF FF 00 00 05 00 86 00 4E 00 68 12 
00 FF FF 00 00 05 00 86 00 4E 00 51 12 
00 FF FF 00 00 05 00 86 00 4E 00 5B 12 
00 FF FF 00 00 05 00 86 00 4E 00 68 12 
00 FF FF 00 00 05 00 86 00 4E 00 52 12 
00 FF FF 00 00 05 00 86 00 4F 00 68 12 
00 FF FF 00 00 05 00 86 00 4F 00 68 12 
00 FF FF 00 00 05 00 86 00 4E 00 54 12 
00 FF FF 00 00 05 00 86 00 4E 00 68 12 
00 FF FF 00 00 05 00 86 00 4E 00 50 12 
00 FF FF 00 00 05 00 86 00 4E 00 68 12 
00 FF FF 00 00 05 00 86 00 4E 00 67 12 
00 FF FF 00 00 05 00 86 00 4D 00 50 12 
00 FF FF 00 00 05 00 86 00 4E 00 66 12 
00 FF FF 00 00 05 00 86 00 4E 00 50 12 
00 FF FF 00 00 05 00 86 00 4E 00 66 12 
00 FF FF 00 00 05 00 86 00 4E 00 66 12 
00 FF FF 00 00 05 00 86 00 4E 00 51 12 
00 FF FF 00 00 05 00 86 00 4E 00 64 12 
00 FF FF 00 00 05 00 86 00 4E 00 57 12 
00 FF FF 00 00 05 00 86 00 4E 00 5B 12 
00 FF FF 00 00 05 00 86 00 4E 00 64 12 
00 FF FF 00 00 05 00 86 00 4E 00 56 12 
00 FF FF 00 00 05 00 86 00 4E 00 63 12 
00 FF FF 00 00 05 00 86 00 4E 00 62 12 
00 FF FF 00 00 05 00 86 00 4E 00 55 12 
00 FF FF 00 00 05 00 86 00 4E 00 62 12 
00 FF FF 00 00 05 00 86 00 4E 00 55 12 
00 FF FF 00 00 05 00 86 00 4E 00 62 12 
00 FF FF 00 00 05 00 86 00 4E 00 62 12 
00 FF FF 00 00 05 00 86 00 4E 00 56 12 
00 FF FF 00 00 05 00 86 00 4E 00 62 12 
00 FF FF 00 00 05 00 86 00 4E 00 62 12 
00 FF FF 00 00 05 00 86 00 4D 00 4F 12 
00 FF FF 00 00 05 00 86 00 4E 00 62 12 
00 FF FF 00 00 05 00 86 00 4E 00 56 12 
00 FF FF 00 00 05 00 86 00 4E 00 60 12 
00 FF FF 00 00 05 00 86 00 4E 00 5F 12 
00 FF FF 00 00 05 00 86 00 4E 00 55 12 
00 FF FF 00 00 05 00 86 00 4E 00 5F 12 
00 FF FF 00 00 05 00 86 00 4E 00 53 12 
00 FF FF 00 00 05 00 86 00 4E 00 5E 12 
00 FF FF 00 00 05 00 86 00 4E 00 5C 12 
00 FF FF 00 00 05 00 86 00 4E 00 52 12 
00 FF FF 00 00 05 00 86 00 4E 00 5F 12 
00 FF FF 00 00 05 00 86 00 4D 00 53 12 
00 FF FF 00 00 05 00 86 00 4E 00 5B 12 
00 FF FF 00 00 05 00 86 00 4E 00 5B 12 
00 FF FF 00 00 05 00 86 00 4E 00 5C 12 
00 FF FF 00 00 05 00 86 00 4F 00 61 12 
00 FF FF 00 00 05 00 86 00 4E 00 62 12 
00 FF FF 00 00 05 00 86 00 4D 00 4F 12 
00 FF FF 00 00 05 00 86 00 4E 00 5C 12 
00 FF FF 00 00 05 00 86 00 4E 00 5D 12 
00 FF FF 00 00 05 00 86 00 4E 00 5C 12 
00 FF FF 00 00 05 00 86 00 4E 00 5D 12 
00 FF FF 00 00 05 00 86 00 4E 00 52 12 
00 FF FF 00 00 05 00 86 00 4E 00 5D 12 
00 FF FF 00 00 05 00 86 00 4E 00 53 12 
00 FF FF 00 00 05 00 86 00 4E 00 5E 12 
00 FF FF 00 00 05 00 86 00 4E 00 61 12 
00 FF FF 00 00 05 00 86 00 4E 00 5E 12 
00 FF FF 00 00 05 00 86 00 4E 00 5E 12 
00 FF FF 00 00 05 00 86 00 4F 00 60 12 
00 FF FF 00 00 05 00 86 00 4D 00 51 12 
00 FF FF 00 00 05 00 86 00 4E 00 60 12 
00 FF FF 00 00 05 00 86 00 4E 00 57 12 
00 FF FF 00 00 05 00 86 00 4E 00 62 12 
00 FF FF 00 00 05 00 86 00 4E 00 60 12 
00 FF FF 00 00 05 00 86 00 4E 00 5A 12 
00 FF FF 00 00 05 00 86 00 4E 00 5E 12 
00 FF FF 00 00 05 00 86 00 4E 00 53 12 
00 FF FF 00 00 05 00 86 00 4E 00 5F 12 
00 FF FF 00 00 05 00 86 00 4E 00 5F 12 
00 FF FF 00 00 05 00 86 00 4D 00 57 12 
00 FF FF 00 00 05 00 86 00 4E 00 61 12 
00 FF FF 00 00 05 00 86 00 4D 00 54 12 
00 FF FF 00 00 05 00 86 00 4E 00 60 12 
00 FF FF 00 00 05 00 86 00 4F 00 62 12 
00 FF FF 00 00 05 00 86 00 4D 00 50 12 
00 FF FF 00 00 05 00 86 00 4E 00 62 12 
00 FF FF 00 00 05 00 86 00 4E 00 63 12 
00 FF FF 00 00 05 00 86 00 4D 00 51 12 
00 FF FF 00 00 05 00 86 00 4E 00 60 12 
00 FF FF 00 00 05 00 86 00 4D 00 50 12 
00 FF FF 00 00 05 00 86 00 4E 00 62 12 
00 FF FF 00 00 05 00 86 00 4F 00 61 12 
00 FF FF 00 00 05 00 86 00 4E 00 51 12 
00 FF FF 00 00 05 00 86 00 4E 00 63 12 
00 FF FF 00 00 05 00 86 00 4F 00 62 12 
00 FF FF 00 00 05 00 86 00 50 00 60 12 
00 FF FF 00 00 05 00 86 00 4E 00 51 12 
00 FF FF 00 00 05 00 86 00 4F 00 62 12 
00 FF FF 00 00 05 00 86 00 4F 00 60 12 
00 FF FF 00 00 05 00 86 00 4E 00 61 12 
00 FF FF 00 00 05 00 86 00 4E 00 5D 12 
00 FF FF 00 00 05 00 86 00 4E 00 62 12 
00 FF FF 00 00 05 00 86 00 4F 00 62 12 
00 FF FF 00 00 05 00 86 00 4E 00 62 12 
00 FF FF 00 00 05 00 86 00 4E 00 62 12 
00 FF FF 00 00 05 00 86 00 4E 00 58 12 
00 FF FF 00 00 05 00 86 00 4E 00 62 12 
00 FF FF 00 00 05 00 86 00 4F 00 62 12 
00 FF FF 00 00 05 00 86 00 4F 00 62 12 
00 FF FF 00 00 05 00 86 00 51 00 61 12 
00 FF FF 00 00 05 00 86 00 4D 00 52 12 
00 FF FF 00 00 05 00 86 00 4E 00 60 12 
00 FF FF 00 00 05 00 86 00 4E 00 52 12 
00 FF FF 00 00 05 00 86 00 4E 00 60 12 
00 FF FF 00 00 05 00 86 00 4E 00 60 12 
00 FF FF 00 00 05 00 86 00 4F 00 61 12 
00 FF FF 00 00 05 00 86 00 4E 00 60 12 
00 FF FF 00 00 05 00 86 00 50 00 60 12 
00 FF FF 00 00 05 00 86 00 4E 00 51 12 
00 FF FF 00 00 05 00 86 00 4E 00 5F 12 
00 FF FF 00 00 05 00 86 00 4E 00 51 12 
00 FF FF 00 00 05 00 86 00 4F 00 60 12 
00 FF FF 00 00 05 00 86 00 4E 00 61 12 
00 FF FF 00 00 05 00 86 00 4F 00 62 12 
00 FF FF 00 00 05 00 86 00 4E 00 60 12 
00 FF FF 00 00 05 00 86 00 4E 00 5F 12 
00 FF FF 00 00 05 00 86 00 4E 00 62 12 
00 FF FF 00 00 05 00 86 00 4E 00 60 12 
00 FF FF 00 00 05 00 86 00 4E 00 53 12 
00 FF FF 00 00 05 00 86 00 4E 00 62 12 
00 FF FF 00 00 05 00 86 00 4E 00 60 12 
00 FF FF 00 00 05 00 86 00 4E 00 51 12 
00 FF FF 00 00 05 00 86 00 4F 00 62 12 
00 FF FF 00 00 05 00 86 00 4E 00 5F 12 
00 FF FF 00 00 05 00 86 00 4E 00 62 12 
00 FF FF 00 00 05 00 86 00 4E 00 62 12 
00 FF FF 00 00 05 00 86 00 4D 00 51 12 
00 FF FF 00 00 05 00 86 00 4E 00 62 12 
00 FF FF 00 00 05 00 86 00 4E 00 59 12 
00 FF FF 00 00 05 00 86 00 4E 00 62 12 
00 FF FF 00 00 05 00 86 00 4E 00 62 12 
00 FF FF 00 00 05 00 86 00 4D 00 52 12 
00 FF FF 00 00 05 00 86 00 4E 00 60 12 
00 FF FF 00 00 05 00 86 00 4E 00 5A 12 
00 FF FF 00 00 05 00 86 00 4E 00 61 12 
00 FF FF 00 00 05 00 86 00 4E 00 60 12 
00 FF FF 00 00 05 00 86 00 4E 00 53 12 
00 FF FF 00 00 05 00 86 00 4E 00 60 12 
00 FF FF 00 00 05 00 86 00 4E 00 60 12 
00 FF FF 00 00 05 00 86 00 4E 00 53 12 
00 FF FF 00 00 05 00 86 00 4E 00 60 12 
00 FF FF 00 00 05 00 86 00 4E 00 52 12 
00 FF FF 00 00 05 00 86 00 4E 00 60 12 
00 FF FF 00 00 05 00 86 00 4E 00 60 12 
00 FF FF 00 00 05 00 86 00 4E 00 53 12 
00 FF FF 00 00 05 00 86 00 4E 00 60 12 
00 FF FF 00 00 05 00 86 00 4E 00 5D 12 
00 FF FF 00 00 05 00 86 00 4E 00 60 12 
00 FF FF 00 00 05 00 86 00 4E 00 60 12 
00 FF FF 00 00 05 00 86 00 4E 00 59 12 
00 FF FF 00 00 05 00 86 00 4E 00 60 12 
00 FF FF 00 00 05 00 86 00 4E 00 60 12 
00 FF FF 00 00 05 00 86 00 4F 00 60 12 
00 FF FF 00 00 05 00 86 00 4E 00 60 12 
00 FF FF 00 00 05 00 86 00 4D 00 53 12 
00 FF FF 00 00 05 00 86 00 4E 00 60 12 
00 FF FF 00 00 05 00 86 00 4E 00 60 12 
00 FF FF 00 00 05 00 86 00 4E 00 53 12 
00 FF FF 00 00 05 00 86 00 4E 00 61 12 
00 FF FF 00 00 05 00 86 00 4E 00 53 12 
00 FF FF 00 00 05 00 86 00 4E 00 60 12 
00 FF FF 00 00 05 00 86 00 4E 00 61 12 
00 FF FF 00 00 05 00 86 00 4E 00 5F 12 
00 FF FF 00 00 05 00 86 00 4E 00 61 12 
00 FF FF 00 00 05 00 86 00 4E 00 52 12 
00 FF FF 00 00 05 00 86 00 4E 00 60 12 
00 FF FF 00 00 05 00 86 00 4E 00 61 12 
00 FF FF 00 00 05 00 86 00 4E 00 52 12 
00 FF FF 00 00 05 00 86 00 4E 00 61 12 
00 FF FF 00 00 05 00 86 00 4E 00 61 12 
00 FF FF 00 00 05 00 86 00 4E 00 52 12 
00 FF FF 00 00 05 00 86 00 4E 00 61 12 
00 FF FF 00 00 05 00 86 00 4E 00 52 12 
00 FF FF 00 00 05 00 86 00 4E 00 61 12 
00 FF FF 00 00 05 00 86 00 4E 00 61 12 
00 FF FF 00 00 05 00 86 00 4E 00 59 12 
00 FF FF 00 00 05 00 86 00 4E 00 61 12 
00 FF FF 00 00 05 00 86 00 4E 00 53 12 
00 FF FF 00 00 05 00 86 00 4E 00 61 12 
00 FF FF 00 00 05 00 86 00 4E 00 61 12 
00 FF FF 00 00 05 00 86 00 4D 00 52 12 
00 FF FF 00 00 05 00 86 00 4E 00 61 12 
00 FF FF 00 00 05 00 86 00 4E 00 60 12 
00 FF FF 00 00 05 00 86 00 4E 00 53 12 
00 FF FF 00 00 05 00 86 00 4F 00 60 12 
00 FF FF 00 00 05 00 86 00 4E 00 53 12 
00 FF FF 00 00 05 00 86 00 4E 00 61 12 
00 FF FF 00 00 05 00 86 00 4E 00 61 12 
00 FF FF 00 00 05 00 86 00 4E 00 54 12 
00 FF FF 00 00 05 00 86 00 4E 00 62 12 
00 FF FF 00 00 05 00 86 00 4F 00 62 12 
00 FF FF 00 00 05 00 86 00 51 00 62 12 
00 FF FF 00 00 05 00 86 00 4F 00 61 12 
00 FF FF 00 00 05 00 86 00 4E 00 54 12 
00 FF FF 00 00 05 00 86 00 4E 00 62 12 
00 FF FF 00 00 05 00 86 00 4E 00 53 12 
00 FF FF 00 00 05 00 86 00 4E 00 60 12 
00 FF FF 00 00 05 00 86 00 4E 00 62 12 
00 FF FF 00 00 05 00 86 00 4E 00 5F 12 
00 FF FF 00 00 05 00 86 00 4E 00 62 12 
00 FF FF 00 00 05 00 86 00 4E 00 61 12 
00 FF FF 00 00 05 00 86 00 4E 00 62 12 
00 FF FF 00 00 05 00 86 00 50 00 60 12 
00 FF FF 00 00 05 00 86 00 50 00 61 12 
00 FF FF 00 00 05 00 86 00 4E 00 61 12 
00 FF FF 00 00 05 00 86 00 4F 00 62 12 
00 FF FF 00 00 05 00 86 00 4E 00 61 12 
00 FF FF 00 00 05 00 86 00 4F 00 62 12 
00 FF FF 00 00 05 00 86 00 4E 00 5E 12 
00 FF FF 00 00 05 00 86 00 4E 00 61 12 
00 FF FF 00 00 05 00 86 00 4E 00 61 12 
00 FF FF 00 00 05 00 86 00 4E 00 58 12 
00 FF FF 00 00 05 00 86 00 4E 00 62 12 
00 FF FF 00 00 05 00 86 00 4E 00 62 12 
00 FF FF 00 00 05 00 86 00 4E 00 62 12 
00 FF FF 00 00 05 00 86 00 4E 00 62 12 
00 FF FF 00 00 05 00 86 00 4E 00 54 12 
00 FF FF 00 00 05 00 86 00 4E 00 62 12 
00 FF FF 00 00 05 00 86 00 4E 00 62 12 
00 FF FF 00 00 05 00 86 00 4E 00 61 12 
00 FF FF 00 00 05 00 86 00 4E 00 61 12 
00 FF FF 00 00 05 00 86 00 4E 00 53 12 
00 FF FF 00 00 05 00 86 00 4E 00 62 12 
00 FF FF 00 00 05 00 86 00 4E 00 62 12 
00 FF FF 00 00 05 00 86 00 4E 00 5E 12 
00 FF FF 00 00 05 00 86 00 4E 00 62 12 
00 FF FF 00 00 05 00 86 00 4E 00 61 12 
00 FF FF 00 00 05 00 86 00 4E 00 60 12 
00 FF FF 00 00 05 00 86 00 4E 00 62 12 
00 FF FF 00 00 05 00 86 00 4E 00 60 12 
00 FF FF 00 00 05 00 86 00 4E 00 62 12 
00 FF FF 00 00 05 00 86 00 4E 00 62 12 
00 FF FF 00 00 05 00 86 00 4E 00 53 12 
00 FF FF 00 00 05 00 86 00 4F 00 61 12 
00 FF FF 00 00 05 00 86 00 4E 00 54 12 
00 FF FF 00 00 05 00 86 00 4E 00 62 12 
00 FF FF 00 00 05 00 86 00 4E 00 61 12 
00 FF FF 00 00 05 00 86 00 4E 00 5B 12 
00 FF FF 00 00 05 00 86 00 4E 00 62 12 
00 FF FF 00 00 05 00 86 00 4E 00 53 12 
00 FF FF 00 00 05 00 86 00 50 00 62 12 
00 FF FF 00 00 05 00 86 00 4F 00 61 12 
00 FF FF 00 00 05 00 86 00 4F 00 62 12 
00 FF FF 00 00 05 00 86 00 50 00 62 12 
00 FF FF 00 00 05 00 86 00 51 00 61 12 
00 FF FF 00 00 05 00 86 00 50 00 61 12 
00 FF FF 00 00 05 00 86 00 4E 00 61 12 
00 FF FF 00 00 05 00 86 00 4F 00 53 12 
00 FF FF 00 00 05 00 86 00 4F 00 61 12 
00 FF FF 00 00 05 00 86 00 4F 00 62 12 
00 FF FF 00 00 05 00 86 00 4E 00 53 12 
00 FF FF 00 00 05 00 86 00 4E 00 61 12 
00 FF FF 00 00 05 00 86 00 50 00 61 12 
00 FF FF 00 00 05 00 86 00 4F 00 62 12 
00 FF FF 00 00 05 00 86 00 4E 00 61 12 
00 FF FF 00 00 05 00 86 00 4E 00 52 12 
00 FF FF 00 00 05 00 86 00 4E 00 61 12 
00 FF FF 00 00 05 00 86 00 4E 00 62 12 
00 FF FF 00 00 05 00 86 00 4E 00 61 12 
00 FF FF 00 00 05 00 86 00 4E 00 61 12 
00 FF FF 00 00 05 00 86 00 50 00 62 12 
00 FF FF 00 00 05 00 86 00 50 00 62 12 
00 FF FF 00 00 05 00 86 00 4E 00 61 12 
00 FF FF 00 00 05 00 86 00 4E 00 61 12 
00 FF FF 00 00 05 00 86 00 4F 00 62 12 
00 FF FF 00 00 05 00 86 00 4E 00 53 12 
00 FF FF 00 00 05 00 86 00 4E 00 61 12 
00 FF FF 00 00 05 00 86 00 4E 00 62 12 
00 FF FF 00 00 05 00 86 00 4E 00 52 12 
00 FF FF 00 00 05 00 86 00 4F 00 61 12 
00 FF FF 00 00 05 00 86 00 4E 00 56 12 
00 FF FF 00 00 05 00 86 00 4E 00 61 12 
00 FF FF 00 00 05 00 86 00 4E 00 61 12 
00 FF FF 00 00 05 00 86 00 4E 00 53 12 
00 FF FF 00 00 05 00 86 00 4E 00 61 12 
00 FF FF 00 00 05 00 86 00 4E 00 61 12 
00 FF FF 00 00 05 00 86 00 4E 00 61 12 
00 FF FF 00 00 05 00 86 00 4F 00 61 12 
00 FF FF 00 00 05 00 86 00 4E 00 61 12 
00 FF FF 00 00 05 00 86 00 4E 00 61 12 
00 FF FF 00 00 05 00 86 00 4E 00 62 12 
00 FF FF 00 00 05 00 86 00 4E 00 53 12 
00 FF FF 00 00 05 00 86 00 4E 00 61 12 
00 FF FF 00 00 05 00 86 00 4F 00 53 12 
00 FF FF 00 00 05 00 86 00 50 00 61 12 
00 FF FF 00 00 05 00 86 00 4F 00 61 12 
00 FF FF 00 00 05 00 86 00 4E 00 56 12 
00 FF FF 00 00 05 00 86 00 4E 00 61 12 
00 FF FF 00 00 05 00 86 00 4E 00 61 12 
00 FF FF 00 00 05 00 86 00 50 00 61 12 
00 FF FF 00 00 05 00 86 00 4E 00 61 12 
00 FF FF 00 00 05 00 86 00 4E 00 52 12 
00 FF FF 00 00 05 00 86 00 4E 00 62 12 
00 FF FF 00 00 05 00 86 00 50 00 61 12 
00 FF FF 00 00 05 00 86 00 4F 00 60 12 
00 FF FF 00 00 05 00 86 00 4E 00 61 12 
00 FF FF 00 00 05 00 86 00 4E 00 54 12 
00 FF FF 00 00 05 00 86 00 4E 00 61 12 
00 FF FF 00 00 05 00 86 00 4F 00 61 12 
00 FF FF 00 00 05 00 86 00 4E 00 60 12 
00 FF FF 00 00 05 00 86 00 4E 00 61 12 
00 FF FF 00 00 05 00 86 00 4E 00 52 12 
00 FF FF 00 00 05 00 86 00 4E 00 61 12 
00 FF FF 00 00 05 00 86 00 4F 00 61 12 
00 FF FF 00 00 05 00 86 00 4E 00 5A 12 
00 FF FF 00 00 05 00 86 00 4F 00 61 12 
00 FF FF 00 00 05 00 86 00 4E 00 61 12 
00 FF FF 00 00 05 00 86 00 4E 00 60 12 
00 FF FF 00 00 05 00 86 00 4E 00 61 12 
00 FF FF 00 00 05 00 86 00 4E 00 56 12 
00 FF FF 00 00 05 00 86 00 4E 00 61 12 
00 FF FF 00 00 05 00 86 00 4F 00 61 12 
00 FF FF 00 00 05 00 86 00 4E 00 5D 12 
00 FF FF 00 00 05 00 86 00 4E 00 61 12 
00 FF FF 00 00 05 00 86 00 4E 00 52 12 
00 FF FF 00 00 05 00 86 00 4E 00 61 12 
00 FF FF 00 00 05 00 86 00 4E 00 61 12 
00 FF FF 00 00 05 00 86 00 4E 00 55 12 
00 FF FF 00 00 05 00 86 00 4E 00 60 12 
00 FF FF 00 00 05 00 86 00 4E 00 61 12 
00 FF FF 00 00 05 00 86 00 4E 00 60 12 
00 FF FF 00 00 05 00 86 00 4E 00 61 12 
00 FF FF 00 00 05 00 86 00 4E 00 53 12 
00 FF FF 00 00 05 00 86 00 4E 00 61 12 
00 FF FF 00 00 05 00 86 00 4F 00 61 12 
00 FF FF 00 00 05 00 86 00 4F 00 61 12 
00 FF FF 00 00 05 00 86 00 4F 00 62 12 
00 FF FF 00 00 05 00 86 00 4E 00 52 12 
00 FF FF 00 00 05 00 86 00 4E 00 61 12 
00 FF FF 00 00 05 00 86 00 4E 00 61 12 
00 FF FF 00 00 05 00 86 00 4E 00 53 12 
00 FF FF 00 00 05 00 86 00 4E 00 61 12 
00 FF FF 00 00 05 00 86 00 4E 00 53 12 
00 FF FF 00 00 05 00 86 00 4E 00 61 12 
00 FF FF 00 00 05 00 86 00 4F 00 62 12 
00 FF FF 00 00 05 00 86 00 4E 00 53 12 
00 FF FF 00 00 05 00 86 00 4E 00 61 12 
00 FF FF 00 00 05 00 86 00 4E 00 61 12 
00 FF FF 00 00 05 00 86 00 4E 00 62 12 
00 FF FF 00 00 05 00 86 00 4F 00 61 12 
00 FF FF 00 00 05 00 86 00 4E 00 53 12 
00 FF FF 00 00 05 00 86 00 4E 00 61 12 
00 FF FF 00 00 05 00 86 00 4F 00 61 12 
00 FF FF 00 00 05 00 86 00 4E 00 53 12 
00 FF FF 00 00 05 00 86 00 4E 00 62 12 
00 FF FF 00 00 05 00 86 00 4E 00 53 12 
00 FF FF 00 00 05 00 86 00 4E 00 61 12 
00 FF FF 00 00 05 00 86 00 4E 00 61 12 
00 FF FF 00 00 05 00 86 00 4E 00 53 12 
00 FF FF 00 00 05 00 86 00 4E 00 61 12 
00 FF FF 00 00 05 00 86 00 4E 00 61 12 
00 FF FF 00 00 05 00 86 00 50 00 61 12 
00 FF FF 00 00 05 00 86 00 4F 00 61 12 
00 FF FF 00 00 05 00 86 00 4F 00 62 12 
00 FF FF 00 00 05 00 86 00 4E 00 61 12 
00 FF FF 00 00 05 00 86 00 4F 00 61 12 
00 FF FF 00 00 05 00 86 00 4F 00 61 12 
00 FF FF 00 00 05 00 86 00 4E 00 61 12 
00 FF FF 00 00 05 00 86 00 4E 00 61 12 
00 FF FF 00 00 05 00 86 00 4E 00 61 12 
00 FF FF 00 00 05 00 86 00 4E 00 61 12 
00 FF FF 00 00 05 00 86 00 4E 00 5E 12 
00 FF FF 00 00 05 00 86 00 50 00 61 12 
00 FF FF 00 00 05 00 86 00 4E 00 53 12 
00 FF FF 00 00 05 00 86 00 4F 00 61 12 
00 FF FF 00 00 05 00 86 00 51 00 62 12 
00 FF FF 00 00 05 00 86 00 4F 00 61 12 
00 FF FF 00 00 05 00 86 00 4F 00 61 12 
00 FF FF 00 00 05 00 86 00 4E 00 61 12 
00 FF FF 00 00 05 00 86 00 4E 00 61 12 
00 FF FF 00 00 05 00 86 00 4E 00 61 12 
00 FF FF 00 00 05 00 86 00 4E 00 60 12 
00 FF FF 00 00 05 00 86 00 4F 00 62 12 
00 FF FF 00 00 05 00 86 00 4E 00 61 12 
00 FF FF 00 00 05 00 86 00 4E 00 5F 12 
00 FF FF 00 00 05 00 86 00 4F 00 61 12 
00 FF FF 00 00 05 00 86 00 4E 00 5A 12 
00 FF FF 00 00 05 00 86 00 4E 00 61 12 
00 FF FF 00 00 05 00 86 00 4E 00 62 12 
00 FF FF 00 00 05 00 86 00 4F 00 61 12 
00 FF FF 00 00 05 00 86 00 50 00 61 12 
00 FF FF 00 00 05 00 86 00 4E 00 61 12 
00 FF FF 00 00 05 00 86 00 4E 00 61 12 
00 FF FF 00 00 05 00 86 00 4F 00 61 12 
00 FF FF 00 00 05 00 86 00 4E 00 5D 12 
00 FF FF 00 00 05 00 86 00 4E 00 61 12 
00 FF FF 00 00 05 00 86 00 4E 00 61 12 
00 FF FF 00 00 05 00 86 00 4F 00 58 12 
00 FF FF 00 00 05 00 86 00 4F 00 61 12 
00 FF FF 00 00 05 00 86 00 4F 00 5F 12 
00 FF FF 00 00 05 00 86 00 4E 00 61 12 
00 FF FF 00 00 05 00 86 00 4F 00 54 12 
00 FF FF 00 00 05 00 86 00 4F 00 60 12 
00 FF FF 00 00 05 00 86 00 4F 00 60 12 
00 FF FF 00 00 05 00 86 00 50 00 61 12 
00 FF FF 00 00 05 00 86 00 4F 00 60 12 
00 FF FF 00 00 05 00 86 00 4E 00 60 12 
00 FF FF 00 00 05 00 86 00 4F 00 53 12 
00 FF FF 00 00 05 00 86 00 4E 00 61 12 
00 FF FF 00 00 05 00 86 00 4F 00 61 12 
00 FF FF 00 00 05 00 86 00 4E 00 60 12 
00 FF FF 00 00 05 00 86 00 4E 00 60 12 
00 FF FF 00 00 05 00 86 00 4E 00 56 12 
00 FF FF 00 00 05 00 86 00 4F 00 60 12 
00 FF FF 00 00 05 00 86 00 4E 00 61 12 
00 FF FF 00 00 05 00 86 00 4E 00 52 12 
00 FF FF 00 00 05 00 86 00 4F 00 60 12 
00 FF FF 00 00 05 00 86 00 4E 00 53 12 
00 FF FF 00 00 05 00 86 00 4E 00 60 12 
00 FF FF 00 00 05 00 86 00 4E 00 60 12 
00 FF FF 00 00 05 00 86 00 4E 00 54 12 
00 FF FF 00 00 05 00 86 00 4E 00 60 12 
00 FF FF 00 00 05 00 86 00 4E 00 60 12 
00 FF FF 00 00 05 00 86 00 4E 00 60 12 
00 FF FF 00 00 05 00 86 00 4E 00 60 12 
00 FF FF 00 00 05 00 86 00 4E 00 53 12 
00 FF FF 00 00 05 00 86 00 4E 00 60 12 
00 FF FF 00 00 05 00 86 00 4E 00 60 12 
00 FF FF 00 00 05 00 86 00 4E 00 61 12 
00 FF FF 00 00 05 00 86 00 4E 00 60 12 
00 FF FF 00 00 05 00 86 00 4E 00 57 12 
00 FF FF 00 00 05 00 86 00 4E 00 60 12 
00 FF FF 00 00 05 00 86 00 4E 00 60 12 
00 FF FF 00 00 05 00 86 00 4E 00 53 12 
00 FF FF 00 00 05 00 86 00 4F 00 60 12 
00 FF FF 00 00 05 00 86 00 4E 00 53 12 
00 FF FF 00 00 05 00 86 00 4F 00 60 12 
00 FF FF 00 00 05 00 86 00 4E 00 60 12 
00 FF FF 00 00 05 00 86 00 4E 00 53 12 
00 FF FF 00 00 05 00 86 00 4E 00 60 12 
00 FF FF 00 00 05 00 86 00 4E 00 60 12 
00 FF FF 00 00 05 00 86 00 4E 00 60 12 
00 FF FF 00 00 05 00 86 00 4E 00 53 12 
00 FF FF 00 00 05 00 86 00 50 00 60 12 
00 FF FF 00 00 05 00 86 00 4F 00 60 12 
00 FF FF 00 00 05 00 86 00 4E 00 60 12 
00 FF FF 00 00 05 00 86 00 4E 00 53 12 
00 FF FF 00 00 05 00 86 00 4E 00 60 12 
00 FF FF 00 00 05 00 86 00 4E 00 60 12 
00 FF FF 00 00 05 00 86 00 50 00 61 12 
00 FF FF 00 00 05 00 86 00 4E 00 60 12 
00 FF FF 00 00 05 00 86 00 4E 00 53 12 
00 FF FF 00 00 05 00 86 00 4E 00 60 12 
00 FF FF 00 00 05 00 86 00 4E 00 60 12 
00 FF FF 00 00 05 00 86 00 4E 00 61 12 
00 FF FF 00 00 05 00 86 00 4E 00 60 12 
00 FF FF 00 00 05 00 86 00 4F 00 53 12 
00 FF FF 00 00 05 00 86 00 4F 00 60 12 
00 FF FF 00 00 05 00 86 00 4E 00 56 12 
00 FF FF 00 00 05 00 86 00 50 00 60 12 
00 FF FF 00 00 05 00 86 00 50 00 60 12 
00 FF FF 00 00 05 00 86 00 4E 00 53 12 
00 FF FF 00 00 05 00 86 00 4E 00 60 12 
00 FF FF 00 00 05 00 86 00 4F 00 60 12 
00 FF FF 00 00 05 00 86 00 4E 00 53 12 
00 FF FF 00 00 05 00 86 00 4E 00 60 12 
00 FF FF 00 00 05 00 86 00 4E 00 59 12 
00 FF FF 00 00 05 00 86 00 4E 00 60 12 
00 FF FF 00 00 05 00 86 00 53 00 61 12 
00 FF FF 00 00 05 00 86 00 4F 00 60 12 
00 FF FF 00 00 05 00 86 00 4E 00 60 12 
00 FF FF 00 00 05 00 86 00 54 00 60 12 
00 FF FF 00 00 05 00 86 00 52 00 60 12 
00 FF FF 00 00 05 00 86 00 53 00 61 12 
00 FF FF 00 00 05 00 86 00 4E 00 59 12 
00 FF FF 00 00 05 00 86 00 4F 00 60 12 
00 FF FF 00 00 05 00 86 00 4E 00 60 12 
00 FF FF 00 00 05 00 86 00 4E 00 53 12 
00 FF FF 00 00 05 00 86 00 4E 00 60 12 
00 FF FF 00 00 05 00 86 00 4F 00 60 12 
00 FF FF 00 00 05 00 86 00 4E 00 61 12 
00 FF FF 00 00 05 00 86 00 4F 00 53 12 
00 FF FF 00 00 05 00 86 00 4E 00 61 12 
00 FF FF 00 00 05 00 86 00 4E 00 60 12 
00 FF FF 00 00 05 00 86 00 53 00 60 12 
00 FF FF 00 00 05 00 86 00 4F 00 60 12 
00 FF FF 00 00 05 00 86 00 50 00 60 12 
00 FF FF 00 00 05 00 86 00 4F 00 53 12 
00 FF FF 00 00 05 00 86 00 4E 00 60 12 
00 FF FF 00 00 05 00 86 00 51 00 60 12 
00 FF FF 00 00 05 00 86 00 4E 00 60 12 
00 FF FF 00 00 05 00 86 00 4E 00 60 12 
00 FF FF 00 00 05 00 86 00 51 00 61 12 
00 FF FF 00 00 05 00 86 00 4E 00 60 12 
00 FF FF 00 00 05 00 86 00 4E 00 60 12 
00 FF FF 00 00 05 00 86 00 50 00 60 12 
00 FF FF 00 00 05 00 86 00 4E 00 61 12 
00 FF FF 00 00 05 00 86 00 4E 00 60 12 
00 FF FF 00 00 05 00 86 00 4F 00 60 12 
00 FF FF 00 00 05 00 86 00 4F 00 60 12 
00 FF FF 00 00 05 00 86 00 4E 00 52 12 
00 FF FF 00 00 05 00 86 00 50 00 60 12 
00 FF FF 00 00 05 00 86 00 4F 00 60 12 
00 FF FF 00 00 05 00 86 00 4E 00 60 12 
00 FF FF 00 00 05 00 86 00 50 00 60 12 
00 FF FF 00 00 05 00 86 00 4F 00 60 12 
00 FF FF 00 00 05 00 86 00 4E 00 60 12 
00 FF FF 00 00 05 00 86 00 4E 00 60 12 
00 FF FF 00 00 05 00 86 00 50 00 61 12 
00 FF FF 00 00 05 00 86 00 4E 00 61 12 
00 FF FF 00 00 05 00 86 00 4E 00 60 12 
00 FF FF 00 00 05 00 86 00 4F 00 60 12 
00 FF FF 00 00 05 00 86 00 4E 00 62 12 
00 FF FF 00 00 05 00 86 00 4E 00 51 12 
00 FF FF 00 00 05 00 86 00 50 00 60 12 
00 FF FF 00 00 05 00 86 00 50 00 60 12 
00 FF FF 00 00 05 00 86 00 4F 00 62 12 
00 FF FF 00 00 05 00 86 00 4E 00 5F 12 
00 FF FF 00 00 05 00 86 00 4E 00 57 12 
00 FF FF 00 00 05 00 86 00 4E 00 62 12 
00 FF FF 00 00 05 00 86 00 4E 00 5E 12 
00 FF FF 00 00 05 00 86 00 4E 00 5E 12 
00 FF FF 00 00 05 00 86 00 4E 00 62 12 
00 FF FF 00 00 05 00 86 00 4E 00 55 12 
00 FF FF 00 00 05 00 86 00 4E 00 5E 12 
00 FF FF 00 00 05 00 86 00 4E 00 5E 12 
00 FF FF 00 00 05 00 86 00 4E 00 61 12 
00 FF FF 00 00 05 00 86 00 4E 00 5D 12 
00 FF FF 00 00 05 00 86 00 4E 00 56 12 
00 FF FF 00 00 05 00 86 00 4E 00 61 12 
00 FF FF 00 00 05 00 86 00 54 00 5D 12 
00 FF FF 00 00 05 00 86 00 50 00 5D 12 
00 FF FF 00 00 05 00 86 00 50 00 62 12 
00 FF FF 00 00 05 00 86 00 4E 00 59 12 
00 FF FF 00 00 05 00 86 00 54 00 62 12 
00 FF FF 00 00 05 00 86 00 4E 00 62 12 
00 FF FF 00 00 05 00 86 00 4E 00 56 12 
00 FF FF 00 00 05 00 86 00 4E 00 62 12 
00 FF FF 00 00 05 00 86 00 4E 00 5D 12 
00 FF FF 00 00 05 00 86 00 4E 00 62 12 
00 FF FF 00 00 05 00 86 00 4E 00 62 12 
00 FF FF 00 00 05 00 86 00 4E 00 56 12 
00 FF FF 00 00 05 00 86 00 4F 00 62 12 
00 FF FF 00 00 05 00 86 00 4F 00 62 12 
00 FF FF 00 00 05 00 86 00 4E 00 5B 12 
00 FF FF 00 00 05 00 86 00 4E 00 62 12 
00 FF FF 00 00 05 00 86 00 4E 00 5C 12 
00 FF FF 00 00 05 00 86 00 4E 00 62 12 
00 FF FF 00 00 05 00 86 00 4E 00 62 12 
00 FF FF 00 00 05 00 86 00 4E 00 57 12 
00 FF FF 00 00 05 00 86 00 4F 00 62 12 
00 FF FF 00 00 05 00 86 00 4E 00 5C 12 
00 FF FF 00 00 05 00 86 00 4E 00 62 12 
00 FF FF 00 00 05 00 86 00 50 00 62 12 
00 FF FF 00 00 05 00 86 00 4F 00 61 12 
00 FF FF 00 00 05 00 86 00 51 00 61 12 
00 FF FF 00 00 05 00 86 00 50 00 62 12 
00 FF FF 00 00 05 00 86 00 4E 00 5A 12 
00 FF FF 00 00 05 00 86 00 4E 00 61 12 
00 FF FF 00 00 05 00 86 00 4E 00 5D 12 
00 FF FF 00 00 05 00 86 00 4E 00 62 12 
00 FF FF 00 00 05 00 86 00 4E 00 62 12 
00 FF FF 00 00 05 00 86 00 4E 00 58 12 
00 FF FF 00 00 05 00 86 00 4E 00 62 12 
00 FF FF 00 00 05 00 86 00 4E 00 5E 12 
00 FF FF 00 00 05 00 86 00 4E 00 62 12 
00 FF FF 00 00 05 00 86 00 4E 00 61 12 
00 FF FF 00 00 05 00 86 00 4E 00 57 12 
00 FF FF 00 00 05 00 86 00 4E 00 62 12 
00 FF FF 00 00 05 00 86 00 4E 00 5E 12 
00 FF FF 00 00 05 00 86 00 4E 00 57 12 
00 FF FF 00 00 05 00 86 00 4E 00 60 12 
00 FF FF 00 00 05 00 86 00 4E 00 57 12 
00 FF FF 00 00 05 00 86 00 4E 00 60 12 
00 FF FF 00 00 05 00 86 00 4E 00 61 12 
00 FF FF 00 00 05 00 86 00 4E 00 60 12 
00 FF FF 00 00 05 00 86 00 4E 00 60 12 
00 FF FF 00 00 05 00 86 00 50 00 5D 12 
00 FF FF 00 00 05 00 86 00 4E 00 60 12 
00 FF FF 00 00 05 00 86 00 4F 00 61 12 
00 FF FF 00 00 05 00 86 00 4E 00 56 12 
00 FF FF 00 00 05 00 86 00 4E 00 62 12 
00 FF FF 00 00 05 00 86 00 4E 00 5D 12 
00 FF FF 00 00 05 00 86 00 4E 00 61 12 
00 FF FF 00 00 05 00 86 00 4E 00 61 12 
00 FF FF 00 00 05 00 86 00 4E 00 57 12 
00 FF FF 00 00 05 00 86 00 4E 00 61 12 
00 FF FF 00 00 05 00 86 00 4F 00 5D 12 
00 FF FF 00 00 05 00 86 00 4E 00 61 12 
00 FF FF 00 00 05 00 86 00 4F 00 62 12 
00 FF FF 00 00 05 00 86 00 4F 00 62 12 
00 FF FF 00 00 05 00 86 00 4E 00 5C 12 
00 FF FF 00 00 05 00 86 00 4E 00 60 12 
00 FF FF 00 00 05 00 86 00 4E 00 5C 12 
00 FF FF 00 00 05 00 86 00 4F 00 62 12 
00 FF FF 00 00 05 00 86 00 4E 00 59 12 
00 FF FF 00 00 05 00 86 00 50 00 62 12 
00 FF FF 00 00 05 00 86 00 4E 00 61 12 
00 FF FF 00 00 05 00 86 00 4E 00 56 12 
00 FF FF 00 00 05 00 86 00 4E 00 62 12 
00 FF FF 00 00 05 00 86 00 4E 00 5D 12 
00 FF FF 00 00 05 00 86 00 51 00 62 12 
00 FF FF 00 00 05 00 86 00 51 00 62 12 
00 FF FF 00 00 05 00 86 00 4F 00 5D 12 
00 FF FF 00 00 05 00 86 00 4E 00 62 12 
00 FF FF 00 00 05 00 86 00 4E 00 61 12 
00 FF FF 00 00 05 00 86 00 4E 00 56 12 
00 FF FF 00 00 05 00 86 00 4E 00 62 12 
00 FF FF 00 00 05 00 86 00 4E 00 5D 12 
00 FF FF 00 00 05 00 86 00 4E 00 62 12 
00 FF FF 00 00 05 00 86 00 4E 00 62 12 
00 FF FF 00 00 05 00 86 00 4E 00 57 12 
00 FF FF 00 00 05 00 86 00 4E 00 61 12 
00 FF FF 00 00 05 00 86 00 4E 00 5D 12 
00 FF FF 00 00 05 00 86 00 4E 00 62 12 
00 FF FF 00 00 05 00 86 00 4E 00 62 12 
00 FF FF 00 00 05 00 86 00 4E 00 58 12 
00 FF FF 00 00 05 00 86 00 4F 00 61 12 
00 FF FF 00 00 05 00 86 00 4F 00 61 12 
00 FF FF 00 00 05 00 86 00 4E 00 5E 12 
00 FF FF 00 00 05 00 86 00 50 00 62 12 
00 FF FF 00 00 05 00 86 00 51 00 60 12 
00 FF FF 00 00 05 00 86 00 50 00 61 12 
00 FF FF 00 00 05 00 86 00 4E 00 60 12 
00 FF FF 00 00 05 00 86 00 52 00 6A 12 
00 FF FF 00 00 05 00 86 00 51 00 65 12 
00 FF FF 00 00 05 00 86 00 4E 00 5C 12 
00 FF FF 00 00 05 00 86 00 4F 00 61 12 
00 FF FF 00 00 05 00 86 00 51 00 61 12 
00 FF FF 00 00 05 00 86 00 50 00 5B 12 
00 FF FF 00 00 05 00 86 00 4E 00 61 12 
00 FF FF 00 00 05 00 86 00 4E 00 5C 12 
00 FF FF 00 00 05 00 86 00 52 00 60 12 
00 FF FF 00 00 05 00 86 00 4E 00 61 12 
00 FF FF 00 00 05 00 86 00 4F 00 57 12 
00 FF FF 00 00 05 00 86 00 50 00 61 12 
00 FF FF 00 00 05 00 86 00 4E 00 61 12 
00 FF FF 00 00 05 00 86 00 4E 00 56 12 
00 FF FF 00 00 05 00 86 00 4F 00 61 12 
00 FF FF 00 00 05 00 86 00 4E 00 5E 12 
00 FF FF 00 00 05 00 86 00 4E 00 61 12 
00 FF FF 00 00 05 00 86 00 4F 00 62 12 
00 FF FF 00 00 05 00 86 00 50 00 62 12 
00 FF FF 00 00 05 00 86 00 4E 00 61 12 
00 FF FF 00 00 05 00 86 00 50 00 5E 12 
00 FF FF 00 00 05 00 86 00 4E 00 62 12 
00 FF FF 00 00 05 00 86 00 4E 00 62 12 
00 FF FF 00 00 05 00 86 00 4E 00 56 12 
00 FF FF 00 00 05 00 86 00 50 00 62 12 
00 FF FF 00 00 05 00 86 00 51 00 62 12 
00 FF FF 00 00 05 00 86 00 4E 00 56 12 
00 FF FF 00 00 05 00 86 00 4E 00 62 12 
00 FF FF 00 00 05 00 86 00 4E 00 5E 12 
00 FF FF 00 00 05 00 86 00 4E 00 62 12 
00 FF FF 00 00 05 00 86 00 4E 00 5E 12 
00 FF FF 00 00 05 00 86 00 4E 00 56 12 
00 FF FF 00 00 05 00 86 00 50 00 62 12 
00 FF FF 00 00 05 00 86 00 4E 00 5E 12 
00 FF FF 00 00 05 00 86 00 4E 00 63 12 
00 FF FF 00 00 05 00 86 00 4E 00 62 12 
00 FF FF 00 00 05 00 86 00 4E 00 5B 12 
00 FF FF 00 00 05 00 86 00 4F 00 63 12 
00 FF FF 00 00 05 00 86 00 4E 00 5E 12 
00 FF FF 00 00 05 00 86 00 4E 00 63 12 
00 FF FF 00 00 05 00 86 00 4E 00 64 12 
00 FF FF 00 00 05 00 86 00 4E 00 61 12 
00 FF FF 00 00 05 00 86 00 4E 00 64 12 
00 FF FF 00 00 05 00 86 00 51 00 64 12 
00 FF FF 00 00 05 00 86 00 4E 00 58 12 
00 FF FF 00 00 05 00 86 00 4E 00 63 12 
00 FF FF 00 00 05 00 86 00 4E 00 60 12 
00 FF FF 00 00 05 00 86 00 4E 00 64 12 
00 FF FF 00 00 05 00 86 00 4E 00 64 12 
00 FF FF 00 00 05 00 86 00 50 00 60 12 
00 FF FF 00 00 05 00 86 00 4F 00 64 12 
00 FF FF 00 00 05 00 86 00 4E 00 60 12 
00 FF FF 00 00 05 00 86 00 4E 00 64 12 
00 FF FF 00 00 05 00 86 00 4E 00 57 12 
00 FF FF 00 00 05 00 86 00 4E 00 64 12 
00 FF FF 00 00 05 00 86 00 4E 00 64 12 
00 FF FF 00 00 05 00 86 00 4E 00 5F 12 
00 FF FF 00 00 05 00 86 00 4F 00 64 12 
00 FF FF 00 00 05 00 86 00 52 00 64 12 
00 FF FF 00 00 05 00 86 00 52 00 63 12 
00 FF FF 00 00 05 00 86 00 4E 00 63 12 
00 FF FF 00 00 05 00 86 00 4E 00 62 12 
00 FF FF 00 00 05 00 86 00 4E 00 55 12 
00 FF FF 00 00 05 00 86 00 4E 00 62 12 
00 FF FF 00 00 05 00 86 00 4E 00 5C 12 
00 FF FF 00 00 05 00 86 00 4E 00 62 12 
00 FF FF 00 00 05 00 86 00 4E 00 62 12 
00 FF FF 00 00 05 00 86 00 4E 00 56 12 
00 FF FF 00 00 05 00 86 00 4E 00 62 12 
00 FF FF 00 00 05 00 86 00 4E 00 5D 12 
00 FF FF 00 00 05 00 86 00 4E 00 56 12 
00 FF FF 00 00 05 00 86 00 4F 00 62 12 
00 FF FF 00 00 05 00 86 00 4E 00 5C 12 
00 FF FF 00 00 05 00 86 00 4E 00 62 12 
00 FF FF 00 00 05 00 86 00 4E 00 62 12 
00 FF FF 00 00 05 00 86 00 4E 00 5A 12 
00 FF FF 00 00 05 00 86 00 4E 00 62 12 
00 FF FF 00 00 05 00 86 00 4E 00 5C 12 
00 FF FF 00 00 05 00 86 00 4E 00 62 12 
00 FF FF 00 00 05 00 86 00 4E 00 62 12 
00 FF FF 00 00 05 00 86 00 4E 00 5C 12 
00 FF FF 00 00 05 00 86 00 4F 00 62 12 
00 FF FF 00 00 05 00 86 00 4E 00 5C 12 
00 FF FF 00 00 05 00 86 00 4E 00 62 12 
00 FF FF 00 00 05 00 86 00 4E 00 62 12 
00 FF FF 00 00 05 00 86 00 4E 00 5C 12 
00 FF FF 00 00 05 00 86 00 4E 00 62 12 
00 FF FF 00 00 05 00 86 00 4E 00 62 12 
00 FF FF 00 00 05 00 86 00 4E 00 56 12 
00 FF FF 00 00 05 00 86 00 52 00 62 12 
00 FF FF 00 00 05 00 86 00 4E 00 62 12 
00 FF FF 00 00 05 00 86 00 50 00 62 12 
00 FF FF 00 00 05 00 86 00 4E 00 62 12 
00 FF FF 00 00 05 00 86 00 4E 00 56 12 
00 FF FF 00 00 05 00 86 00 4E 00 62 12 
00 FF FF 00 00 05 00 86 00 4E 00 5C 12 
00 FF FF 00 00 05 00 86 00 4E 00 62 12 
00 FF FF 00 00 05 00 86 00 4E 00 62 12 
00 FF FF 00 00 05 00 86 00 4E 00 5C 12 
00 FF FF 00 00 05 00 86 00 4E 00 62 12 
00 FF FF 00 00 05 00 86 00 4E 00 62 12 
00 FF FF 00 00 05 00 86 00 4E 00 56 12 
00 FF FF 00 00 05 00 86 00 4F 00 63 12 
00 FF FF 00 00 05 00 86 00 4E 00 5E 12 
00 FF FF 00 00 05 00 86 00 4E 00 62 12 
00 FF FF 00 00 05 00 86 00 4E 00 63 12 
00 FF FF 00 00 05 00 86 00 4E 00 57 12 
00 FF FF 00 00 05 00 86 00 4E 00 63 12 
00 FF FF 00 00 05 00 86 00 4E 00 5E 12 
00 FF FF 00 00 05 00 86 00 4F 00 64 12 
00 FF FF 00 00 05 00 86 00 4E 00 63 12 
00 FF FF 00 00 05 00 86 00 4D 00 50 12 
00 FF FF 00 00 05 00 86 00 4E 00 63 12 
00 FF FF 00 00 05 00 86 00 4E 00 5E 12 
00 FF FF 00 00 05 00 86 00 4E 00 63 12 
00 FF FF 00 00 05 00 86 00 4E 00 64 12 
00 FF FF 00 00 05 00 86 00 4E 00 5E 12 
00 FF FF 00 00 05 00 86 00 4E 00 64 12 
00 FF FF 00 00 05 00 86 00 4E 00 63 12 
00 FF FF 00 00 05 00 86 00 4E 00 56 12 
00 FF FF 00 00 05 00 86 00 4F 00 62 12 
00 FF FF 00 00 05 00 86 00 4E 00 5E 12 
00 FF FF 00 00 05 00 86 00 4E 00 64 12 
00 FF FF 00 00 05 00 86 00 4F 00 62 12 
00 FF FF 00 00 05 00 86 00 4E 00 58 12 
00 FF FF 00 00 05 00 86 00 4E 00 63 12 
00 FF FF 00 00 05 00 86 00 4E 00 5E 12 
00 FF FF 00 00 05 00 86 00 4E 00 62 12 
00 FF FF 00 00 05 00 86 00 4F 00 63 12 
00 FF FF 00 00 05 00 86 00 4E 00 5D 12 
00 FF FF 00 00 05 00 86 00 4F 00 63 12 
00 FF FF 00 00 05 00 86 00 50 00 62 12 
00 FF FF 00 00 05 00 86 00 4E 00 62 12 
00 FF FF 00 00 05 00 86 00 4E 00 62 12 
00 FF FF 00 00 05 00 86 00 4E 00 5D 12 
00 FF FF 00 00 05 00 86 00 4E 00 62 12 
00 FF FF 00 00 05 00 86 00 4E 00 62 12 
00 FF FF 00 00 05 00 86 00 4E 00 55 12 
00 FF FF 00 00 05 00 86 00 4F 00 62 12 
00 FF FF 00 00 05 00 86 00 4E 00 5E 12 
00 FF FF 00 00 05 00 86 00 4E 00 62 12 
00 FF FF 00 00 05 00 86 00 4E 00 62 12 
00 FF FF 00 00 05 00 86 00 4E 00 5E 12 
00 FF FF 00 00 05 00 86 00 4E 00 62 12 
00 FF FF 00 00 05 00 86 00 4E 00 62 12 
00 FF FF 00 00 05 00 86 00 4E 00 57 12 
00 FF FF 00 00 05 00 86 00 4F 00 63 12 
00 FF FF 00 00 05 00 86 00 4E 00 5E 12 
00 FF FF 00 00 05 00 86 00 4E 00 62 12 
00 FF FF 00 00 05 00 86 00 4E 00 63 12 
00 FF FF 00 00 05 00 86 00 4E 00 56 12 
00 FF FF 00 00 05 00 86 00 4E 00 62 12 
00 FF FF 00 00 05 00 86 00 4E 00 5E 12 
00 FF FF 00 00 05 00 86 00 4E 00 62 12 
00 FF FF 00 00 05 00 86 00 4E 00 63 12 
00 FF FF 00 00 05 00 86 00 4F 00 5B 12 
00 FF FF 00 00 05 00 86 00 4E 00 62 12 
00 FF FF 00 00 05 00 86 00 4E 00 5E 12 
00 FF FF 00 00 05 00 86 00 4E 00 62 12 
00 FF FF 00 00 05 00 86 00 4E 00 63 12 
00 FF FF 00 00 05 00 86 00 4E 00 5E 12 
00 FF FF 00 00 05 00 86 00 4E 00 63 12 
00 FF FF 00 00 05 00 86 00 4E 00 5E 12 
00 FF FF 00 00 05 00 86 00 52 00 63 12 
00 FF FF 00 00 05 00 86 00 51 00 63 12 
00 FF FF 00 00 05 00 86 00 4E 00 5E 12 
00 FF FF 00 00 05 00 86 00 4E 00 62 12 
00 FF FF 00 00 05 00 86 00 50 00 63 12 
00 FF FF 00 00 05 00 86 00 4E 00 56 12 
00 FF FF 00 00 05 00 86 00 52 00 62 12 
00 FF FF 00 00 05 00 86 00 4E 00 5D 12 
00 FF FF 00 00 05 00 86 00 4E 00 63 12 
00 FF FF 00 00 05 00 86 00 4F 00 62 12 
00 FF FF 00 00 05 00 86 00 4E 00 5F 12 
00 FF FF 00 00 05 00 86 00 4E 00 64 12 
00 FF FF 00 00 05 00 86 00 4E 00 5E 12 
00 FF FF 00 00 05 00 86 00 4E 00 57 12 
00 FF FF 00 00 05 00 86 00 4F 00 62 12 
00 FF FF 00 00 05 00 86 00 4E 00 5E 12 
00 FF FF 00 00 05 00 86 00 4E 00 62 12 
00 FF FF 00 00 05 00 86 00 4F 00 62 12 
00 FF FF 00 00 05 00 86 00 4E 00 56 12 
00 FF FF 00 00 05 00 86 00 4F 00 63 12 
00 FF FF 00 00 05 00 86 00 4E 00 5E 12 
00 FF FF 00 00 05 00 86 00 4E 00 62 12 
00 FF FF 00 00 05 00 86 00 50 00 62 12 
00 FF FF 00 00 05 00 86 00 4E 00 5D 12 
00 FF FF 00 00 05 00 86 00 4E 00 62 12 
00 FF FF 00 00 05 00 86 00 4E 00 5F 12 
00 FF FF 00 00 05 00 86 00 4E 00 62 12 
00 FF FF 00 00 05 00 86 00 4F 00 62 12 
00 FF FF 00 00 05 00 86 00 4E 00 5E 12 
00 FF FF 00 00 05 00 86 00 4E 00 62 12 
00 FF FF 00 00 05 00 86 00 4E 00 62 12 
00 FF FF 00 00 05 00 86 00 4E 00 56 12 
00 FF FF 00 00 05 00 86 00 4F 00 62 12 
00 FF FF 00 00 05 00 86 00 50 00 5E 12 
00 FF FF 00 00 05 00 86 00 4E 00 62 12 
00 FF FF 00 00 05 00 86 00 4F 00 60 12 
00 FF FF 00 00 05 00 86 00 4D 00 51 12 
00 FF FF 00 00 05 00 86 00 4E 00 62 12 
00 FF FF 00 00 05 00 86 00 4E 00 50 12 
00 FF FF 00 00 05 00 86 00 52 00 62 12 
00 FF FF 00 00 05 00 86 00 4E 00 62 12 
00 FF FF 00 00 05 00 86 00 4E 00 60 12 
00 FF FF 00 00 05 00 86 00 4F 00 60 12 
00 FF FF 00 00 05 00 86 00 50 00 60 12 
00 FF FF 00 00 05 00 86 00 4E 00 60 12 
00 FF FF 00 00 05 00 86 00 4E 00 60 12 
00 FF FF 00 00 05 00 86 00 4E 00 5F 12 
00 FF FF 00 00 05 00 86 00 4E 00 60 12 
00 FF FF 00 00 05 00 86 00 4E 00 60 12 
00 FF FF 00 00 05 00 86 00 4E 00 55 12 
00 FF FF 00 00 05 00 86 00 4E 00 61 12 
00 FF FF 00 00 05 00 86 00 4E 00 5F 12 
00 FF FF 00 00 05 00 86 00 4E 00 60 12 
00 FF FF 00 00 05 00 86 00 4E 00 61 12 
00 FF FF 00 00 05 00 86 00 4E 00 5F 12 
00 FF FF 00 00 05 00 86 00 4E 00 60 12 
00 FF FF 00 00 05 00 86 00 4E 00 60 12 
00 FF FF 00 00 05 00 86 00 4E 00 61 12 
00 FF FF 00 00 05 00 86 00 4E 00 62 12 
00 FF FF 00 00 05 00 86 00 4E 00 5F 12 
00 FF FF 00 00 05 00 86 00 4E 00 61 12 
00 FF FF 00 00 05 00 86 00 4E 00 60 12 
00 FF FF 00 00 05 00 86 00 4E 00 61 12 
00 FF FF 00 00 05 00 86 00 4E 00 62 12 
00 FF FF 00 00 05 00 86 00 4F 00 62 12 
00 FF FF 00 00 05 00 86 00 4F 00 62 12 
00 FF FF 00 00 05 00 86 00 51 00 62 12 
00 FF FF 00 00 05 00 86 00 4E 00 56 12 
00 FF FF 00 00 05 00 86 00 4F 00 62 12 
00 FF FF 00 00 05 00 86 00 4E 00 60 12 
00 FF FF 00 00 05 00 86 00 4E 00 61 12 
00 FF FF 00 00 05 00 86 00 4E 00 60 12 
00 FF FF 00 00 05 00 86 00 4E 00 62 12 
00 FF FF 00 00 05 00 86 00 4E 00 62 12 
00 FF FF 00 00 05 00 86 00 50 00 61 12 
00 FF FF 00 00 05 00 86 00 4F 00 61 12 
00 FF FF 00 00 05 00 86 00 4E 00 61 12 
00 FF FF 00 00 05 00 86 00 4E 00 55 12 
00 FF FF 00 00 05 00 86 00 50 00 62 12 
00 FF FF 00 00 05 00 86 00 4E 00 62 12 
00 FF FF 00 00 05 00 86 00 4D 00 50 12 
00 FF FF 00 00 05 00 86 00 4F 00 62 12 
00 FF FF 00 00 05 00 86 00 4E 00 60 12 
00 FF FF 00 00 05 00 86 00 4F 00 61 12 
00 FF FF 00 00 05 00 86 00 4F 00 60 12 
00 FF FF 00 00 05 00 86 00 4F 00 60 12 
00 FF FF 00 00 05 00 86 00 4E 00 60 12 
00 FF FF 00 00 05 00 86 00 4E 00 60 12 
00 FF FF 00 00 05 00 86 00 4E 00 60 12 
00 FF FF 00 00 05 00 86 00 4E 00 5E 12 
00 FF FF 00 00 05 00 86 00 4E 00 5E 12 
00 FF FF 00 00 05 00 86 00 4E 00 60 12 
00 FF FF 00 00 05 00 86 00 4E 00 5E 12 
00 FF FF 00 00 05 00 86 00 4E 00 62 12 
00 FF FF 00 00 05 00 86 00 4E 00 62 12 
00 FF FF 00 00 05 00 86 00 4E 00 5E 12 
00 FF FF 00 00 05 00 86 00 4E 00 62 12 
00 FF FF 00 00 05 00 86 00 4E 00 62 12 
00 FF FF 00 00 05 00 86 00 4D 00 50 12 
00 FF FF 00 00 05 00 86 00 4F 00 62 12 
00 FF FF 00 00 05 00 86 00 4E 00 5E 12 
00 FF FF 00 00 05 00 86 00 4E 00 62 12 
00 FF FF 00 00 05 00 86 00 4E 00 61 12 
00 FF FF 00 00 05 00 86 00 4E 00 60 12 
00 FF FF 00 00 05 00 86 00 4E 00 60 12 
00 FF FF 00 00 05 00 86 00 4E 00 60 12 
00 FF FF 00 00 05 00 86 00 4E 00 60 12 
00 FF FF 00 00 05 00 86 00 4E 00 60 12 
00 FF FF 00 00 05 00 86 00 4E 00 60 12 
00 FF FF 00 00 05 00 86 00 4E 00 60 12 
00 FF FF 00 00 05 00 86 00 4E 00 60 12 
00 FF FF 00 00 05 00 86 00 4E 00 57 12 
00 FF FF 00 00 05 00 86 00 4E 00 60 12 
00 FF FF 00 00 05 00 86 00 4E 00 60 12 
00 FF FF 00 00 05 00 86 00 4E 00 60 12 
00 FF FF 00 00 05 00 86 00 4E 00 60 12 
00 FF FF 00 00 05 00 86 00 4E 00 5E 12 
00 FF FF 00 00 05 00 86 00 4E 00 60 12 
00 FF FF 00 00 05 00 86 00 4E 00 5F 12 
00 FF FF 00 00 05 00 86 00 4E 00 60 12 
00 FF FF 00 00 05 00 86 00 4E 00 61 12 
00 FF FF 00 00 05 00 86 00 4E 00 60 12 
00 FF FF 00 00 05 00 86 00 4E 00 61 12 
00 FF FF 00 00 05 00 86 00 4E 00 5F 12 
00 FF FF 00 00 05 00 86 00 4E 00 61 12 
00 FF FF 00 00 05 00 86 00 4E 00 60 12 
00 FF FF 00 00 05 00 86 00 4E 00 5F 12 
00 FF FF 00 00 05 00 86 00 4E 00 61 12 
00 FF FF 00 00 05 00 86 00 4E 00 61 12 
00 FF FF 00 00 05 00 86 00 4E 00 51 12 
00 FF FF 00 00 05 00 86 00 4E 00 61 12 
00 FF FF 00 00 05 00 86 00 4E 00 60 12 
00 FF FF 00 00 05 00 86 00 4E 00 61 12 
00 FF FF 00 00 05 00 86 00 4E 00 61 12 
00 FF FF 00 00 05 00 86 00 4E 00 60 12 
00 FF FF 00 00 05 00 86 00 4E 00 61 12 
00 FF FF 00 00 05 00 86 00 4E 00 5F 12 
00 FF FF 00 00 05 00 86 00 4E 00 61 12 
00 FF FF 00 00 05 00 86 00 4F 00 62 12 
00 FF FF 00 00 05 00 86 00 4E 00 60 12 
00 FF FF 00 00 05 00 86 00 4E 00 62 12 
00 FF FF 00 00 05 00 86 00 4E 00 62 12 
00 FF FF 00 00 05 00 86 00 4D 00 50 12 
00 FF FF 00 00 05 00 86 00 4E 00 62 12 
00 FF FF 00 00 05 00 86 00 4E 00 60 12 
00 FF FF 00 00 05 00 86 00 4E 00 62 12 
00 FF FF 00 00 05 00 86 00 4F 00 62 12 
00 FF FF 00 00 05 00 86 00 4E 00 60 12 
00 FF FF 00 00 05 00 86 00 4E 00 61 12 
00 FF FF 00 00 05 00 86 00 4E 00 60 12 
00 FF FF 00 00 05 00 86 00 4E 00 62 12 
00 FF FF 00 00 05 00 86 00 4E 00 61 12 
00 FF FF 00 00 05 00 86 00 4E 00 60 12 
00 FF FF 00 00 05 00 86 00 4E 00 62 12 
00 FF FF 00 00 05 00 86 00 4E 00 5F 12 
00 FF FF 00 00 05 00 86 00 4E 00 61 12 
00 FF FF 00 00 05 00 86 00 4E 00 62 12 
00 FF FF 00 00 05 00 86 00 4E 00 60 12 
00 FF FF 00 00 05 00 86 00 4E 00 61 12 
00 FF FF 00 00 05 00 86 00 4F 00 62 12 
00 FF FF 00 00 05 00 86 00 4E 00 53 12 
00 FF FF 00 00 05 00 86 00 4E 00 62 12 
00 FF FF 00 00 05 00 86 00 4E 00 60 12 
00 FF FF 00 00 05 00 86 00 4E 00 62 12 
00 FF FF 00 00 05 00 86 00 4F 00 62 12 
00 FF FF 00 00 05 00 86 00 4E 00 60 12 
00 FF FF 00 00 05 00 86 00 4E 00 62 12 
00 FF FF 00 00 05 00 86 00 4E 00 60 12 
00 FF FF 00 00 05 00 86 00 4E 00 62 12 
00 FF FF 00 00 05 00 86 00 4F 00 62 12 
00 FF FF 00 00 05 00 86 00 4E 00 60 12 
00 FF FF 00 00 05 00 86 00 4E 00 62 12 
00 FF FF 00 00 05 00 86 00 4E 00 62 12 
00 FF FF 00 00 05 00 86 00 4E 00 55 12 
00 FF FF 00 00 05 00 86 00 4E 00 62 12 
00 FF FF 00 00 05 00 86 00 4E 00 60 12 
00 FF FF 00 00 05 00 86 00 4E 00 62 12 
00 FF FF 00 00 05 00 86 00 4E 00 62 12 
00 FF FF 00 00 05 00 86 00 4F 00 62 12 
00 FF FF 00 00 05 00 86 00 4F 00 62 12 
00 FF FF 00 00 05 00 86 00 4F 00 62 12 
00 FF FF 00 00 05 00 86 00 4E 00 62 12 
00 FF FF 00 00 05 00 86 00 4F 00 62 12 
00 FF FF 00 00 05 00 86 00 50 00 62 12 
00 FF FF 00 00 05 00 86 00 51 00 61 12 
00 FF FF 00 00 05 00 86 00 50 00 60 12 
00 FF FF 00 00 05 00 86 00 50 00 61 12 
00 FF FF 00 00 05 00 86 00 4F 00 61 12 
00 FF FF 00 00 05 00 86 00 4E 00 60 12 
00 FF FF 00 00 05 00 86 00 4E 00 61 12 
00 FF FF 00 00 05 00 86 00 4E 00 61 12 
00 FF FF 00 00 05 00 86 00 50 00 5B 12 
00 FF FF 00 00 05 00 86 00 50 00 62 12 
00 FF FF 00 00 05 00 86 00 4E 00 60 12 
00 FF FF 00 00 05 00 86 00 4E 00 61 12 
00 FF FF 00 00 05 00 86 00 4E 00 62 12 
00 FF FF 00 00 05 00 86 00 50 00 61 12 
00 FF FF 00 00 05 00 86 00 50 00 61 12 
00 FF FF 00 00 05 00 86 00 4F 00 60 12 
00 FF FF 00 00 05 00 86 00 4E 00 58 12 
00 FF FF 00 00 05 00 86 00 4F 00 61 12 
00 FF FF 00 00 05 00 86 00 4E 00 60 12 
00 FF FF 00 00 05 00 86 00 4E 00 61 12 
00 FF FF 00 00 05 00 86 00 4F 00 61 12 
00 FF FF 00 00 05 00 86 00 4E 00 53 12 
00 FF FF 00 00 05 00 86 00 4E 00 61 12 
00 FF FF 00 00 05 00 86 00 4E 00 60 12 
00 FF FF 00 00 05 00 86 00 4E 00 60 12 
00 FF FF 00 00 05 00 86 00 4E 00 60 12 
00 FF FF 00 00 05 00 86 00 4E 00 61 12 
00 FF FF 00 00 05 00 86 00 4E 00 61 12 
00 FF FF 00 00 05 00 86 00 4E 00 60 12 
00 FF FF 00 00 05 00 86 00 4E 00 60 12 
00 FF FF 00 00 05 00 86 00 4E 00 60 12 
00 FF FF 00 00 05 00 86 00 4E 00 60 12 
00 FF FF 00 00 05 00 86 00 51 00 61 12 
00 FF FF 00 00 05 00 86 00 4F 00 61 12 
00 FF FF 00 00 05 00 86 00 4D 00 57 12 
00 FF FF 00 00 05 00 86 00 4E 00 61 12 
00 FF FF 00 00 05 00 86 00 4E 00 60 12 
00 FF FF 00 00 05 00 86 00 4E 00 60 12 
00 FF FF 00 00 05 00 86 00 50 00 61 12 
00 FF FF 00 00 05 00 86 00 4F 00 55 12 
00 FF FF 00 00 05 00 86 00 4F 00 61 12 
00 FF FF 00 00 05 00 86 00 4E 00 60 12 
00 FF FF 00 00 05 00 86 00 4F 00 61 12 
00 FF FF 00 00 05 00 86 00 50 00 61 12 
00 FF FF 00 00 05 00 86 00 4E 00 60 12 
00 FF FF 00 00 05 00 86 00 4E 00 61 12 
00 FF FF 00 00 05 00 86 00 4E 00 60 12 
00 FF FF 00 00 05 00 86 00 4D 00 52 12 
00 FF FF 00 00 05 00 86 00 4F 00 61 12 
00 FF FF 00 00 05 00 86 00 4E 00 61 12 
00 FF FF 00 00 05 00 86 00 4F 00 61 12 
00 FF FF 00 00 05 00 86 00 50 00 61 12 
00 FF FF 00 00 05 00 86 00 50 00 61 12 
00 FF FF 00 00 05 00 86 00 4E 00 62 12 
00 FF FF 00 00 05 00 86 00 4E 00 5F 12 
00 FF FF 00 00 05 00 86 00 4E 00 61 12 
00 FF FF 00 00 05 00 86 00 4E 00 60 12 
00 FF FF 00 00 05 00 86 00 4E 00 60 12 
00 FF FF 00 00 05 00 86 00 4E 00 61 12 
00 FF FF 00 00 05 00 86 00 4E 00 60 12 
00 FF FF 00 00 05 00 86 00 4E 00 61 12 
00 FF FF 00 00 05 00 86 00 4E 00 61 12 
00 FF FF 00 00 05 00 86 00 4D 00 50 12 
00 FF FF 00 00 05 00 86 00 50 00 61 12 
00 FF FF 00 00 05 00 86 00 4F 00 61 12 
00 FF FF 00 00 05 00 86 00 4D 00 50 12 
00 FF FF 00 00 05 00 86 00 4E 00 60 12 
00 FF FF 00 00 05 00 86 00 4E 00 5E 12 
00 FF FF 00 00 05 00 86 00 50 00 61 12 
00 FF FF 00 00 05 00 86 00 4F 00 61 12 
00 FF FF 00 00 05 00 86 00 4E 00 52 12 
00 FF FF 00 00 05 00 86 00 4F 00 60 12 
00 FF FF 00 00 05 00 86 00 4E 00 60 12 
00 FF FF 00 00 05 00 86 00 4E 00 60 12 
00 FF FF 00 00 05 00 86 00 4E 00 61 12 
00 FF FF 00 00 05 00 86 00 4E 00 60 12 
00 FF FF 00 00 05 00 86 00 4E 00 61 12 
00 FF FF 00 00 05 00 86 00 4E 00 61 12 
00 FF FF 00 00 05 00 86 00 4E 00 54 12 
00 FF FF 00 00 05 00 86 00 4E 00 60 12 
00 FF FF 00 00 05 00 86 00 50 00 61 12 
00 FF FF 00 00 05 00 86 00 52 00 62 12 
00 FF FF 00 00 05 00 86 00 4F 00 61 12 
00 FF FF 00 00 05 00 86 00 51 00 61 12 
00 FF FF 00 00 05 00 86 00 50 00 61 12 
00 FF FF 00 00 05 00 86 00 4E 00 60 12 
00 FF FF 00 00 05 00 86 00 4E 00 61 12 
00 FF FF 00 00 05 00 86 00 51 00 61 12 
00 FF FF 00 00 05 00 86 00 4F 00 62 12 
00 FF FF 00 00 05 00 86 00 4E 00 60 12 
00 FF FF 00 00 05 00 86 00 4E 00 60 12 
00 FF FF 00 00 05 00 86 00 4F 00 61 12 
00 FF FF 00 00 05 00 86 00 4F 00 61 12 
00 FF FF 00 00 05 00 86 00 50 00 60 12 
00 FF FF 00 00 05 00 86 00 4F 00 61 12 
00 FF FF 00 00 05 00 86 00 50 00 61 12 
00 FF FF 00 00 05 00 86 00 4E 00 5C 12 
00 FF FF 00 00 05 00 86 00 4E 00 61 12 
00 FF FF 00 00 05 00 86 00 4E 00 60 12 
00 FF FF 00 00 05 00 86 00 4E 00 61 12 
00 FF FF 00 00 05 00 86 00 4E 00 60 12 
00 FF FF 00 00 05 00 86 00 50 00 60 12 
00 FF FF 00 00 05 00 86 00 4F 00 61 12 
00 FF FF 00 00 05 00 86 00 50 00 61 12 
00 FF FF 00 00 05 00 86 00 4E 00 61 12 
00 FF FF 00 00 05 00 86 00 4F 00 61 12 
00 FF FF 00 00 05 00 86 00 4E 00 60 12 
00 FF FF 00 00 05 00 86 00 4E 00 60 12 
00 FF FF 00 00 05 00 86 00 51 00 61 12 
00 FF FF 00 00 05 00 86 00 4E 00 61 12 
00 FF FF 00 00 05 00 86 00 4E 00 61 12 
00 FF FF 00 00 05 00 86 00 4E 00 60 12 
00 FF FF 00 00 05 00 86 00 4E 00 61 12 
00 FF FF 00 00 05 00 86 00 4E 00 61 12 
00 FF FF 00 00 05 00 86 00 4E 00 5F 12 
00 FF FF 00 00 05 00 86 00 4E 00 62 12 
00 FF FF 00 00 05 00 86 00 4E 00 60 12 
00 FF FF 00 00 05 00 86 00 4E 00 61 12 
00 FF FF 00 00 05 00 86 00 4E 00 61 12 
00 FF FF 00 00 05 00 86 00 4E 00 60 12 
00 FF FF 00 00 05 00 86 00 4E 00 61 12 
00 FF FF 00 00 05 00 86 00 4E 00 60 12 
00 FF FF 00 00 05 00 86 00 4E 00 60 12 
00 FF FF 00 00 05 00 86 00 4E 00 61 12 
00 FF FF 00 00 05 00 86 00 4E 00 60 12 
00 FF FF 00 00 05 00 86 00 4E 00 61 12 
00 FF FF 00 00 05 00 86 00 4E 00 61 12 
00 FF FF 00 00 05 00 86 00 4E 00 60 12 
00 FF FF 00 00 05 00 86 00 4E 00 61 12 
00 FF FF 00 00 05 00 86 00 4E 00 60 12 
00 FF FF 00 00 05 00 86 00 4E 00 61 12 
00 FF FF 00 00 05 00 86 00 50 00 61 12 
00 FF FF 00 00 05 00 86 00 4E 00 61 12 
00 FF FF 00 00 05 00 86 00 4F 00 61 12 
00 FF FF 00 00 05 00 86 00 4E 00 60 12 
00 FF FF 00 00 05 00 86 00 4E 00 61 12 
00 FF FF 00 00 05 00 86 00 4E 00 62 12 
00 FF FF 00 00 05 00 86 00 4E 00 60 12 
00 FF FF 00 00 05 00 86 00 4E 00 61 12 
00 FF FF 00 00 05 00 86 00 50 00 60 12 
00 FF FF 00 00 05 00 86 00 50 00 61 12 
00 FF FF 00 00 05 00 86 00 50 00 61 12 
00 FF FF 00 00 05 00 86 00 4E 00 60 12 
00 FF FF 00 00 05 00 86 00 4E 00 61 12 
00 FF FF 00 00 05 00 86 00 4E 00 61 12 
00 FF FF 00 00 05 00 86 00 4E 00 60 12 
00 FF FF 00 00 05 00 86 00 4E 00 61 12 
00 FF FF 00 00 05 00 86 00 4E 00 60 12 
00 FF FF 00 00 05 00 86 00 4E 00 61 12 
00 FF FF 00 00 05 00 86 00 4E 00 61 12 
00 FF FF 00 00 05 00 86 00 4E 00 5F 12 
00 FF FF 00 00 05 00 86 00 4E 00 61 12 
00 FF FF 00 00 05 00 86 00 4E 00 60 12 
00 FF FF 00 00 05 00 86 00 4E 00 61 12 
00 FF FF 00 00 05 00 86 00 4E 00 61 12 
00 FF FF 00 00 05 00 86 00 4E 00 60 12 
00 FF FF 00 00 05 00 86 00 4E 00 61 12 
00 FF FF 00 00 05 00 86 00 4E 00 61 12 
00 FF FF 00 00 05 00 86 00 4E 00 60 12 
00 FF FF 00 00 05 00 86 00 4E 00 60 12 
00 FF FF 00 00 05 00 86 00 4E 00 60 12 
00 FF FF 00 00 05 00 86 00 4E 00 60 12 
00 FF FF 00 00 05 00 86 00 4E 00 60 12 
00 FF FF 00 00 05 00 86 00 4E 00 60 12 
00 FF FF 00 00 05 00 86 00 4E 00 61 12 
00 FF FF 00 00 05 00 86 00 4E 00 60 12 
00 FF FF 00 00 05 00 86 00 4E 00 60 12 
00 FF FF 00 00 05 00 86 00 4E 00 61 12 
00 FF FF 00 00 05 00 86 00 4E 00 60 12 
00 FF FF 00 00 05 00 86 00 4E 00 60 12 
00 FF FF 00 00 05 00 86 00 4E 00 61 12 
00 FF FF 00 00 05 00 86 00 4E 00 60 12 
00 FF FF 00 00 05 00 86 00 4E 00 60 12 
00 FF FF 00 00 05 00 86 00 4E 00 60 12 
00 FF FF 00 00 05 00 86 00 4E 00 60 12 
00 FF FF 00 00 05 00 86 00 4E 00 60 12 
00 FF FF 00 00 05 00 86 00 4E 00 60 12 
00 FF FF 00 00 05 00 86 00 4E 00 60 12 
00 FF FF 00 00 05 00 86 00 4E 00 60 12 
00 FF FF 00 00 05 00 86 00 4E 00 60 12 
00 FF FF 00 00 05 00 86 00 4E 00 60 12 
00 FF FF 00 00 05 00 86 00 4E 00 5F 12 
00 FF FF 00 00 05 00 86 00 4E 00 60 12 
00 FF FF 00 00 05 00 86 00 4E 00 60 12 
00 FF FF 00 00 05 00 86 00 4E 00 62 12 
00 FF FF 00 00 05 00 86 00 50 00 63 12 
00 FF FF 00 00 05 00 86 00 4E 00 60 12 
00 FF FF 00 00 05 00 86 00 4E 00 63 12 
00 FF FF 00 00 05 00 86 00 4F 00 63 12 
00 FF FF 00 00 05 00 86 00 4E 00 60 12 
00 FF FF 00 00 05 00 86 00 4E 00 62 12 
00 FF FF 00 00 05 00 86 00 4E 00 60 12 
00 FF FF 00 00 05 00 86 00 4F 00 62 12 
00 FF FF 00 00 05 00 86 00 4E 00 61 12 
00 FF FF 00 00 05 00 86 00 4F 00 61 12 
00 FF FF 00 00 05 00 86 00 51 00 60 12 
00 FF FF 00 00 05 00 86 00 4F 00 60 12 
00 FF FF 00 00 05 00 86 00 4E 00 60 12 
00 FF FF 00 00 05 00 86 00 4E 00 55 12 
00 FF FF 00 00 05 00 86 00 4F 00 58 12 
00 FF FF 00 00 05 00 86 00 4E 00 61 12 
00 FF FF 00 00 05 00 86 00 4F 00 60 12 
00 FF FF 00 00 05 00 86 00 50 00 62 12 
00 FF FF 00 00 05 00 86 00 4E 00 62 12 
00 FF FF 00 00 05 00 86 00 4E 00 61 12 
00 FF FF 00 00 05 00 86 00 4E 00 61 12 
00 FF FF 00 00 05 00 86 00 50 00 62 12 
00 FF FF 00 00 05 00 86 00 51 00 62 12 
00 FF FF 00 00 05 00 86 00 4E 00 60 12 
00 FF FF 00 00 05 00 86 00 51 00 62 12 
00 FF FF 00 00 05 00 86 00 4E 00 62 12 
00 FF FF 00 00 05 00 86 00 4E 00 62 12 
00 FF FF 00 00 05 00 86 00 4E 00 60 12 
00 FF FF 00 00 05 00 86 00 4E 00 62 12 
00 FF FF 00 00 05 00 86 00 4F 00 60 12 
00 FF FF 00 00 05 00 86 00 4E 00 52 12 
00 FF FF 00 00 05 00 86 00 4E 00 62 12 
00 FF FF 00 00 05 00 86 00 4E 00 60 12 
00 FF FF 00 00 05 00 86 00 4F 00 62 12 
00 FF FF 00 00 05 00 86 00 4E 00 62 12 
00 FF FF 00 00 05 00 86 00 4E 00 60 12 
00 FF FF 00 00 05 00 86 00 4E 00 62 12 
00 FF FF 00 00 05 00 86 00 4E 00 5F 12 
00 FF FF 00 00 05 00 86 00 4F 00 62 12 
00 FF FF 00 00 05 00 86 00 4E 00 62 12 
00 FF FF 00 00 05 00 86 00 4E 00 5F 12 
00 FF FF 00 00 05 00 86 00 4E 00 62 12 
00 FF FF 00 00 05 00 86 00 4E 00 5F 12 
00 FF FF 00 00 05 00 86 00 4E 00 62 12 
00 FF FF 00 00 05 00 86 00 4E 00 62 12 
00 FF FF 00 00 05 00 86 00 4E 00 5E 12 
00 FF FF 00 00 05 00 86 00 4E 00 62 12 
00 FF FF 00 00 05 00 86 00 4F 00 62 12 
00 FF FF 00 00 05 00 86 00 4E 00 5F 12 
00 FF FF 00 00 05 00 86 00 4E 00 62 12 
00 FF FF 00 00 05 00 86 00 4F 00 5E 12 
00 FF FF 00 00 05 00 86 00 50 00 62 12 
00 FF FF 00 00 05 00 86 00 4E 00 61 12 
00 FF FF 00 00 05 00 86 00 50 00 62 12 
00 FF FF 00 00 05 00 86 00 50 00 62 12 
00 FF FF 00 00 05 00 86 00 4E 00 60 12 
00 FF FF 00 00 05 00 86 00 50 00 62 12 
00 FF FF 00 00 05 00 86 00 55 00 62 12 
00 FF FF 00 00 05 00 86 00 52 00 5F 12 
00 FF FF 00 00 05 00 86 00 4F 00 62 12 
00 FF FF 00 00 05 00 86 00 50 00 62 12 
00 FF FF 00 00 05 00 86 00 50 00 62 12 
00 FF FF 00 00 05 00 86 00 4E 00 62 12 
00 FF FF 00 00 05 00 86 00 4E 00 60 12 
00 FF FF 00 00 05 00 86 00 4F 00 62 12 
00 FF FF 00 00 05 00 86 00 51 00 62 12 
00 FF FF 00 00 05 00 86 00 4F 00 5F 12 
00 FF FF 00 00 05 00 86 00 4E 00 62 12 
00 FF FF 00 00 05 00 86 00 4E 00 5E 12 
00 FF FF 00 00 05 00 86 00 4E 00 62 12 
00 FF FF 00 00 05 00 86 00 4E 00 5F 12 
00 FF FF 00 00 05 00 86 00 50 00 62 12 
00 FF FF 00 00 05 00 86 00 4E 00 62 12 
00 FF FF 00 00 05 00 86 00 4E 00 5F 12 
00 FF FF 00 00 05 00 86 00 4E 00 62 12 
00 FF FF 00 00 05 00 86 00 4E 00 62 12 
00 FF FF 00 00 05 00 86 00 4E 00 5F 12 
00 FF FF 00 00 05 00 86 00 4E 00 62 12 
00 FF FF 00 00 05 00 86 00 4E 00 5E 12 
00 FF FF 00 00 05 00 86 00 4E 00 62 12 
00 FF FF 00 00 05 00 86 00 4E 00 62 12 
00 FF FF 00 00 05 00 86 00 4E 00 60 12 
00 FF FF 00 00 05 00 86 00 4E 00 62 12 
00 FF FF 00 00 05 00 86 00 4E 00 63 12 
00 FF FF 00 00 05 00 86 00 4E 00 5F 12 
00 FF FF 00 00 05 00 86 00 4E 00 62 12 
00 FF FF 00 00 05 00 86 00 4E 00 60 12 
00 FF FF 00 00 05 00 86 00 4E 00 62 12 
00 FF FF 00 00 05 00 86 00 4F 00 5F 12 
00 FF FF 00 00 05 00 86 00 52 00 62 12 
00 FF FF 00 00 05 00 86 00 4E 00 62 12 
00 FF FF 00 00 05 00 86 00 4E 00 5F 12 
00 FF FF 00 00 05 00 86 00 4E 00 62 12 
00 FF FF 00 00 05 00 86 00 4E 00 62 12 
00 FF FF 00 00 05 00 86 00 4E 00 62 12 
00 FF FF 00 00 05 00 86 00 4F 00 62 12 
00 FF FF 00 00 05 00 86 00 4E 00 62 12 
00 FF FF 00 00 05 00 86 00 4E 00 5F 12 
00 FF FF 00 00 05 00 86 00 4F 00 63 12 
00 FF FF 00 00 05 00 86 00 4F 00 62 12 
00 FF FF 00 00 05 00 86 00 4E 00 62 12 
00 FF FF 00 00 05 00 86 00 4E 00 62 12 
00 FF FF 00 00 05 00 86 00 4E 00 5F 12 
00 FF FF 00 00 05 00 86 00 4E 00 62 12 
00 FF FF 00 00 05 00 86 00 4E 00 5F 12 
00 FF FF 00 00 05 00 86 00 4E 00 62 12 
00 FF FF 00 00 05 00 86 00 4E 00 62 12 
00 FF FF 00 00 05 00 86 00 4E 00 5F 12 
00 FF FF 00 00 05 00 86 00 4E 00 62 12 
00 FF FF 00 00 05 00 86 00 4E 00 5F 12 
00 FF FF 00 00 05 00 86 00 4E 00 62 12 
00 FF FF 00 00 05 00 86 00 4E 00 62 12 
00 FF FF 00 00 05 00 86 00 4E 00 5F 12 
00 FF FF 00 00 05 00 86 00 4E 00 62 12 
00 FF FF 00 00 05 00 86 00 4E 00 62 12 
00 FF FF 00 00 05 00 86 00 4E 00 5F 12 
00 FF FF 00 00 05 00 86 00 4F 00 62 12 
00 FF FF 00 00 05 00 86 00 4F 00 62 12 
00 FF FF 00 00 05 00 86 00 4E 00 62 12 
00 FF FF 00 00 05 00 86 00 4E 00 63 12 
00 FF FF 00 00 05 00 86 00 4E 00 60 12 
00 FF FF 00 00 05 00 86 00 4E 00 62 12 
00 FF FF 00 00 05 00 86 00 50 00 5F 12 
00 FF FF 00 00 05 00 86 00 4E 00 5F 12 
00 FF FF 00 00 05 00 86 00 4E 00 63 12 
00 FF FF 00 00 05 00 86 00 4E 00 5F 12 
00 FF FF 00 00 05 00 86 00 4E 00 62 12 
00 FF FF 00 00 05 00 86 00 4E 00 62 12 
00 FF FF 00 00 05 00 86 00 4E 00 5F 12 
00 FF FF 00 00 05 00 86 00 4E 00 62 12 
00 FF FF 00 00 05 00 86 00 4E 00 5F 12 
00 FF FF 00 00 05 00 86 00 4E 00 62 12 
00 FF FF 00 00 05 00 86 00 4F 00 62 12 
00 FF FF 00 00 05 00 86 00 50 00 5F 12 
00 FF FF 00 00 05 00 86 00 4E 00 62 12 
00 FF FF 00 00 05 00 86 00 4E 00 60 12 
00 FF FF 00 00 05 00 86 00 4E 00 62 12 
00 FF FF 00 00 05 00 86 00 4E 00 62 12 
00 FF FF 00 00 05 00 86 00 4E 00 5F 12 
00 FF FF 00 00 05 00 86 00 50 00 62 12 
00 FF FF 00 00 05 00 86 00 4E 00 5F 12 
00 FF FF 00 00 05 00 86 00 4E 00 62 12 
00 FF FF 00 00 05 00 86 00 4E 00 62 12 
00 FF FF 00 00 05 00 86 00 4E 00 60 12 
00 FF FF 00 00 05 00 86 00 4E 00 62 12 
00 FF FF 00 00 05 00 86 00 4E 00 62 12 
00 FF FF 00 00 05 00 86 00 4E 00 5F 12 
00 FF FF 00 00 05 00 86 00 4E 00 63 12 
00 FF FF 00 00 05 00 86 00 4E 00 60 12 
00 FF FF 00 00 05 00 86 00 4E 00 62 12 
00 FF FF 00 00 05 00 86 00 4E 00 62 12 
00 FF FF 00 00 05 00 86 00 4E 00 60 12 
00 FF FF 00 00 05 00 86 00 4E 00 62 12 
00 FF FF 00 00 05 00 86 00 4E 00 60 12 
00 FF FF 00 00 05 00 86 00 4E 00 62 12 
00 FF FF 00 00 05 00 86 00 4E 00 62 12 
00 FF FF 00 00 05 00 86 00 4E 00 60 12 
00 FF FF 00 00 05 00 86 00 4E 00 62 12 
00 FF FF 00 00 05 00 86 00 4E 00 62 12 
00 FF FF 00 00 05 00 86 00 4E 00 60 12 
00 FF FF 00 00 05 00 86 00 4E 00 61 12 
00 FF FF 00 00 05 00 86 00 4E 00 61 12 
00 FF FF 00 00 05 00 86 00 52 00 62 12 
00 FF FF 00 00 05 00 86 00 50 00 62 12 
00 FF FF 00 00 05 00 86 00 4F 00 62 12 
00 FF FF 00 00 05 00 86 00 52 00 62 12 
00 FF FF 00 00 05 00 86 00 4F 00 62 12 
00 FF FF 00 00 05 00 86 00 4E 00 61 12 
00 FF FF 00 00 05 00 86 00 52 00 62 12 
00 FF FF 00 00 05 00 86 00 4E 00 60 12 
00 FF FF 00 00 05 00 86 00 4E 00 62 12 
00 FF FF 00 00 05 00 86 00 50 00 61 12 
00 FF FF 00 00 05 00 86 00 4F 00 62 12 
00 FF FF 00 00 05 00 86 00 4E 00 62 12 
00 FF FF 00 00 05 00 86 00 4E 00 60 12 
00 FF FF 00 00 05 00 86 00 4E 00 62 12 
00 FF FF 00 00 05 00 86 00 4E 00 60 12 
00 FF FF 00 00 05 00 86 00 4E 00 62 12 
00 FF FF 00 00 05 00 86 00 4F 00 62 12 
00 FF FF 00 00 05 00 86 00 50 00 62 12 
00 FF FF 00 00 05 00 86 00 4E 00 62 12 
00 FF FF 00 00 05 00 86 00 4E 00 62 12 
00 FF FF 00 00 05 00 86 00 4E 00 60 12 
00 FF FF 00 00 05 00 86 00 4E 00 62 12 
00 FF FF 00 00 05 00 86 00 4E 00 60 12 
00 FF FF 00 00 05 00 86 00 4E 00 62 12 
00 FF FF 00 00 05 00 86 00 4E 00 62 12 
00 FF FF 00 00 05 00 86 00 4E 00 60 12 
00 FF FF 00 00 05 00 86 00 4E 00 62 12 
00 FF FF 00 00 05 00 86 00 4E 00 62 12 
00 FF FF 00 00 05 00 86 00 4E 00 60 12 
00 FF FF 00 00 05 00 86 00 4E 00 62 12 
00 FF FF 00 00 05 00 86 00 4E 00 60 12 
00 FF FF 00 00 05 00 86 00 4E 00 62 12 
00 FF FF 00 00 05 00 86 00 4E 00 62 12 
00 FF FF 00 00 05 00 86 00 4E 00 60 12 
00 FF FF 00 00 05 00 86 00 4E 00 62 12 
00 FF FF 00 00 05 00 86 00 4F 00 60 12 
00 FF FF 00 00 05 00 86 00 4E 00 62 12 
00 FF FF 00 00 05 00 86 00 4E 00 62 12 
00 FF FF 00 00 05 00 86 00 4E 00 60 12 
00 FF FF 00 00 05 00 86 00 4E 00 62 12 
00 FF FF 00 00 05 00 86 00 4E 00 60 12 
00 FF FF 00 00 05 00 86 00 4E 00 60 12 
00 FF FF 00 00 05 00 86 00 4E 00 62 12 
00 FF FF 00 00 05 00 86 00 4E 00 60 12 
00 FF FF 00 00 05 00 86 00 4E 00 62 12 
00 FF FF 00 00 05 00 86 00 4E 00 62 12 
00 FF FF 00 00 05 00 86 00 4E 00 60 12 
00 FF FF 00 00 05 00 86 00 4E 00 62 12 
00 FF FF 00 00 05 00 86 00 4E 00 62 12 
00 FF FF 00 00 05 00 86 00 4E 00 62 12 
00 FF FF 00 00 05 00 86 00 4E 00 62 12 
00 FF FF 00 00 05 00 86 00 4F 00 62 12 
00 FF FF 00 00 05 00 86 00 4F 00 54 12 
00 FF FF 00 00 05 00 86 00 51 00 62 12 
00 FF FF 00 00 05 00 86 00 4F 00 62 12 
00 FF FF 00 00 05 00 86 00 4E 00 62 12 
00 FF FF 00 00 05 00 86 00 4E 00 5F 12 
00 FF FF 00 00 05 00 86 00 4E 00 62 12 
00 FF FF 00 00 05 00 86 00 4E 00 62 12 
00 FF FF 00 00 05 00 86 00 4E 00 60 12 
00 FF FF 00 00 05 00 86 00 4E 00 62 12 
00 FF FF 00 00 05 00 86 00 4F 00 62 12 
00 FF FF 00 00 05 00 86 00 4E 00 62 12 
00 FF FF 00 00 05 00 86 00 4E 00 62 12 
00 FF FF 00 00 05 00 86 00 4E 00 5E 12 
00 FF FF 00 00 05 00 86 00 4E 00 61 12 
00 FF FF 00 00 05 00 86 00 4E 00 5F 12 
00 FF FF 00 00 05 00 86 00 4E 00 61 12 
00 FF FF 00 00 05 00 86 00 4E 00 61 12 
00 FF FF 00 00 05 00 86 00 4E 00 5F 12 
00 FF FF 00 00 05 00 86 00 4E 00 61 12 
00 FF FF 00 00 05 00 86 00 4E 00 5E 12 
00 FF FF 00 00 05 00 86 00 4E 00 5F 12 
00 FF FF 00 00 05 00 86 00 4E 00 61 12 
00 FF FF 00 00 05 00 86 00 4E 00 5F 12 
00 FF FF 00 00 05 00 86 00 4E 00 60 12 
00 FF FF 00 00 05 00 86 00 51 00 62 12 
00 FF FF 00 00 05 00 86 00 4E 00 5F 12 
00 FF FF 00 00 05 00 86 00 4E 00 62 12 
00 FF FF 00 00 05 00 86 00 4E 00 5F 12 
00 FF FF 00 00 05 00 86 00 4E 00 61 12 
00 FF FF 00 00 05 00 86 00 4E 00 62 12 
00 FF FF 00 00 05 00 86 00 4E 00 5F 12 
00 FF FF 00 00 05 00 86 00 51 00 62 12 
00 FF FF 00 00 05 00 86 00 4E 00 60 12 
00 FF FF 00 00 05 00 86 00 4F 00 62 12 
00 FF FF 00 00 05 00 86 00 51 00 62 12 
00 FF FF 00 00 05 00 86 00 4F 00 5F 12 
00 FF FF 00 00 05 00 86 00 4E 00 62 12 
00 FF FF 00 00 05 00 86 00 4F 00 60 12 
00 FF FF 00 00 05 00 86 00 4E 00 54 12 
00 FF FF 00 00 05 00 86 00 4E 00 62 12 
00 FF FF 00 00 05 00 86 00 4E 00 5F 12 
00 FF FF 00 00 05 00 86 00 4E 00 62 12 
00 FF FF 00 00 05 00 86 00 4F 00 62 12 
00 FF FF 00 00 05 00 86 00 4E 00 60 12 
00 FF FF 00 00 05 00 86 00 4E 00 62 12 
00 FF FF 00 00 05 00 86 00 4E 00 5F 12 
00 FF FF 00 00 05 00 86 00 4E 00 62 12 
00 FF FF 00 00 05 00 86 00 4E 00 62 12 
00 FF FF 00 00 05 00 86 00 4E 00 60 12 
00 FF FF 00 00 05 00 86 00 4E 00 62 12 
00 FF FF 00 00 05 00 86 00 4E 00 60 12 
00 FF FF 00 00 05 00 86 00 4E 00 62 12 
00 FF FF 00 00 05 00 86 00 4E 00 62 12 
00 FF FF 00 00 05 00 86 00 4E 00 5F 12 
00 FF FF 00 00 05 00 86 00 4E 00 62 12 
00 FF FF 00 00 05 00 86 00 4E 00 62 12 
00 FF FF 00 00 05 00 86 00 4E 00 60 12 
00 FF FF 00 00 05 00 86 00 4E 00 62 12 
00 FF FF 00 00 05 00 86 00 51 00 60 12 
00 FF FF 00 00 05 00 86 00 4E 00 62 12 
00 FF FF 00 00 05 00 86 00 4E 00 62 12 
00 FF FF 00 00 05 00 86 00 4E 00 60 12 
00 FF FF 00 00 05 00 86 00 4E 00 62 12 
00 FF FF 00 00 05 00 86 00 4E 00 60 12 
00 FF FF 00 00 05 00 86 00 4E 00 61 12 
00 FF FF 00 00 05 00 86 00 4E 00 62 12 
00 FF FF 00 00 05 00 86 00 4E 00 60 12 
00 FF FF 00 00 05 00 86 00 4F 00 61 12 
00 FF FF 00 00 05 00 86 00 4E 00 60 12 
00 FF FF 00 00 05 00 86 00 4E 00 62 12 
00 FF FF 00 00 05 00 86 00 4E 00 62 12 
00 FF FF 00 00 05 00 86 00 4E 00 60 12 
00 FF FF 00 00 05 00 86 00 4E 00 62 12 
00 FF FF 00 00 05 00 86 00 4F 00 63 12 
00 FF FF 00 00 05 00 86 00 4E 00 60 12 
00 FF FF 00 00 05 00 86 00 4E 00 62 12 
00 FF FF 00 00 05 00 86 00 4E 00 60 12 
00 FF FF 00 00 05 00 86 00 4E 00 62 12 
00 FF FF 00 00 05 00 86 00 50 00 61 12 
00 FF FF 00 00 05 00 86 00 4E 00 60 12 
00 FF FF 00 00 05 00 86 00 4F 00 61 12 
00 FF FF 00 00 05 00 86 00 4E 00 60 12 
00 FF FF 00 00 05 00 86 00 4F 00 61 12 
00 FF FF 00 00 05 00 86 00 4E 00 61 12 
00 FF FF 00 00 05 00 86 00 4E 00 60 12 
00 FF FF 00 00 05 00 86 00 4E 00 61 12 
00 FF FF 00 00 05 00 86 00 4E 00 60 12 
00 FF FF 00 00 05 00 86 00 4E 00 60 12 
00 FF FF 00 00 05 00 86 00 4E 00 60 12 
00 FF FF 00 00 05 00 86 00 4E 00 60 12 
00 FF FF 00 00 05 00 86 00 4E 00 60 12 
00 FF FF 00 00 05 00 86 00 4E 00 60 12 
00 FF FF 00 00 05 00 86 00 4E 00 60 12 
00 FF FF 00 00 05 00 86 00 4E 00 60 12 
00 FF FF 00 00 05 00 86 00 4E 00 60 12 
00 FF FF 00 00 05 00 86 00 4E 00 61 12 
00 FF FF 00 00 05 00 86 00 4F 00 60 12 
00 FF FF 00 00 05 00 86 00 4F 00 60 12 
00 FF FF 00 00 05 00 86 00 4F 00 60 12 
00 FF FF 00 00 05 00 86 00 4F 00 61 12 
00 FF FF 00 00 05 00 86 00 4F 00 60 12 
00 FF FF 00 00 05 00 86 00 4F 00 61 12 
00 FF FF 00 00 05 00 86 00 4F 00 60 12 
00 FF FF 00 00 05 00 86 00 4E 00 60 12 
00 FF FF 00 00 05 00 86 00 4E 00 60 12 
00 FF FF 00 00 05 00 86 00 4E 00 61 12 
00 FF FF 00 00 05 00 86 00 4F 00 62 12 
00 FF FF 00 00 05 00 86 00 4E 00 60 12 
00 FF FF 00 00 05 00 86 00 4E 00 62 12 
00 FF FF 00 00 05 00 86 00 4E 00 61 12 
00 FF FF 00 00 05 00 86 00 4E 00 5F 12 
00 FF FF 00 00 05 00 86 00 4E 00 61 12 
00 FF FF 00 00 05 00 86 00 4E 00 60 12 
00 FF FF 00 00 05 00 86 00 4E 00 60 12 
00 FF FF 00 00 05 00 86 00 4E 00 61 12 
00 FF FF 00 00 05 00 86 00 4E 00 60 12 
00 FF FF 00 00 05 00 86 00 4E 00 61 12 
00 FF FF 00 00 05 00 86 00 4E 00 5D 12 
00 FF FF 00 00 05 00 86 00 4E 00 60 12 
00 FF FF 00 00 05 00 86 00 4F 00 58 12 
00 FF FF 00 00 05 00 86 00 4E 00 61 12 
00 FF FF 00 00 05 00 86 00 4E 00 62 12 
00 FF FF 00 00 05 00 86 00 4E 00 59 12 
00 FF FF 00 00 05 00 86 00 4E 00 5A 12 
00 FF FF 00 00 05 00 86 00 4E 00 63 12 
00 FF FF 00 00 05 00 86 00 4E 00 5C 12 
00 FF FF 00 00 05 00 86 00 4E 00 63 12 
00 FF FF 00 00 05 00 86 00 4E 00 5E 12 
00 FF FF 00 00 05 00 86 00 4E 00 5E 12 
00 FF FF 00 00 05 00 86 00 4E 00 63 12 
00 FF FF 00 00 05 00 86 00 4E 00 5D 12 
00 FF FF 00 00 05 00 86 00 4E 00 63 12 
00 FF FF 00 00 05 00 86 00 4E 00 63 12 
00 FF FF 00 00 05 00 86 00 4E 00 5C 12 
00 FF FF 00 00 05 00 86 00 4E 00 64 12 
00 FF FF 00 00 05 00 86 00 4E 00 5C 12 
00 FF FF 00 00 05 00 86 00 4E 00 64 12 
00 FF FF 00 00 05 00 86 00 4E 00 64 12 
00 FF FF 00 00 05 00 86 00 4E 00 5C 12 
00 FF FF 00 00 05 00 86 00 4E 00 63 12 
00 FF FF 00 00 05 00 86 00 51 00 63 12 
00 FF FF 00 00 05 00 86 00 4F 00 62 12 
00 FF FF 00 00 05 00 86 00 4E 00 63 12 
00 FF FF 00 00 05 00 86 00 4E 00 5E 12 
00 FF FF 00 00 05 00 86 00 4E 00 63 12 
00 FF FF 00 00 05 00 86 00 4F 00 5E 12 
00 FF FF 00 00 05 00 86 00 4E 00 64 12 
00 FF FF 00 00 05 00 86 00 4F 00 54 12 
00 FF FF 00 00 05 00 86 00 4E 00 5A 12 
00 FF FF 00 00 05 00 86 00 4E 00 64 12 
00 FF FF 00 00 05 00 86 00 4E 00 62 12 
00 FF FF 00 00 05 00 86 00 4E 00 5B 12 
00 FF FF 00 00 05 00 86 00 4E 00 61 12 
00 FF FF 00 00 05 00 86 00 4E 00 5B 12 
00 FF FF 00 00 05 00 86 00 4F 00 60 12 
00 FF FF 00 00 05 00 86 00 4E 00 60 12 
00 FF FF 00 00 05 00 86 00 4E 00 5C 12 
00 FF FF 00 00 05 00 86 00 4E 00 60 12 
00 FF FF 00 00 05 00 86 00 4E 00 60 12 
00 FF FF 00 00 05 00 86 00 4E 00 5B 12 
00 FF FF 00 00 05 00 86 00 4E 00 60 12 
00 FF FF 00 00 05 00 86 00 4E 00 5B 12 
00 FF FF 00 00 05 00 86 00 4E 00 60 12 
00 FF FF 00 00 05 00 86 00 4E 00 60 12 
00 FF FF 00 00 05 00 86 00 4E 00 5C 12 
00 FF FF 00 00 05 00 86 00 50 00 60 12 
00 FF FF 00 00 05 00 86 00 4E 00 5B 12 
00 FF FF 00 00 05 00 86 00 4E 00 60 12 
00 FF FF 00 00 05 00 86 00 4F 00 60 12 
00 FF FF 00 00 05 00 86 00 4F 00 60 12 
00 FF FF 00 00 05 00 86 00 4E 00 60 12 
00 FF FF 00 00 05 00 86 00 4E 00 5C 12 
00 FF FF 00 00 05 00 86 00 4E 00 5B 12 
00 FF FF 00 00 05 00 86 00 4E 00 60 12 
00 FF FF 00 00 05 00 86 00 4E 00 5B 12 
00 FF FF 00 00 05 00 86 00 4E 00 60 12 
00 FF FF 00 00 05 00 86 00 4E 00 5F 12 
00 FF FF 00 00 05 00 86 00 4E 00 5C 12 
00 FF FF 00 00 05 00 86 00 4E 00 5E 12 
00 FF FF 00 00 05 00 86 00 4E 00 5C 12 
