00 FF FF 00 22 0D 22 93 00 00 02 00 00 22 04 F3 0D 00 00 0C C4 
00 FF FF 00 22 0D 22 93 00 00 02 00 00 22 04 F5 0D 00 00 18 7A 
00 FF FF 00 22 0D 22 93 00 00 02 00 00 22 04 F6 0D 00 00 0E 24 
00 FF FF 00 22 0D 22 93 00 00 02 00 00 22 04 F7 0D 00 00 12 23 
00 FF FF 00 22 0D 22 93 00 00 02 00 00 22 04 F8 0D 00 00 0D 2B 
00 FF FF 00 22 0D 22 93 00 00 02 00 00 22 04 F9 0D 00 00 1B 5D 
00 FF FF 00 22 0D 22 93 00 00 02 00 00 22 04 FA 0D 00 00 11 C2 
00 FF FF 00 22 0D 22 93 00 00 02 00 00 22 04 FB 0D 00 00 11 56 
00 FF FF 00 22 0D 22 93 00 00 02 00 00 22 04 FC 0D 00 00 13 2D 
00 FF FF 00 22 0D 22 93 00 00 02 00 00 22 04 FD 0D 00 00 17 A7 
00 FF FF 00 22 0D 22 93 00 00 02 00 00 22 04 FE 0D 00 00 0F 2D 
00 FF FF 00 22 0D 22 93 00 00 02 00 00 22 04 FF 0D 00 00 12 7F 
00 FF FF 00 22 0D 22 93 00 00 02 00 00 22 05 00 0D 00 00 0F 52 
00 FF FF 00 22 0D 22 93 00 00 02 00 00 22 05 01 0D 00 00 18 E6 
00 FF FF 00 22 0D 22 93 00 00 02 00 00 22 05 02 0D 00 00 19 40 
00 FF FF 00 22 0D 22 93 00 00 02 00 00 22 05 03 0D 00 00 20 DF 
00 FF FF 00 22 0D 22 93 00 00 02 00 00 22 05 04 0D 00 00 11 A9 
00 FF FF 00 22 0D 22 93 00 00 02 00 00 22 05 05 0D 00 00 19 69 
00 FF FF 00 22 0D 22 93 00 00 02 00 00 22 05 06 0D 00 00 19 4E 
00 FF FF 00 22 0D 22 93 00 00 02 00 00 22 05 07 0D 00 00 18 27 
00 FF FF 00 22 0D 22 93 00 00 02 00 00 22 05 08 0D 00 00 10 72 
00 FF FF 00 22 0D 22 93 00 00 02 00 00 22 05 09 0D 00 00 09 E8 
00 FF FF 00 22 0D 22 93 00 00 02 00 00 22 05 0A 0D 00 00 0A 28 
00 FF FF 00 22 0D 22 93 00 00 02 00 00 22 05 0B 0D 00 00 0D C6 
00 FF FF 00 22 0D 22 93 00 00 02 00 00 22 05 0C 0D 00 00 0D 4C 
00 FF FF 00 22 0D 22 93 00 00 02 00 00 22 05 0D 0D 00 00 13 5C 
00 FF FF 00 22 0D 22 93 00 00 02 00 00 22 05 0E 0D 00 00 19 CF 
00 FF FF 00 22 0D 22 93 00 00 02 00 00 22 05 0F 0D 00 00 18 38 
00 FF FF 00 22 0D 22 93 00 00 02 00 00 22 05 10 0D 00 00 14 32 
00 FF FF 00 22 0D 22 93 00 00 02 00 00 22 05 11 0D 00 00 0B 16 
00 FF FF 00 22 0D 22 93 00 00 02 00 00 22 05 12 0D 00 00 0B EC 
00 FF FF 00 22 0D 22 93 00 00 02 00 00 22 05 13 0D 00 00 0C 3B 
00 FF FF 00 22 0D 22 93 00 00 02 00 00 22 05 14 0D 00 00 0C 91 
00 FF FF 00 22 0D 22 93 00 00 02 00 00 22 05 15 0D 00 00 11 5C 
00 FF FF 00 22 0D 22 93 00 00 02 00 00 22 05 16 0D 00 00 14 BB 
00 FF FF 00 22 0D 22 93 00 00 02 00 00 22 05 17 0D 00 00 18 70 
00 FF FF 00 22 0D 22 93 00 00 02 00 00 22 05 18 0D 00 00 11 81 
00 FF FF 00 22 0D 22 93 00 00 02 00 00 22 05 19 0D 00 00 0A 7D 
00 FF FF 00 22 0D 22 93 00 00 02 00 00 22 05 1A 0D 00 00 0A 1C 
00 FF FF 00 22 0D 22 93 00 00 02 00 00 22 05 1C 0D 00 00 0B 80 
00 FF FF 00 22 0D 22 93 00 00 02 00 00 22 05 1D 0D 00 00 0C 0F 
00 FF FF 00 22 0D 22 93 00 00 02 00 00 22 05 1E 0D 00 00 13 7F 
00 FF FF 00 22 0D 22 93 00 00 02 00 00 22 05 1F 0D 00 00 17 07 
00 FF FF 00 22 0D 22 93 00 00 02 00 00 22 05 20 0D 00 00 15 38 
00 FF FF 00 22 0D 22 93 00 00 02 00 00 22 05 21 0D 00 00 09 36 
00 FF FF 00 22 0D 22 93 00 00 02 00 00 22 05 23 0D 00 00 0A A5 
00 FF FF 00 22 0D 22 93 00 00 02 00 00 22 05 24 0D 00 00 0B 13 
00 FF FF 00 22 0D 22 93 00 00 02 00 00 22 05 25 0D 00 00 10 F7 
00 FF FF 00 22 0D 22 93 00 00 02 00 00 22 05 26 0D 00 00 18 29 
00 FF FF 00 22 0D 22 93 00 00 02 00 00 22 05 27 0D 00 00 17 DB 
00 FF FF 00 22 0D 22 93 00 00 02 00 00 22 05 28 0D 00 00 0A 12 
00 FF FF 00 22 0D 22 93 00 00 02 00 00 22 05 29 0D 00 00 0B B2 
00 FF FF 00 22 0D 22 93 00 00 02 00 00 22 05 2A 0D 00 00 0E F5 
00 FF FF 00 22 0D 22 93 00 00 02 00 00 22 05 2B 0D 00 00 0C 64 
00 FF FF 00 22 0D 22 93 00 00 02 00 00 22 05 2C 0D 00 00 19 37 
00 FF FF 00 22 0D 22 93 00 00 02 00 00 22 05 2E 0D 00 00 0B 69 
00 FF FF 00 22 0D 22 93 00 00 02 00 00 22 05 2F 0D 00 00 0B AC 
00 FF FF 00 22 0D 22 93 00 00 02 00 00 22 05 30 0D 00 00 09 5A 
00 FF FF 00 22 0D 22 93 00 00 02 00 00 22 05 31 0D 00 00 0B 46 
00 FF FF 00 22 0D 22 93 00 00 02 00 00 22 05 32 0D 00 00 13 A9 
00 FF FF 00 22 0D 22 93 00 00 02 00 00 22 05 33 0D 00 00 0C 22 
00 FF FF 00 22 0D 22 93 00 00 02 00 00 22 05 34 0D 00 00 0D 84 
00 FF FF 00 22 0D 22 93 00 00 02 00 00 22 05 35 0D 00 00 0F 65 
00 FF FF 00 22 0D 22 93 00 00 02 00 00 22 05 36 0D 00 00 1C 0E 
00 FF FF 00 22 0D 22 93 00 00 02 00 00 22 05 37 0D 00 00 0C BC 
00 FF FF 00 22 0D 22 93 00 00 02 00 00 22 05 38 0D 00 00 0B 97 
00 FF FF 00 22 0D 22 93 00 00 02 00 00 22 05 39 0D 00 00 09 9B 
00 FF FF 00 22 0D 22 93 00 00 02 00 00 22 05 3A 0D 00 00 0A C5 
00 FF FF 00 22 0D 22 93 00 00 02 00 00 22 05 3B 0D 00 00 11 E3 
00 FF FF 00 22 0D 22 93 00 00 02 00 00 22 05 3C 0D 00 00 15 0D 
00 FF FF 00 22 0D 22 93 00 00 02 00 00 22 05 3E 0D 00 00 0C BA 
00 FF FF 00 22 0D 22 93 00 00 02 00 00 22 05 3F 0D 00 00 0B 50 
00 FF FF 00 22 0D 22 93 00 00 02 00 00 22 05 40 0D 00 00 1A A2 
00 FF FF 00 22 0D 22 93 00 00 02 00 00 22 05 41 0D 00 00 16 7B 
00 FF FF 00 22 0D 22 93 00 00 02 00 00 22 05 42 0D 00 00 11 D2 
00 FF FF 00 22 0D 22 93 00 00 02 00 00 22 05 43 0D 00 00 10 1B 
00 FF FF 00 22 0D 22 93 00 00 02 00 00 22 05 44 0D 00 00 0D 88 
00 FF FF 00 22 0D 22 93 00 00 02 00 00 22 05 45 0D 00 00 0E 79 
00 FF FF 00 22 0D 22 93 00 00 02 00 00 22 05 46 0D 00 00 0C 96 
00 FF FF 00 22 0D 22 93 00 00 02 00 00 22 05 47 0D 00 00 0E 8E 
00 FF FF 00 22 0D 22 93 00 00 02 00 00 22 05 48 0D 00 00 0B 99 
00 FF FF 00 22 0D 22 93 00 00 02 00 00 22 05 49 0D 00 00 13 3C 
00 FF FF 00 22 0D 22 93 00 00 02 00 00 22 05 4A 0D 00 00 11 A1 
00 FF FF 00 22 0D 22 93 00 00 02 00 00 22 05 4B 0D 00 00 0C 43 
00 FF FF 00 22 0D 22 93 00 00 02 00 00 22 05 4C 0D 00 00 10 E0 
00 FF FF 00 22 0D 22 93 00 00 02 00 00 22 05 4D 0D 00 00 0F 5E 
00 FF FF 00 22 0D 22 93 00 00 02 00 00 22 05 4E 0D 00 00 0C B0 
00 FF FF 00 22 0D 22 93 00 00 02 00 00 22 05 4F 0D 00 00 11 73 
00 FF FF 00 22 0D 22 93 00 00 02 00 00 22 05 50 0D 00 00 09 19 
00 FF FF 00 22 0D 22 93 00 00 02 00 00 22 05 51 0D 00 00 0C C8 
00 FF FF 00 22 0D 22 93 00 00 02 00 00 22 05 53 0D 00 00 08 76 
00 FF FF 00 22 0D 22 93 00 00 02 00 00 22 05 54 0D 00 00 0F 33 
00 FF FF 00 22 0D 22 93 00 00 02 00 00 22 05 55 0D 00 00 0A FA 
00 FF FF 00 22 0D 22 93 00 00 02 00 00 22 05 56 0D 00 00 12 3E 
00 FF FF 00 22 0D 22 93 00 00 02 00 00 22 05 57 0D 00 00 11 5F 
00 FF FF 00 22 0D 22 93 00 00 02 00 00 22 05 58 0D 00 00 0A C9 
00 FF FF 00 22 0D 22 93 00 00 02 00 00 22 05 59 0D 00 00 0B 59 
00 FF FF 00 22 0D 22 93 00 00 02 00 00 22 05 5A 0D 00 00 11 9E 
00 FF FF 00 22 0D 22 93 00 00 02 00 00 22 05 5B 0D 00 00 18 28 
00 FF FF 00 22 0D 22 93 00 00 02 00 00 22 05 5C 0D 00 00 14 7A 
00 FF FF 00 22 0D 22 93 00 00 02 00 00 22 05 5D 0D 00 00 0B 46 
00 FF FF 00 22 0D 22 93 00 00 02 00 00 22 05 5E 0D 00 00 0D EB 
00 FF FF 00 22 0D 22 93 00 00 02 00 00 22 05 5F 0D 00 00 0D 09 
00 FF FF 00 22 0D 22 93 00 00 02 00 00 22 05 60 0D 00 00 12 B7 
00 FF FF 00 22 0D 22 93 00 00 02 00 00 22 05 61 0D 00 00 08 7D 
00 FF FF 00 22 0D 22 93 00 00 02 00 00 22 05 62 0D 00 00 19 A0 
00 FF FF 00 22 0D 22 93 00 00 02 00 00 22 05 63 0D 00 00 18 1B 
00 FF FF 00 22 0D 22 93 00 00 02 00 00 22 05 64 0D 00 00 1B 4B 
00 FF FF 00 22 0D 22 93 00 00 02 00 00 22 05 65 0D 00 00 11 9E 
00 FF FF 00 22 0D 22 93 00 00 02 00 00 22 05 66 0D 00 00 0C 01 
00 FF FF 00 22 0D 22 93 00 00 02 00 00 22 05 67 0D 00 00 12 DE 
00 FF FF 00 22 0D 22 93 00 00 02 00 00 22 05 68 0D 00 00 12 B9 
00 FF FF 00 22 0D 22 93 00 00 02 00 00 22 05 69 0D 00 00 0E E2 
00 FF FF 00 22 0D 22 93 00 00 02 00 00 22 05 6A 0D 00 00 0F 17 
00 FF FF 00 22 0D 22 93 00 00 02 00 00 22 05 6B 0D 00 00 11 0F 
00 FF FF 00 22 0D 22 93 00 00 02 00 00 22 05 6C 0D 00 00 11 22 
00 FF FF 00 22 0D 22 93 00 00 02 00 00 22 05 6D 0D 00 00 0F 99 
00 FF FF 00 22 0D 22 93 00 00 02 00 00 22 05 6E 0D 00 00 0E 81 
00 FF FF 00 22 0D 22 93 00 00 02 00 00 22 05 6F 0D 00 00 0B 66 
00 FF FF 00 22 0D 22 93 00 00 02 00 00 22 05 70 0D 00 00 09 4F 
00 FF FF 00 22 0D 22 93 00 00 02 00 00 22 05 71 0D 00 00 0E BF 
00 FF FF 00 22 0D 22 93 00 00 02 00 00 22 05 72 0D 00 00 0E 67 
00 FF FF 00 22 0D 22 93 00 00 02 00 00 22 05 73 0D 00 00 0B 56 
00 FF FF 00 22 0D 22 93 00 00 02 00 00 22 05 74 0D 00 00 14 EE 
00 FF FF 00 22 0D 22 93 00 00 02 00 00 22 05 75 0D 00 00 11 EA 
00 FF FF 00 22 0D 22 93 00 00 02 00 00 22 05 76 0D 00 00 11 5D 
00 FF FF 00 22 0D 22 93 00 00 02 00 00 22 05 77 0D 00 00 0D 5A 
00 FF FF 00 22 0D 22 93 00 00 02 00 00 22 05 78 0D 00 00 0B C1 
00 FF FF 00 22 0D 22 93 00 00 02 00 00 22 05 79 0D 00 00 0B 8C 
00 FF FF 00 22 0D 22 93 00 00 02 00 00 22 05 7A 0D 00 00 0F 85 
00 FF FF 00 22 0D 22 93 00 00 02 00 00 22 05 7B 0D 00 00 0A 20 
00 FF FF 00 22 0D 22 93 00 00 02 00 00 22 05 7C 0D 00 00 12 DC 
00 FF FF 00 22 0D 22 93 00 00 02 00 00 22 05 7D 0D 00 00 0C 9A 
00 FF FF 00 22 0D 22 93 00 00 02 00 00 22 05 7E 0D 00 00 0E 6E 
00 FF FF 00 22 0D 22 93 00 00 02 00 00 22 05 7F 0D 00 00 0D 08 
00 FF FF 00 22 0D 22 93 00 00 02 00 00 22 05 80 0D 00 00 14 78 
00 FF FF 00 22 0D 22 93 00 00 02 00 00 22 05 81 0D 00 00 08 7A 
00 FF FF 00 22 0D 22 93 00 00 02 00 00 22 05 82 0D 00 00 0E 2D 
00 FF FF 00 22 0D 22 93 00 00 02 00 00 22 05 83 0D 00 00 0A A9 
00 FF FF 00 22 0D 22 93 00 00 02 00 00 22 05 84 0D 00 00 0F 13 
00 FF FF 00 22 0D 22 93 00 00 02 00 00 22 05 85 0D 00 00 11 F1 
00 FF FF 00 22 0D 22 93 00 00 02 00 00 22 05 86 0D 00 00 11 96 
00 FF FF 00 22 0D 22 93 00 00 02 00 00 22 05 87 0D 00 00 12 19 
00 FF FF 00 22 0D 22 93 00 00 02 00 00 22 05 88 0D 00 00 12 38 
00 FF FF 00 22 0D 22 93 00 00 02 00 00 22 05 89 0D 00 00 0A F9 
00 FF FF 00 22 0D 22 93 00 00 02 00 00 22 05 8A 0D 00 00 13 ED 
00 FF FF 00 22 0D 22 93 00 00 02 00 00 22 05 8B 0D 00 00 12 B4 
00 FF FF 00 22 0D 22 93 00 00 02 00 00 22 05 8C 0D 00 00 0F 1C 
00 FF FF 00 22 0D 22 93 00 00 02 00 00 22 05 8D 0D 00 00 0D C1 
00 FF FF 00 22 0D 22 93 00 00 02 00 00 22 05 8E 0D 00 00 17 8B 
00 FF FF 00 22 0D 22 93 00 00 02 00 00 22 05 8F 0D 00 00 11 97 
00 FF FF 00 22 0D 22 93 00 00 02 00 00 22 05 90 0D 00 00 0F ED 
00 FF FF 00 22 0D 22 93 00 00 02 00 00 22 05 91 0D 00 00 0A C1 
00 FF FF 00 22 0D 22 93 00 00 02 00 00 22 05 92 0D 00 00 12 DF 
00 FF FF 00 22 0D 22 93 00 00 02 00 00 22 05 93 0D 00 00 0A A2 
00 FF FF 00 22 0D 22 93 00 00 02 00 00 22 05 94 0D 00 00 17 C8 
00 FF FF 00 22 0D 22 93 00 00 02 00 00 22 05 95 0D 00 00 17 E3 
00 FF FF 00 22 0D 22 93 00 00 02 00 00 22 05 96 0D 00 00 10 B6 
00 FF FF 00 22 0D 22 93 00 00 02 00 00 22 05 97 0D 00 00 10 EC 
00 FF FF 00 22 0D 22 93 00 00 02 00 00 22 05 98 0D 00 00 14 09 
00 FF FF 00 22 0D 22 93 00 00 02 00 00 22 05 99 0D 00 00 12 AC 
00 FF FF 00 22 0D 22 93 00 00 02 00 00 22 05 9A 0D 00 00 0B 9A 
00 FF FF 00 22 0D 22 93 00 00 02 00 00 22 05 9B 0D 00 00 0B 3A 
00 FF FF 00 22 0D 22 93 00 00 02 00 00 22 05 9C 0D 00 00 0A 49 
00 FF FF 00 22 0D 22 93 00 00 02 00 00 22 05 9D 0D 00 00 15 35 
00 FF FF 00 22 0D 22 93 00 00 02 00 00 22 05 9E 0D 00 00 09 EA 
00 FF FF 00 22 0D 22 93 00 00 02 00 00 22 05 9F 0D 00 00 0F 06 
00 FF FF 00 22 0D 22 93 00 00 02 00 00 22 05 A0 0D 00 00 08 00 
00 FF FF 00 22 0D 22 93 00 00 02 00 00 22 05 A1 0D 00 00 08 4A 
00 FF FF 00 22 0D 22 93 00 00 02 00 00 22 05 A2 0D 00 00 0E 77 
00 FF FF 00 22 0D 22 93 00 00 02 00 00 22 05 A3 0D 00 00 0D 60 
00 FF FF 00 22 0D 22 93 00 00 02 00 00 22 05 A4 0D 00 00 0A F1 
00 FF FF 00 22 0D 22 93 00 00 02 00 00 22 05 A5 0D 00 00 1B 18 
00 FF FF 00 22 0D 22 93 00 00 02 00 00 22 05 A6 0D 00 00 0E EA 
00 FF FF 00 22 0D 22 93 00 00 02 00 00 22 05 A7 0D 00 00 0D 95 
00 FF FF 00 22 0D 22 93 00 00 02 00 00 22 05 A8 0D 00 00 15 3E 
00 FF FF 00 22 0D 22 93 00 00 02 00 00 22 05 A9 0D 00 00 12 A7 
00 FF FF 00 22 0D 22 93 00 00 02 00 00 22 05 AA 0D 00 00 0B CB 
00 FF FF 00 22 0D 22 93 00 00 02 00 00 22 05 AB 0D 00 00 0B E3 
00 FF FF 00 22 0D 22 93 00 00 02 00 00 22 05 AC 0D 00 00 0F FB 
00 FF FF 00 22 0D 22 93 00 00 02 00 00 22 05 AD 0D 00 00 0C 40 
00 FF FF 00 22 0D 22 93 00 00 02 00 00 22 05 AE 0D 00 00 0E 9F 
00 FF FF 00 22 0D 22 93 00 00 02 00 00 22 05 AF 0D 00 00 0B 65 
00 FF FF 00 22 0D 22 93 00 00 02 00 00 22 05 B0 0D 00 00 0B E3 
00 FF FF 00 22 0D 22 93 00 00 02 00 00 22 05 B1 0D 00 00 10 46 
00 FF FF 00 22 0D 22 93 00 00 02 00 00 22 05 B2 0D 00 00 0C D0 
00 FF FF 00 22 0D 22 93 00 00 02 00 00 22 05 B3 0D 00 00 09 C7 
00 FF FF 00 22 0D 22 93 00 00 02 00 00 22 05 B4 0D 00 00 11 34 
00 FF FF 00 22 0D 22 93 00 00 02 00 00 22 05 B5 0D 00 00 13 86 
00 FF FF 00 22 0D 22 93 00 00 02 00 00 22 05 B6 0D 00 00 0C 3A 
00 FF FF 00 22 0D 22 93 00 00 02 00 00 22 05 B7 0D 00 00 08 C1 
00 FF FF 00 22 0D 22 93 00 00 02 00 00 22 05 B8 0D 00 00 0B 1F 
00 FF FF 00 22 0D 22 93 00 00 02 00 00 22 05 B9 0D 00 00 0C 5B 
00 FF FF 00 22 0D 22 93 00 00 02 00 00 22 05 BA 0D 00 00 10 D7 
00 FF FF 00 22 0D 22 93 00 00 02 00 00 22 05 BB 0D 00 00 0A D2 
00 FF FF 00 22 0D 22 93 00 00 02 00 00 22 05 BC 0D 00 00 0D DC 
00 FF FF 00 22 0D 22 93 00 00 02 00 00 22 05 BD 0D 00 00 10 51 
00 FF FF 00 22 0D 22 93 00 00 02 00 00 22 05 BE 0D 00 00 09 A0 
00 FF FF 00 22 0D 22 93 00 00 02 00 00 22 05 BF 0D 00 00 11 6D 
00 FF FF 00 22 0D 22 93 00 00 02 00 00 22 05 C1 0D 00 00 0D 6F 
00 FF FF 00 22 0D 22 93 00 00 02 00 00 22 05 C2 0D 00 00 08 6C 
00 FF FF 00 22 0D 22 93 00 00 02 00 00 22 05 C3 0D 00 00 0E DE 
00 FF FF 00 22 0D 22 93 00 00 02 00 00 22 05 C4 0D 00 00 0E 0E 
00 FF FF 00 22 0D 22 93 00 00 02 00 00 22 05 C5 0D 00 00 0C 6B 
00 FF FF 00 22 0D 22 93 00 00 02 00 00 22 05 C6 0D 00 00 15 83 
00 FF FF 00 22 0D 22 93 00 00 02 00 00 22 05 C7 0D 00 00 0E 28 
00 FF FF 00 22 0D 22 93 00 00 02 00 00 22 05 C8 0D 00 00 0B 8C 
00 FF FF 00 22 0D 22 93 00 00 02 00 00 22 05 C9 0D 00 00 0A EF 
00 FF FF 00 22 0D 22 93 00 00 02 00 00 22 05 CA 0D 00 00 09 6D 
00 FF FF 00 22 0D 22 93 00 00 02 00 00 22 05 CB 0D 00 00 0F 1B 
00 FF FF 00 22 0D 22 93 00 00 02 00 00 22 05 CC 0D 00 00 12 B0 
00 FF FF 00 22 0D 22 93 00 00 02 00 00 22 05 CD 0D 00 00 0C B7 
00 FF FF 00 22 0D 22 93 00 00 02 00 00 22 05 CE 0D 00 00 14 34 
00 FF FF 00 22 0D 22 93 00 00 02 00 00 22 05 CF 0D 00 00 0C 96 
00 FF FF 00 22 0D 22 93 00 00 02 00 00 22 05 D0 0D 00 00 0E FC 
00 FF FF 00 22 0D 22 93 00 00 02 00 00 22 05 D1 0D 00 00 0A C6 
00 FF FF 00 22 0D 22 93 00 00 02 00 00 22 05 D2 0D 00 00 0C C3 
00 FF FF 00 22 0D 22 93 00 00 02 00 00 22 05 D3 0D 00 00 0C 9B 
00 FF FF 00 22 0D 22 93 00 00 02 00 00 22 05 D4 0D 00 00 08 64 
00 FF FF 00 22 0D 22 93 00 00 02 00 00 22 05 D5 0D 00 00 0E B5 
00 FF FF 00 22 0D 22 93 00 00 02 00 00 22 05 D6 0D 00 00 15 96 
00 FF FF 00 22 0D 22 93 00 00 02 00 00 22 05 D7 0D 00 00 0C C0 
00 FF FF 00 22 0D 22 93 00 00 02 00 00 22 05 D8 0D 00 00 0A 97 
00 FF FF 00 22 0D 22 93 00 00 02 00 00 22 05 D9 0D 00 00 0B 59 
00 FF FF 00 22 0D 22 93 00 00 02 00 00 22 05 DA 0D 00 00 0C B2 
00 FF FF 00 22 0D 22 93 00 00 02 00 00 22 05 DB 0D 00 00 08 EC 
00 FF FF 00 22 0D 22 93 00 00 02 00 00 22 05 DC 0D 00 00 09 D6 
00 FF FF 00 22 0D 22 93 00 00 02 00 00 22 05 DD 0D 00 00 14 0B 
00 FF FF 00 22 0D 22 93 00 00 02 00 00 22 05 DE 0D 00 00 13 5F 
00 FF FF 00 22 0D 22 93 00 00 02 00 00 22 05 DF 0D 00 00 10 1E 
00 FF FF 00 22 0D 22 93 00 00 02 00 00 22 05 E0 0D 00 00 0A 3F 
00 FF FF 00 22 0D 22 93 00 00 02 00 00 22 05 E1 0D 00 00 0A 16 
00 FF FF 00 22 0D 22 93 00 00 02 00 00 22 05 E2 0D 00 00 0A 65 
00 FF FF 00 22 0D 22 93 00 00 02 00 00 22 05 E4 0D 00 00 12 F7 
00 FF FF 00 22 0D 22 93 00 00 02 00 00 22 05 E5 0D 00 00 15 6F 
00 FF FF 00 22 0D 22 93 00 00 02 00 00 22 05 E6 0D 00 00 12 19 
00 FF FF 00 22 0D 22 93 00 00 02 00 00 22 05 E7 0D 00 00 0B 0D 
00 FF FF 00 22 0D 22 93 00 00 02 00 00 22 05 E8 0D 00 00 0C E9 
00 FF FF 00 22 0D 22 93 00 00 02 00 00 22 05 E9 0D 00 00 0C A7 
00 FF FF 00 22 0D 22 93 00 00 02 00 00 22 05 EA 0D 00 00 0F BB 
00 FF FF 00 22 0D 22 93 00 00 02 00 00 22 05 EB 0D 00 00 0D 27 
00 FF FF 00 22 0D 22 93 00 00 02 00 00 22 05 EC 0D 00 00 0E 11 
00 FF FF 00 22 0D 22 93 00 00 02 00 00 22 05 ED 0D 00 00 0F 4B 
00 FF FF 00 22 0D 22 93 00 00 02 00 00 22 05 EE 0D 00 00 11 E0 
00 FF FF 00 22 0D 22 93 00 00 02 00 00 22 05 EF 0D 00 00 0E 6C 
00 FF FF 00 22 0D 22 93 00 00 02 00 00 22 05 F1 0D 00 00 10 2F 
00 FF FF 00 22 0D 22 93 00 00 02 00 00 22 05 F2 0D 00 00 0C 5D 
00 FF FF 00 22 0D 22 93 00 00 02 00 00 22 05 F3 0D 00 00 0B A9 
00 FF FF 00 22 0D 22 93 00 00 02 00 00 22 05 F4 0D 00 00 08 B3 
00 FF FF 00 22 0D 22 93 00 00 02 00 00 22 05 F5 0D 00 00 10 D7 
00 FF FF 00 22 0D 22 93 00 00 02 00 00 22 05 F6 0D 00 00 18 C2 
00 FF FF 00 22 0D 22 93 00 00 02 00 00 22 05 F7 0D 00 00 10 2D 
00 FF FF 00 22 0D 22 93 00 00 02 00 00 22 05 F8 0D 00 00 0E 15 
00 FF FF 00 22 0D 22 93 00 00 02 00 00 22 05 F9 0D 00 00 0A 1D 
00 FF FF 00 22 0D 22 93 00 00 02 00 00 22 05 FA 0D 00 00 0F EE 
00 FF FF 00 22 0D 22 93 00 00 02 00 00 22 05 FB 0D 00 00 0D 1F 
00 FF FF 00 22 0D 22 93 00 00 02 00 00 22 05 FC 0D 00 00 13 44 
00 FF FF 00 22 0D 22 93 00 00 02 00 00 22 05 FD 0D 00 00 0A 8B 
00 FF FF 00 22 0D 22 93 00 00 02 00 00 22 05 FE 0D 00 00 0F 7A 
00 FF FF 00 22 0D 22 93 00 00 02 00 00 22 05 FF 0D 00 00 09 4B 
00 FF FF 00 22 0D 22 93 00 00 02 00 00 22 06 00 0D 00 00 13 85 
00 FF FF 00 22 0D 22 93 00 00 02 00 00 22 06 01 0D 00 00 12 01 
00 FF FF 00 22 0D 22 93 00 00 02 00 00 22 06 02 0D 00 00 0D CF 
00 FF FF 00 22 0D 22 93 00 00 02 00 00 22 06 03 0D 00 00 08 2E 
00 FF FF 00 22 0D 22 93 00 00 02 00 00 22 06 04 0D 00 00 0E 38 
00 FF FF 00 22 0D 22 93 00 00 02 00 00 22 06 06 0D 00 00 15 4A 
00 FF FF 00 22 0D 22 93 00 00 02 00 00 22 06 07 0D 00 00 09 18 
00 FF FF 00 22 0D 22 93 00 00 02 00 00 22 06 08 0D 00 00 09 C8 
00 FF FF 00 22 0D 22 93 00 00 02 00 00 22 06 09 0D 00 00 24 04 
00 FF FF 00 22 0D 22 93 00 00 02 00 00 22 06 0A 0D 00 00 0C BC 
00 FF FF 00 22 0D 22 93 00 00 02 00 00 22 06 0B 0D 00 00 11 C2 
00 FF FF 00 22 0D 22 93 00 00 02 00 00 22 06 0C 0D 00 00 10 63 
00 FF FF 00 22 0D 22 93 00 00 02 00 00 22 06 0D 0D 00 00 0D 0F 
00 FF FF 00 22 0D 22 93 00 00 02 00 00 22 06 0E 0D 00 00 07 E0 
00 FF FF 00 22 0D 22 93 00 00 02 00 00 22 06 0F 0D 00 00 0E 23 
00 FF FF 00 22 0D 22 93 00 00 02 00 00 22 06 10 0D 00 00 08 49 
00 FF FF 00 22 0D 22 93 00 00 02 00 00 22 06 11 0D 00 00 11 C3 
00 FF FF 00 22 0D 22 93 00 00 02 00 00 22 06 12 0D 00 00 14 1D 
00 FF FF 00 22 0D 22 93 00 00 02 00 00 22 06 13 0D 00 00 0C 34 
00 FF FF 00 22 0D 22 93 00 00 02 00 00 22 06 14 0D 00 00 0A F8 
00 FF FF 00 22 0D 22 93 00 00 02 00 00 22 06 15 0D 00 00 14 BD 
00 FF FF 00 22 0D 22 93 00 00 02 00 00 22 06 16 0D 00 00 0D D1 
00 FF FF 00 22 0D 22 93 00 00 02 00 00 22 06 17 0D 00 00 0D 72 
00 FF FF 00 22 0D 22 93 00 00 02 00 00 22 06 18 0D 00 00 13 47 
00 FF FF 00 22 0D 22 93 00 00 02 00 00 22 06 19 0D 00 00 10 76 
00 FF FF 00 22 0D 22 93 00 00 02 00 00 22 06 1A 0D 00 00 0E 0C 
00 FF FF 00 22 0D 22 93 00 00 02 00 00 22 06 1B 0D 00 00 12 C6 
00 FF FF 00 22 0D 22 93 00 00 02 00 00 22 06 1C 0D 00 00 0E 9C 
00 FF FF 00 22 0D 22 93 00 00 02 00 00 22 06 1D 0D 00 00 0F 57 
00 FF FF 00 22 0D 22 93 00 00 02 00 00 22 06 1E 0D 00 00 08 33 
00 FF FF 00 22 0D 22 93 00 00 02 00 00 22 06 1F 0D 00 00 17 0C 
00 FF FF 00 22 0D 22 93 00 00 02 00 00 22 06 20 0D 00 00 0F D7 
00 FF FF 00 22 0D 22 93 00 00 02 00 00 22 06 21 0D 00 00 0C 8B 
00 FF FF 00 22 0D 22 93 00 00 02 00 00 22 06 22 0D 00 00 0B FE 
00 FF FF 00 22 0D 22 93 00 00 02 00 00 22 06 23 0D 00 00 0A 8F 
00 FF FF 00 22 0D 22 93 00 00 02 00 00 22 06 24 0D 00 00 0A CB 
00 FF FF 00 22 0D 22 93 00 00 02 00 00 22 06 25 0D 00 00 0C 0C 
00 FF FF 00 22 0D 22 93 00 00 02 00 00 22 06 26 0D 00 00 0D 49 
00 FF FF 00 22 0D 22 93 00 00 02 00 00 22 06 27 0D 00 00 0B 19 
00 FF FF 00 22 0D 22 93 00 00 02 00 00 22 06 28 0D 00 00 0E E6 
00 FF FF 00 22 0D 22 93 00 00 02 00 00 22 06 29 0D 00 00 20 42 
00 FF FF 00 22 0D 22 93 00 00 02 00 00 22 06 2A 0D 00 00 12 25 
00 FF FF 00 22 0D 22 93 00 00 02 00 00 22 06 2B 0D 00 00 08 D7 
00 FF FF 00 22 0D 22 93 00 00 02 00 00 22 06 2C 0D 00 00 13 8B 
00 FF FF 00 22 0D 22 93 00 00 02 00 00 22 06 2D 0D 00 00 13 89 
00 FF FF 00 22 0D 22 93 00 00 02 00 00 22 06 2E 0D 00 00 08 CC 
00 FF FF 00 22 0D 22 93 00 00 02 00 00 22 06 2F 0D 00 00 0B B6 
00 FF FF 00 22 0D 22 93 00 00 02 00 00 22 06 30 0D 00 00 08 21 
00 FF FF 00 22 0D 22 93 00 00 02 00 00 22 06 31 0D 00 00 0C 22 
00 FF FF 00 22 0D 22 93 00 00 02 00 00 22 06 32 0D 00 00 1A 7E 
00 FF FF 00 22 0D 22 93 00 00 02 00 00 22 06 33 0D 00 00 0F 87 
00 FF FF 00 22 0D 22 93 00 00 02 00 00 22 06 34 0D 00 00 0E B4 
00 FF FF 00 22 0D 22 93 00 00 02 00 00 22 06 35 0D 00 00 19 DE 
00 FF FF 00 22 0D 22 93 00 00 02 00 00 22 06 36 0D 00 00 0B 9C 
00 FF FF 00 22 0D 22 93 00 00 02 00 00 22 06 37 0D 00 00 15 6D 
00 FF FF 00 22 0D 22 93 00 00 02 00 00 22 06 38 0D 00 00 12 79 
00 FF FF 00 22 0D 22 93 00 00 02 00 00 22 06 39 0D 00 00 0C CA 
00 FF FF 00 22 0D 22 93 00 00 02 00 00 22 06 3A 0D 00 00 0A E4 
00 FF FF 00 22 0D 22 93 00 00 02 00 00 22 06 3B 0D 00 00 21 F2 
00 FF FF 00 22 0D 22 93 00 00 02 00 00 22 06 3C 0D 00 00 13 F4 
00 FF FF 00 22 0D 22 93 00 00 02 00 00 22 06 3D 0D 00 00 0E 62 
00 FF FF 00 22 0D 22 93 00 00 02 00 00 22 06 3E 0D 00 00 0C CA 
00 FF FF 00 22 0D 22 93 00 00 02 00 00 22 06 3F 0D 00 00 0E DC 
00 FF FF 00 22 0D 22 93 00 00 02 00 00 22 06 40 0D 00 00 0A E9 
00 FF FF 00 22 0D 22 93 00 00 02 00 00 22 06 41 0D 00 00 15 47 
00 FF FF 00 22 0D 22 93 00 00 02 00 00 22 06 42 0D 00 00 11 05 
00 FF FF 00 22 0D 22 93 00 00 02 00 00 22 06 43 0D 00 00 0B 4E 
00 FF FF 00 22 0D 22 93 00 00 02 00 00 22 06 44 0D 00 00 0B BB 
00 FF FF 00 22 0D 22 93 00 00 02 00 00 22 06 45 0D 00 00 0A 60 
00 FF FF 00 22 0D 22 93 00 00 02 00 00 22 06 46 0D 00 00 0B 8A 
00 FF FF 00 22 0D 22 93 00 00 02 00 00 22 06 47 0D 00 00 0E 8D 
00 FF FF 00 22 0D 22 93 00 00 02 00 00 22 06 48 0D 00 00 10 00 
00 FF FF 00 22 0D 22 93 00 00 02 00 00 22 06 4A 0D 00 00 18 37 
00 FF FF 00 22 0D 22 93 00 00 02 00 00 22 06 4B 0D 00 00 0D CE 
00 FF FF 00 22 0D 22 93 00 00 02 00 00 22 06 4C 0D 00 00 0E 63 
00 FF FF 00 22 0D 22 93 00 00 02 00 00 22 06 4D 0D 00 00 08 CE 
00 FF FF 00 22 0D 22 93 00 00 02 00 00 22 06 4E 0D 00 00 09 38 
00 FF FF 00 22 0D 22 93 00 00 02 00 00 22 06 4F 0D 00 00 0D F4 
00 FF FF 00 22 0D 22 93 00 00 02 00 00 22 06 50 0D 00 00 0D F9 
00 FF FF 00 22 0D 22 93 00 00 02 00 00 22 06 51 0D 00 00 0D 5F 
00 FF FF 00 22 0D 22 93 00 00 02 00 00 22 06 52 0D 00 00 18 00 
00 FF FF 00 22 0D 22 93 00 00 02 00 00 22 06 53 0D 00 00 0D 73 
00 FF FF 00 22 0D 22 93 00 00 02 00 00 22 06 54 0D 00 00 0C FF 
00 FF FF 00 22 0D 22 93 00 00 02 00 00 22 06 55 0D 00 00 0B 83 
00 FF FF 00 22 0D 22 93 00 00 02 00 00 22 06 56 0D 00 00 09 E2 
00 FF FF 00 22 0D 22 93 00 00 02 00 00 22 06 57 0D 00 00 18 B3 
00 FF FF 00 22 0D 22 93 00 00 02 00 00 22 06 58 0D 00 00 0B 5A 
00 FF FF 00 22 0D 22 93 00 00 02 00 00 22 06 59 0D 00 00 09 D4 
00 FF FF 00 22 0D 22 93 00 00 02 00 00 22 06 5A 0D 00 00 0B 23 
00 FF FF 00 22 0D 22 93 00 00 02 00 00 22 06 5B 0D 00 00 0D 48 
00 FF FF 00 22 0D 22 93 00 00 02 00 00 22 06 5C 0D 00 00 0B 14 
00 FF FF 00 22 0D 22 93 00 00 02 00 00 22 06 5D 0D 00 00 0F 07 
00 FF FF 00 22 0D 22 93 00 00 02 00 00 22 06 5E 0D 00 00 0E 7D 
00 FF FF 00 22 0D 22 93 00 00 02 00 00 22 06 5F 0D 00 00 0D B2 
00 FF FF 00 22 0D 22 93 00 00 02 00 00 22 06 61 0D 00 00 08 FF 
00 FF FF 00 22 0D 22 93 00 00 02 00 00 22 06 62 0D 00 00 09 19 
00 FF FF 00 22 0D 22 93 00 00 02 00 00 22 06 63 0D 00 00 0A 6A 
00 FF FF 00 22 0D 22 93 00 00 02 00 00 22 06 64 0D 00 00 0C 10 
00 FF FF 00 22 0D 22 93 00 00 02 00 00 22 06 65 0D 00 00 0C 22 
00 FF FF 00 22 0D 22 93 00 00 02 00 00 22 06 66 0D 00 00 13 B9 
00 FF FF 00 22 0D 22 93 00 00 02 00 00 22 06 67 0D 00 00 13 6D 
00 FF FF 00 22 0D 22 93 00 00 02 00 00 22 06 68 0D 00 00 0E FB 
00 FF FF 00 22 0D 22 93 00 00 02 00 00 22 06 69 0D 00 00 08 7C 
00 FF FF 00 22 0D 22 93 00 00 02 00 00 22 06 6A 0D 00 00 09 73 
00 FF FF 00 22 0D 22 93 00 00 02 00 00 22 06 6B 0D 00 00 0B B5 
00 FF FF 00 22 0D 22 93 00 00 02 00 00 22 06 6C 0D 00 00 0E C7 
00 FF FF 00 22 0D 22 93 00 00 02 00 00 22 06 6D 0D 00 00 09 1F 
00 FF FF 00 22 0D 22 93 00 00 02 00 00 22 06 6E 0D 00 00 0D B2 
00 FF FF 00 22 0D 22 93 00 00 02 00 00 22 06 6F 0D 00 00 11 22 
00 FF FF 00 22 0D 22 93 00 00 02 00 00 22 06 70 0D 00 00 08 DC 
00 FF FF 00 22 0D 22 93 00 00 02 00 00 22 06 71 0D 00 00 0B D3 
00 FF FF 00 22 0D 22 93 00 00 02 00 00 22 06 72 0D 00 00 08 55 
00 FF FF 00 22 0D 22 93 00 00 02 00 00 22 06 73 0D 00 00 11 F4 
00 FF FF 00 22 0D 22 93 00 00 02 00 00 22 06 74 0D 00 00 10 7A 
00 FF FF 00 22 0D 22 93 00 00 02 00 00 22 06 75 0D 00 00 0C 8E 
00 FF FF 00 22 0D 22 93 00 00 02 00 00 22 06 76 0D 00 00 08 48 
00 FF FF 00 22 0D 22 93 00 00 02 00 00 22 06 77 0D 00 00 09 4B 
00 FF FF 00 22 0D 22 93 00 00 02 00 00 22 06 78 0D 00 00 0A F9 
00 FF FF 00 22 0D 22 93 00 00 02 00 00 22 06 7A 0D 00 00 0A BC 
00 FF FF 00 22 0D 22 93 00 00 02 00 00 22 06 7B 0D 00 00 0F F0 
00 FF FF 00 22 0D 22 93 00 00 02 00 00 22 06 7C 0D 00 00 0C 2B 
00 FF FF 00 22 0D 22 93 00 00 02 00 00 22 06 7D 0D 00 00 11 4B 
00 FF FF 00 22 0D 22 93 00 00 02 00 00 22 06 7E 0D 00 00 0D C9 
00 FF FF 00 22 0D 22 93 00 00 02 00 00 22 06 7F 0D 00 00 0B F5 
00 FF FF 00 22 0D 22 93 00 00 02 00 00 22 06 80 0D 00 00 08 19 
00 FF FF 00 22 0D 22 93 00 00 02 00 00 22 06 81 0D 00 00 0B 17 
00 FF FF 00 22 0D 22 93 00 00 02 00 00 22 06 83 0D 00 00 0E E8 
00 FF FF 00 22 0D 22 93 00 00 02 00 00 22 06 84 0D 00 00 09 83 
00 FF FF 00 22 0D 22 93 00 00 02 00 00 22 06 86 0D 00 00 08 DD 
00 FF FF 00 22 0D 22 93 00 00 02 00 00 22 06 87 0D 00 00 15 1E 
00 FF FF 00 22 0D 22 93 00 00 02 00 00 22 06 88 0D 00 00 17 15 
00 FF FF 00 22 0D 22 93 00 00 02 00 00 22 06 89 0D 00 00 11 2A 
00 FF FF 00 22 0D 22 93 00 00 02 00 00 22 06 8A 0D 00 00 08 B4 
00 FF FF 00 22 0D 22 93 00 00 02 00 00 22 06 8B 0D 00 00 08 B0 
00 FF FF 00 22 0D 22 93 00 00 02 00 00 22 06 8C 0D 00 00 0A 83 
00 FF FF 00 22 0D 22 93 00 00 02 00 00 22 06 8D 0D 00 00 0D 7A 
00 FF FF 00 22 0D 22 93 00 00 02 00 00 22 06 8E 0D 00 00 0A F8 
00 FF FF 00 22 0D 22 93 00 00 02 00 00 22 06 8F 0D 00 00 13 8A 
00 FF FF 00 22 0D 22 93 00 00 02 00 00 22 06 90 0D 00 00 1A 34 
00 FF FF 00 22 0D 22 93 00 00 02 00 00 22 06 91 0D 00 00 12 05 
00 FF FF 00 22 0D 22 93 00 00 02 00 00 22 06 92 0D 00 00 0B 40 
00 FF FF 00 22 0D 22 93 00 00 02 00 00 22 06 93 0D 00 00 0B 1E 
00 FF FF 00 22 0D 22 93 00 00 02 00 00 22 06 94 0D 00 00 09 12 
00 FF FF 00 22 0D 22 93 00 00 02 00 00 22 06 95 0D 00 00 0A 3B 
00 FF FF 00 22 0D 22 93 00 00 02 00 00 22 06 96 0D 00 00 14 59 
00 FF FF 00 22 0D 22 93 00 00 02 00 00 22 06 97 0D 00 00 17 4A 
00 FF FF 00 22 0D 22 93 00 00 02 00 00 22 06 98 0D 00 00 0F C9 
00 FF FF 00 22 0D 22 93 00 00 02 00 00 22 06 99 0D 00 00 0E 91 
00 FF FF 00 22 0D 22 93 00 00 02 00 00 22 06 9A 0D 00 00 09 2D 
00 FF FF 00 22 0D 22 93 00 00 02 00 00 22 06 9B 0D 00 00 14 EA 
00 FF FF 00 22 0D 22 93 00 00 02 00 00 22 06 9C 0D 00 00 13 B9 
00 FF FF 00 22 0D 22 93 00 00 02 00 00 22 06 9D 0D 00 00 0C 66 
00 FF FF 00 22 0D 22 93 00 00 02 00 00 22 06 9E 0D 00 00 0F 2C 
00 FF FF 00 22 0D 22 93 00 00 02 00 00 22 06 9F 0D 00 00 09 73 
00 FF FF 00 22 0D 22 93 00 00 02 00 00 22 06 A0 0D 00 00 13 0B 
00 FF FF 00 22 0D 22 93 00 00 02 00 00 22 06 A1 0D 00 00 0C F4 
00 FF FF 00 22 0D 22 93 00 00 02 00 00 22 06 A2 0D 00 00 17 16 
00 FF FF 00 22 0D 22 93 00 00 02 00 00 22 06 A3 0D 00 00 12 0C 
00 FF FF 00 22 0D 22 93 00 00 02 00 00 22 06 A4 0D 00 00 10 CE 
00 FF FF 00 22 0D 22 93 00 00 02 00 00 22 06 A5 0D 00 00 10 83 
00 FF FF 00 22 0D 22 93 00 00 02 00 00 22 06 A6 0D 00 00 16 FE 
00 FF FF 00 22 0D 22 93 00 00 02 00 00 22 06 A7 0D 00 00 1C 0A 
00 FF FF 00 22 0D 22 93 00 00 02 00 00 22 06 A8 0D 00 00 0A 65 
00 FF FF 00 22 0D 22 93 00 00 02 00 00 22 06 A9 0D 00 00 12 32 
00 FF FF 00 22 0D 22 93 00 00 02 00 00 22 06 AA 0D 00 00 0C 24 
00 FF FF 00 22 0D 22 93 00 00 02 00 00 22 06 AB 0D 00 00 0B 59 
00 FF FF 00 22 0D 22 93 00 00 02 00 00 22 06 AC 0D 00 00 14 AD 
00 FF FF 00 22 0D 22 93 00 00 02 00 00 22 06 AD 0D 00 00 0C D3 
00 FF FF 00 22 0D 22 93 00 00 02 00 00 22 06 AE 0D 00 00 0D 3C 
00 FF FF 00 22 0D 22 93 00 00 02 00 00 22 06 AF 0D 00 00 08 7A 
00 FF FF 00 22 0D 22 93 00 00 02 00 00 22 06 B0 0D 00 00 0C DD 
00 FF FF 00 22 0D 22 93 00 00 02 00 00 22 06 B1 0D 00 00 11 70 
00 FF FF 00 22 0D 22 93 00 00 02 00 00 22 06 B2 0D 00 00 0A 2B 
00 FF FF 00 22 0D 22 93 00 00 02 00 00 22 06 B3 0D 00 00 0C BB 
00 FF FF 00 22 0D 22 93 00 00 02 00 00 22 06 B4 0D 00 00 0C E9 
00 FF FF 00 22 0D 22 93 00 00 02 00 00 22 06 B5 0D 00 00 0B C1 
00 FF FF 00 22 0D 22 93 00 00 02 00 00 22 06 B6 0D 00 00 07 DB 
00 FF FF 00 22 0D 22 93 00 00 02 00 00 22 06 B7 0D 00 00 1E F0 
00 FF FF 00 22 0D 22 93 00 00 02 00 00 22 06 B8 0D 00 00 0F EF 
00 FF FF 00 22 0D 22 93 00 00 02 00 00 22 06 B9 0D 00 00 0D AA 
00 FF FF 00 22 0D 22 93 00 00 02 00 00 22 06 BA 0D 00 00 08 97 
00 FF FF 00 22 0D 22 93 00 00 02 00 00 22 06 BB 0D 00 00 0B 1C 
00 FF FF 00 22 0D 22 93 00 00 02 00 00 22 06 BC 0D 00 00 0B 59 
00 FF FF 00 22 0D 22 93 00 00 02 00 00 22 06 BD 0D 00 00 08 B6 
00 FF FF 00 22 0D 22 93 00 00 02 00 00 22 06 BE 0D 00 00 09 48 
00 FF FF 00 22 0D 22 93 00 00 02 00 00 22 06 BF 0D 00 00 13 E7 
00 FF FF 00 22 0D 22 93 00 00 02 00 00 22 06 C1 0D 00 00 0F CC 
00 FF FF 00 22 0D 22 93 00 00 02 00 00 22 06 C2 0D 00 00 14 8F 
00 FF FF 00 22 0D 22 93 00 00 02 00 00 22 06 C3 0D 00 00 0F 2E 
00 FF FF 00 22 0D 22 93 00 00 02 00 00 22 06 C4 0D 00 00 0C FB 
00 FF FF 00 22 0D 22 93 00 00 02 00 00 22 06 C5 0D 00 00 15 DB 
00 FF FF 00 22 0D 22 93 00 00 02 00 00 22 06 C6 0D 00 00 0F 19 
00 FF FF 00 22 0D 22 93 00 00 02 00 00 22 06 C7 0D 00 00 0B 3F 
00 FF FF 00 22 0D 22 93 00 00 02 00 00 22 06 C8 0D 00 00 0E B0 
00 FF FF 00 22 0D 22 93 00 00 02 00 00 22 06 C9 0D 00 00 15 9F 
00 FF FF 00 22 0D 22 93 00 00 02 00 00 22 06 CA 0D 00 00 0D 3F 
00 FF FF 00 22 0D 22 93 00 00 02 00 00 22 06 CB 0D 00 00 08 D0 
00 FF FF 00 22 0D 22 93 00 00 02 00 00 22 06 CC 0D 00 00 08 29 
00 FF FF 00 22 0D 22 93 00 00 02 00 00 22 06 CD 0D 00 00 07 D4 
00 FF FF 00 22 0D 22 93 00 00 02 00 00 22 06 CE 0D 00 00 19 91 
00 FF FF 00 22 0D 22 93 00 00 02 00 00 22 06 CF 0D 00 00 09 51 
00 FF FF 00 22 0D 22 93 00 00 02 00 00 22 06 D0 0D 00 00 0D EC 
00 FF FF 00 22 0D 22 93 00 00 02 00 00 22 06 D1 0D 00 00 0B 5B 
00 FF FF 00 22 0D 22 93 00 00 02 00 00 22 06 D2 0D 00 00 08 10 
00 FF FF 00 22 0D 22 93 00 00 02 00 00 22 06 D3 0D 00 00 0C 08 
00 FF FF 00 22 0D 22 93 00 00 02 00 00 22 06 D4 0D 00 00 08 37 
00 FF FF 00 22 0D 22 93 00 00 02 00 00 22 06 D5 0D 00 00 15 17 
00 FF FF 00 22 0D 22 93 00 00 02 00 00 22 06 D6 0D 00 00 13 77 
00 FF FF 00 22 0D 22 93 00 00 02 00 00 22 06 D7 0D 00 00 0A 28 
00 FF FF 00 22 0D 22 93 00 00 02 00 00 22 06 D8 0D 00 00 0C 72 
00 FF FF 00 22 0D 22 93 00 00 02 00 00 22 06 D9 0D 00 00 08 2E 
00 FF FF 00 22 0D 22 93 00 00 02 00 00 22 06 DA 0D 00 00 0A 8C 
00 FF FF 00 22 0D 22 93 00 00 02 00 00 22 06 DB 0D 00 00 0B FF 
00 FF FF 00 22 0D 22 93 00 00 02 00 00 22 06 DC 0D 00 00 0C 64 
00 FF FF 00 22 0D 22 93 00 00 02 00 00 22 06 DD 0D 00 00 09 B9 
00 FF FF 00 22 0D 22 93 00 00 02 00 00 22 06 DE 0D 00 00 09 E3 
00 FF FF 00 22 0D 22 93 00 00 02 00 00 22 06 DF 0D 00 00 08 92 
00 FF FF 00 22 0D 22 93 00 00 02 00 00 22 06 E0 0D 00 00 14 DA 
00 FF FF 00 22 0D 22 93 00 00 02 00 00 22 06 E1 0D 00 00 09 68 
00 FF FF 00 22 0D 22 93 00 00 02 00 00 22 06 E2 0D 00 00 09 FC 
00 FF FF 00 22 0D 22 93 00 00 02 00 00 22 06 E3 0D 00 00 0E B2 
00 FF FF 00 22 0D 22 93 00 00 02 00 00 22 06 E4 0D 00 00 10 AF 
00 FF FF 00 22 0D 22 93 00 00 02 00 00 22 06 E5 0D 00 00 0E 88 
00 FF FF 00 22 0D 22 93 00 00 02 00 00 22 06 E6 0D 00 00 0F DA 
00 FF FF 00 22 0D 22 93 00 00 02 00 00 22 06 E7 0D 00 00 0C 22 
00 FF FF 00 22 0D 22 93 00 00 02 00 00 22 06 E9 0D 00 00 14 AF 
00 FF FF 00 22 0D 22 93 00 00 02 00 00 22 06 EA 0D 00 00 0B EA 
00 FF FF 00 22 0D 22 93 00 00 02 00 00 22 06 EB 0D 00 00 0D CE 
00 FF FF 00 22 0D 22 93 00 00 02 00 00 22 06 EC 0D 00 00 0E 9E 
00 FF FF 00 22 0D 22 93 00 00 02 00 00 22 06 ED 0D 00 00 09 6D 
00 FF FF 00 22 0D 22 93 00 00 02 00 00 22 06 EE 0D 00 00 13 88 
00 FF FF 00 22 0D 22 93 00 00 02 00 00 22 06 EF 0D 00 00 10 19 
00 FF FF 00 22 0D 22 93 00 00 02 00 00 22 06 F0 0D 00 00 0B 15 
00 FF FF 00 22 0D 22 93 00 00 02 00 00 22 06 F1 0D 00 00 0B 83 
00 FF FF 00 22 0D 22 93 00 00 02 00 00 22 06 F2 0D 00 00 07 EC 
00 FF FF 00 22 0D 22 93 00 00 02 00 00 22 06 F3 0D 00 00 0E 98 
00 FF FF 00 22 0D 22 93 00 00 02 00 00 22 06 F4 0D 00 00 0D B4 
00 FF FF 00 22 0D 22 93 00 00 02 00 00 22 06 F5 0D 00 00 17 AD 
00 FF FF 00 22 0D 22 93 00 00 02 00 00 22 06 F6 0D 00 00 0C CE 
00 FF FF 00 22 0D 22 93 00 00 02 00 00 22 06 F8 0D 00 00 0B 26 
00 FF FF 00 22 0D 22 93 00 00 02 00 00 22 06 F9 0D 00 00 0F 03 
00 FF FF 00 22 0D 22 93 00 00 02 00 00 22 06 FA 0D 00 00 08 A7 
00 FF FF 00 22 0D 22 93 00 00 02 00 00 22 06 FB 0D 00 00 0D 72 
00 FF FF 00 22 0D 22 93 00 00 02 00 00 22 06 FC 0D 00 00 10 76 
00 FF FF 00 22 0D 22 93 00 00 02 00 00 22 06 FD 0D 00 00 0B C7 
00 FF FF 00 22 0D 22 93 00 00 02 00 00 22 06 FE 0D 00 00 0B CC 
00 FF FF 00 22 0D 22 93 00 00 02 00 00 22 06 FF 0D 00 00 0C B1 
00 FF FF 00 22 0D 22 93 00 00 02 00 00 22 07 00 0D 00 00 0F E6 
00 FF FF 00 22 0D 22 93 00 00 02 00 00 22 07 01 0D 00 00 08 77 
00 FF FF 00 22 0D 22 93 00 00 02 00 00 22 07 02 0D 00 00 09 05 
00 FF FF 00 22 0D 22 93 00 00 02 00 00 22 07 03 0D 00 00 0C 3C 
00 FF FF 00 22 0D 22 93 00 00 02 00 00 22 07 04 0D 00 00 0B F5 
00 FF FF 00 22 0D 22 93 00 00 02 00 00 22 07 05 0D 00 00 0D E5 
00 FF FF 00 22 0D 22 93 00 00 02 00 00 22 07 06 0D 00 00 0C 51 
00 FF FF 00 22 0D 22 93 00 00 02 00 00 22 07 07 0D 00 00 0A F1 
00 FF FF 00 22 0D 22 93 00 00 02 00 00 22 07 08 0D 00 00 0A CF 
00 FF FF 00 22 0D 22 93 00 00 02 00 00 22 07 09 0D 00 00 0A 52 
00 FF FF 00 22 0D 22 93 00 00 02 00 00 22 07 0A 0D 00 00 0C 29 
00 FF FF 00 22 0D 22 93 00 00 02 00 00 22 07 0B 0D 00 00 0B 42 
00 FF FF 00 22 0D 22 93 00 00 02 00 00 22 07 0C 0D 00 00 0A F4 
00 FF FF 00 22 0D 22 93 00 00 02 00 00 22 07 0D 0D 00 00 0D F0 
00 FF FF 00 22 0D 22 93 00 00 02 00 00 22 07 0E 0D 00 00 0D D7 
00 FF FF 00 22 0D 22 93 00 00 02 00 00 22 07 0F 0D 00 00 0B 0F 
00 FF FF 00 22 0D 22 93 00 00 02 00 00 22 07 10 0D 00 00 0F 36 
00 FF FF 00 22 0D 22 93 00 00 02 00 00 22 07 11 0D 00 00 0A 14 
00 FF FF 00 22 0D 22 93 00 00 02 00 00 22 07 12 0D 00 00 0B EB 
00 FF FF 00 22 0D 22 93 00 00 02 00 00 22 07 13 0D 00 00 09 92 
00 FF FF 00 22 0D 22 93 00 00 02 00 00 22 07 14 0D 00 00 08 F0 
00 FF FF 00 22 0D 22 93 00 00 02 00 00 22 07 16 0D 00 00 0F F3 
00 FF FF 00 22 0D 22 93 00 00 02 00 00 22 07 17 0D 00 00 15 6C 
00 FF FF 00 22 0D 22 93 00 00 02 00 00 22 07 18 0D 00 00 0D D1 
00 FF FF 00 22 0D 22 93 00 00 02 00 00 22 07 19 0D 00 00 0B D3 
00 FF FF 00 22 0D 22 93 00 00 02 00 00 22 07 1A 0D 00 00 0E 92 
00 FF FF 00 22 0D 22 93 00 00 02 00 00 22 07 1B 0D 00 00 0C 37 
00 FF FF 00 22 0D 22 93 00 00 02 00 00 22 07 1C 0D 00 00 09 AD 
00 FF FF 00 22 0D 22 93 00 00 02 00 00 22 07 1D 0D 00 00 09 7F 
00 FF FF 00 22 0D 22 93 00 00 02 00 00 22 07 1E 0D 00 00 09 C6 
00 FF FF 00 22 0D 22 93 00 00 02 00 00 22 07 20 0D 00 00 0D 13 
00 FF FF 00 22 0D 22 93 00 00 02 00 00 22 07 21 0D 00 00 09 AD 
00 FF FF 00 22 0D 22 93 00 00 02 00 00 22 07 22 0D 00 00 0C 44 
00 FF FF 00 22 0D 22 93 00 00 02 00 00 22 07 23 0D 00 00 0E 0B 
00 FF FF 00 22 0D 22 93 00 00 02 00 00 22 07 24 0D 00 00 0B 43 
00 FF FF 00 22 0D 22 93 00 00 02 00 00 22 07 25 0D 00 00 0B 07 
00 FF FF 00 22 0D 22 93 00 00 02 00 00 22 07 26 0D 00 00 0C 76 
00 FF FF 00 22 0D 22 93 00 00 02 00 00 22 07 27 0D 00 00 10 72 
00 FF FF 00 22 0D 22 93 00 00 02 00 00 22 07 28 0D 00 00 09 2C 
00 FF FF 00 22 0D 22 93 00 00 02 00 00 22 07 29 0D 00 00 10 9C 
00 FF FF 00 22 0D 22 93 00 00 02 00 00 22 07 2A 0D 00 00 0B 76 
00 FF FF 00 22 0D 22 93 00 00 02 00 00 22 07 2B 0D 00 00 08 5E 
00 FF FF 00 22 0D 22 93 00 00 02 00 00 22 07 2C 0D 00 00 08 E3 
00 FF FF 00 22 0D 22 93 00 00 02 00 00 22 07 2D 0D 00 00 0B FB 
00 FF FF 00 22 0D 22 93 00 00 02 00 00 22 07 2E 0D 00 00 14 84 
00 FF FF 00 22 0D 22 93 00 00 02 00 00 22 07 2F 0D 00 00 14 C3 
00 FF FF 00 22 0D 22 93 00 00 02 00 00 22 07 30 0D 00 00 11 66 
00 FF FF 00 22 0D 22 93 00 00 02 00 00 22 07 31 0D 00 00 09 65 
00 FF FF 00 22 0D 22 93 00 00 02 00 00 22 07 32 0D 00 00 0F 93 
00 FF FF 00 22 0D 22 93 00 00 02 00 00 22 07 33 0D 00 00 07 ED 
00 FF FF 00 22 0D 22 93 00 00 02 00 00 22 07 34 0D 00 00 0C 21 
00 FF FF 00 22 0D 22 93 00 00 02 00 00 22 07 35 0D 00 00 17 30 
00 FF FF 00 22 0D 22 93 00 00 02 00 00 22 07 36 0D 00 00 0F 6D 
00 FF FF 00 22 0D 22 93 00 00 02 00 00 22 07 37 0D 00 00 0A EC 
00 FF FF 00 22 0D 22 93 00 00 02 00 00 22 07 38 0D 00 00 14 FC 
00 FF FF 00 22 0D 22 93 00 00 02 00 00 22 07 39 0D 00 00 12 83 
00 FF FF 00 22 0D 22 93 00 00 02 00 00 22 07 3A 0D 00 00 11 82 
00 FF FF 00 22 0D 22 93 00 00 02 00 00 22 07 3B 0D 00 00 0A D4 
00 FF FF 00 22 0D 22 93 00 00 02 00 00 22 07 3C 0D 00 00 0A 39 
00 FF FF 00 22 0D 22 93 00 00 02 00 00 22 07 3D 0D 00 00 14 C1 
00 FF FF 00 22 0D 22 93 00 00 02 00 00 22 07 3E 0D 00 00 0D 22 
00 FF FF 00 22 0D 22 93 00 00 02 00 00 22 07 3F 0D 00 00 09 5E 
00 FF FF 00 22 0D 22 93 00 00 02 00 00 22 07 40 0D 00 00 0C C6 
00 FF FF 00 22 0D 22 93 00 00 02 00 00 22 07 41 0D 00 00 15 6C 
00 FF FF 00 22 0D 22 93 00 00 02 00 00 22 07 42 0D 00 00 0D 47 
00 FF FF 00 22 0D 22 93 00 00 02 00 00 22 07 43 0D 00 00 10 B2 
00 FF FF 00 22 0D 22 93 00 00 02 00 00 22 07 44 0D 00 00 17 2A 
00 FF FF 00 22 0D 22 93 00 00 02 00 00 22 07 45 0D 00 00 0C 09 
00 FF FF 00 22 0D 22 93 00 00 02 00 00 22 07 46 0D 00 00 0E 93 
00 FF FF 00 22 0D 22 93 00 00 02 00 00 22 07 47 0D 00 00 0C B0 
00 FF FF 00 22 0D 22 93 00 00 02 00 00 22 07 48 0D 00 00 0E 9E 
00 FF FF 00 22 0D 22 93 00 00 02 00 00 22 07 49 0D 00 00 0C 20 
00 FF FF 00 22 0D 22 93 00 00 02 00 00 22 07 4A 0D 00 00 15 3C 
00 FF FF 00 22 0D 22 93 00 00 02 00 00 22 07 4B 0D 00 00 16 F2 
00 FF FF 00 22 0D 22 93 00 00 02 00 00 22 07 4C 0D 00 00 09 A7 
00 FF FF 00 22 0D 22 93 00 00 02 00 00 22 07 4D 0D 00 00 09 5C 
00 FF FF 00 22 0D 22 93 00 00 02 00 00 22 07 4E 0D 00 00 14 DB 
00 FF FF 00 22 0D 22 93 00 00 02 00 00 22 07 4F 0D 00 00 0D 52 
00 FF FF 00 22 0D 22 93 00 00 02 00 00 22 07 50 0D 00 00 12 3B 
00 FF FF 00 22 0D 22 93 00 00 02 00 00 22 07 51 0D 00 00 12 2F 
00 FF FF 00 22 0D 22 93 00 00 02 00 00 22 07 52 0D 00 00 18 2F 
00 FF FF 00 22 0D 22 93 00 00 02 00 00 22 07 53 0D 00 00 11 4F 
00 FF FF 00 22 0D 22 93 00 00 02 00 00 22 07 54 0D 00 00 0D 0B 
00 FF FF 00 22 0D 22 93 00 00 02 00 00 22 07 56 0D 00 00 13 0E 
00 FF FF 00 22 0D 22 93 00 00 02 00 00 22 07 57 0D 00 00 11 4A 
00 FF FF 00 22 0D 22 93 00 00 02 00 00 22 07 58 0D 00 00 13 8F 
00 FF FF 00 22 0D 22 93 00 00 02 00 00 22 07 59 0D 00 00 15 86 
00 FF FF 00 22 0D 22 93 00 00 02 00 00 22 07 5A 0D 00 00 0C 97 
00 FF FF 00 22 0D 22 93 00 00 02 00 00 22 07 5B 0D 00 00 0B 18 
00 FF FF 00 22 0D 22 93 00 00 02 00 00 22 07 5C 0D 00 00 14 34 
00 FF FF 00 22 0D 22 93 00 00 02 00 00 22 07 5D 0D 00 00 0F C3 
00 FF FF 00 22 0D 22 93 00 00 02 00 00 22 07 5E 0D 00 00 0F 5C 
00 FF FF 00 22 0D 22 93 00 00 02 00 00 22 07 5F 0D 00 00 12 0B 
00 FF FF 00 22 0D 22 93 00 00 02 00 00 22 07 60 0D 00 00 15 9F 
00 FF FF 00 22 0D 22 93 00 00 02 00 00 22 07 61 0D 00 00 0E 1E 
00 FF FF 00 22 0D 22 93 00 00 02 00 00 22 07 62 0D 00 00 13 FA 
00 FF FF 00 22 0D 22 93 00 00 02 00 00 22 07 63 0D 00 00 10 08 
00 FF FF 00 22 0D 22 93 00 00 02 00 00 22 07 64 0D 00 00 13 A7 
00 FF FF 00 22 0D 22 93 00 00 02 00 00 22 07 65 0D 00 00 16 CC 
00 FF FF 00 22 0D 22 93 00 00 02 00 00 22 07 66 0D 00 00 11 0B 
00 FF FF 00 22 0D 22 93 00 00 02 00 00 22 07 67 0D 00 00 0B 5A 
00 FF FF 00 22 0D 22 93 00 00 02 00 00 22 07 68 0D 00 00 15 7A 
00 FF FF 00 22 0D 22 93 00 00 02 00 00 22 07 69 0D 00 00 11 6E 
00 FF FF 00 22 0D 22 93 00 00 02 00 00 22 07 6A 0D 00 00 15 32 
00 FF FF 00 22 0D 22 93 00 00 02 00 00 22 07 6B 0D 00 00 11 5F 
00 FF FF 00 22 0D 22 93 00 00 02 00 00 22 07 6C 0D 00 00 14 C1 
00 FF FF 00 22 0D 22 93 00 00 02 00 00 22 07 6D 0D 00 00 15 06 
00 FF FF 00 22 0D 22 93 00 00 02 00 00 22 07 6E 0D 00 00 14 94 
00 FF FF 00 22 0D 22 93 00 00 02 00 00 22 07 6F 0D 00 00 0D F3 
00 FF FF 00 22 0D 22 93 00 00 02 00 00 22 07 70 0D 00 00 16 65 
00 FF FF 00 22 0D 22 93 00 00 02 00 00 22 07 71 0D 00 00 18 C6 
00 FF FF 00 22 0D 22 93 00 00 02 00 00 22 07 72 0D 00 00 11 BB 
00 FF FF 00 22 0D 22 93 00 00 02 00 00 22 07 73 0D 00 00 0C AC 
00 FF FF 00 22 0D 22 93 00 00 02 00 00 22 07 74 0D 00 00 0B 5C 
00 FF FF 00 22 0D 22 93 00 00 02 00 00 22 07 75 0D 00 00 11 E6 
00 FF FF 00 22 0D 22 93 00 00 02 00 00 22 07 76 0D 00 00 11 5D 
00 FF FF 00 22 0D 22 93 00 00 02 00 00 22 07 77 0D 00 00 19 7D 
00 FF FF 00 22 0D 22 93 00 00 02 00 00 22 07 78 0D 00 00 0B 1D 
00 FF FF 00 22 0D 22 93 00 00 02 00 00 22 07 79 0D 00 00 0E B4 
00 FF FF 00 22 0D 22 93 00 00 02 00 00 22 07 7A 0D 00 00 13 EB 
00 FF FF 00 22 0D 22 93 00 00 02 00 00 22 07 7B 0D 00 00 09 F1 
00 FF FF 00 22 0D 22 93 00 00 02 00 00 22 07 7C 0D 00 00 11 55 
00 FF FF 00 22 0D 22 93 00 00 02 00 00 22 07 7D 0D 00 00 0B 2E 
00 FF FF 00 22 0D 22 93 00 00 02 00 00 22 07 7E 0D 00 00 13 83 
00 FF FF 00 22 0D 22 93 00 00 02 00 00 22 07 7F 0D 00 00 0C 83 
00 FF FF 00 22 0D 22 93 00 00 02 00 00 22 07 80 0D 00 00 12 F1 
00 FF FF 00 22 0D 22 93 00 00 02 00 00 22 07 81 0D 00 00 17 50 
00 FF FF 00 22 0D 22 93 00 00 02 00 00 22 07 82 0D 00 00 19 83 
00 FF FF 00 22 0D 22 93 00 00 02 00 00 22 07 83 0D 00 00 0F 8C 
00 FF FF 00 22 0D 22 93 00 00 02 00 00 22 07 84 0D 00 00 0B 30 
00 FF FF 00 22 0D 22 93 00 00 02 00 00 22 07 85 0D 00 00 0E 4D 
00 FF FF 00 22 0D 22 93 00 00 02 00 00 22 07 86 0D 00 00 12 82 
00 FF FF 00 22 0D 22 93 00 00 02 00 00 22 07 87 0D 00 00 0E B7 
00 FF FF 00 22 0D 22 93 00 00 02 00 00 22 07 88 0D 00 00 0E F6 
00 FF FF 00 22 0D 22 93 00 00 02 00 00 22 07 89 0D 00 00 16 77 
00 FF FF 00 22 0D 22 93 00 00 02 00 00 22 07 8B 0D 00 00 16 B6 
00 FF FF 00 22 0D 22 93 00 00 02 00 00 22 07 8C 0D 00 00 0F 10 
00 FF FF 00 22 0D 22 93 00 00 02 00 00 22 07 8D 0D 00 00 09 D2 
00 FF FF 00 22 0D 22 93 00 00 02 00 00 22 07 8E 0D 00 00 0F 00 
00 FF FF 00 22 0D 22 93 00 00 02 00 00 22 07 8F 0D 00 00 0B E3 
00 FF FF 00 22 0D 22 93 00 00 02 00 00 22 07 90 0D 00 00 11 2C 
00 FF FF 00 22 0D 22 93 00 00 02 00 00 22 07 91 0D 00 00 18 2C 
00 FF FF 00 22 0D 22 93 00 00 02 00 00 22 07 92 0D 00 00 19 F3 
00 FF FF 00 22 0D 22 93 00 00 02 00 00 22 07 93 0D 00 00 10 DB 
00 FF FF 00 22 0D 22 93 00 00 02 00 00 22 07 94 0D 00 00 0A F8 
00 FF FF 00 22 0D 22 93 00 00 02 00 00 22 07 95 0D 00 00 09 D5 
00 FF FF 00 22 0D 22 93 00 00 02 00 00 22 07 96 0D 00 00 08 53 
00 FF FF 00 22 0D 22 93 00 00 02 00 00 22 07 97 0D 00 00 0B 83 
00 FF FF 00 22 0D 22 93 00 00 02 00 00 22 07 98 0D 00 00 14 4E 
00 FF FF 00 22 0D 22 93 00 00 02 00 00 22 07 99 0D 00 00 13 7E 
00 FF FF 00 22 0D 22 93 00 00 02 00 00 22 07 9A 0D 00 00 16 7F 
00 FF FF 00 22 0D 22 93 00 00 02 00 00 22 07 9B 0D 00 00 14 FA 
00 FF FF 00 22 0D 22 93 00 00 02 00 00 22 07 9C 0D 00 00 0D A9 
00 FF FF 00 22 0D 22 93 00 00 02 00 00 22 07 9D 0D 00 00 09 05 
00 FF FF 00 22 0D 22 93 00 00 02 00 00 22 07 9E 0D 00 00 0F 82 
00 FF FF 00 22 0D 22 93 00 00 02 00 00 22 07 9F 0D 00 00 2B F5 
00 FF FF 00 22 0D 22 93 00 00 02 00 00 22 07 A0 0D 00 00 1D CC 
00 FF FF 00 22 0D 22 93 00 00 02 00 00 22 07 A2 0D 00 00 0D 5E 
00 FF FF 00 22 0D 22 93 00 00 02 00 00 22 07 A3 0D 00 00 0A 38 
00 FF FF 00 22 0D 22 93 00 00 02 00 00 22 07 A4 0D 00 00 0C 3A 
00 FF FF 00 22 0D 22 93 00 00 02 00 00 22 07 A5 0D 00 00 0A C9 
00 FF FF 00 22 0D 22 93 00 00 02 00 00 22 07 A6 0D 00 00 0B 52 
00 FF FF 00 22 0D 22 93 00 00 02 00 00 22 07 A7 0D 00 00 0F D7 
00 FF FF 00 22 0D 22 93 00 00 02 00 00 22 07 A8 0D 00 00 0D C1 
00 FF FF 00 22 0D 22 93 00 00 02 00 00 22 07 A9 0D 00 00 0F 2E 
00 FF FF 00 22 0D 22 93 00 00 02 00 00 22 07 AA 0D 00 00 16 46 
00 FF FF 00 22 0D 22 93 00 00 02 00 00 22 07 AB 0D 00 00 0E 38 
00 FF FF 00 22 0D 22 93 00 00 02 00 00 22 07 AC 0D 00 00 0B 67 
00 FF FF 00 22 0D 22 93 00 00 02 00 00 22 07 AD 0D 00 00 0B 80 
00 FF FF 00 22 0D 22 93 00 00 02 00 00 22 07 AE 0D 00 00 0C 58 
00 FF FF 00 22 0D 22 93 00 00 02 00 00 22 07 AF 0D 00 00 0A 19 
00 FF FF 00 22 0D 22 93 00 00 02 00 00 22 07 B0 0D 00 00 10 54 
00 FF FF 00 22 0D 22 93 00 00 02 00 00 22 07 B1 0D 00 00 17 68 
00 FF FF 00 22 0D 22 93 00 00 02 00 00 22 07 B2 0D 00 00 09 BE 
00 FF FF 00 22 0D 22 93 00 00 02 00 00 22 07 B3 0D 00 00 11 B9 
00 FF FF 00 22 0D 22 93 00 00 02 00 00 22 07 B4 0D 00 00 09 9E 
00 FF FF 00 22 0D 22 93 00 00 02 00 00 22 07 B5 0D 00 00 0B E9 
00 FF FF 00 22 0D 22 93 00 00 02 00 00 22 07 B6 0D 00 00 0B DB 
00 FF FF 00 22 0D 22 93 00 00 02 00 00 22 07 B7 0D 00 00 0C C8 
00 FF FF 00 22 0D 22 93 00 00 02 00 00 22 07 B8 0D 00 00 0E 1B 
00 FF FF 00 22 0D 22 93 00 00 02 00 00 22 07 B9 0D 00 00 1C 4A 
00 FF FF 00 22 0D 22 93 00 00 02 00 00 22 07 BA 0D 00 00 17 29 
00 FF FF 00 22 0D 22 93 00 00 02 00 00 22 07 BB 0D 00 00 17 8C 
00 FF FF 00 22 0D 22 93 00 00 02 00 00 22 07 BC 0D 00 00 12 99 
00 FF FF 00 22 0D 22 93 00 00 02 00 00 22 07 BD 0D 00 00 08 B4 
00 FF FF 00 22 0D 22 93 00 00 02 00 00 22 07 BE 0D 00 00 0C F2 
00 FF FF 00 22 0D 22 93 00 00 02 00 00 22 07 BF 0D 00 00 0D 54 
00 FF FF 00 22 0D 22 93 00 00 02 00 00 22 07 C0 0D 00 00 09 B9 
00 FF FF 00 22 0D 22 93 00 00 02 00 00 22 07 C1 0D 00 00 10 A9 
00 FF FF 00 22 0D 22 93 00 00 02 00 00 22 07 C2 0D 00 00 19 26 
00 FF FF 00 22 0D 22 93 00 00 02 00 00 22 07 C3 0D 00 00 17 67 
00 FF FF 00 22 0D 22 93 00 00 02 00 00 22 07 C4 0D 00 00 0C 20 
00 FF FF 00 22 0D 22 93 00 00 02 00 00 22 07 C5 0D 00 00 0B 84 
00 FF FF 00 22 0D 22 93 00 00 02 00 00 22 07 C6 0D 00 00 0C BC 
00 FF FF 00 22 0D 22 93 00 00 02 00 00 22 07 C7 0D 00 00 0F 30 
00 FF FF 00 22 0D 22 93 00 00 02 00 00 22 07 C8 0D 00 00 25 CA 
00 FF FF 00 22 0D 22 93 00 00 02 00 00 22 07 C9 0D 00 00 09 45 
00 FF FF 00 22 0D 22 93 00 00 02 00 00 22 07 CA 0D 00 00 16 C2 
00 FF FF 00 22 0D 22 93 00 00 02 00 00 22 07 CB 0D 00 00 10 BA 
00 FF FF 00 22 0D 22 93 00 00 02 00 00 22 07 CC 0D 00 00 0F 97 
00 FF FF 00 22 0D 22 93 00 00 02 00 00 22 07 CD 0D 00 00 0E E7 
00 FF FF 00 22 0D 22 93 00 00 02 00 00 22 07 CE 0D 00 00 10 C4 
00 FF FF 00 22 0D 22 93 00 00 02 00 00 22 07 CF 0D 00 00 0C 32 
00 FF FF 00 22 0D 22 93 00 00 02 00 00 22 07 D0 0D 00 00 10 25 
00 FF FF 00 22 0D 22 93 00 00 02 00 00 22 07 D1 0D 00 00 0D 94 
00 FF FF 00 22 0D 22 93 00 00 02 00 00 22 07 D2 0D 00 00 0F 42 
00 FF FF 00 22 0D 22 93 00 00 02 00 00 22 07 D3 0D 00 00 13 20 
00 FF FF 00 22 0D 22 93 00 00 02 00 00 22 07 D4 0D 00 00 0F DA 
00 FF FF 00 22 0D 22 93 00 00 02 00 00 22 07 D5 0D 00 00 0A FA 
00 FF FF 00 22 0D 22 93 00 00 02 00 00 22 07 D6 0D 00 00 0F 00 
00 FF FF 00 22 0D 22 93 00 00 02 00 00 22 07 D7 0D 00 00 0D D2 
00 FF FF 00 22 0D 22 93 00 00 02 00 00 22 07 D8 0D 00 00 0C 09 
00 FF FF 00 22 0D 22 93 00 00 02 00 00 22 07 DA 0D 00 00 17 76 
00 FF FF 00 22 0D 22 93 00 00 02 00 00 22 07 DB 0D 00 00 17 95 
00 FF FF 00 22 0D 22 93 00 00 02 00 00 22 07 DC 0D 00 00 10 59 
00 FF FF 00 22 0D 22 93 00 00 02 00 00 22 07 DD 0D 00 00 0A B0 
00 FF FF 00 22 0D 22 93 00 00 02 00 00 22 07 DE 0D 00 00 0A AC 
00 FF FF 00 22 0D 22 93 00 00 02 00 00 22 07 DF 0D 00 00 14 85 
00 FF FF 00 22 0D 22 93 00 00 02 00 00 22 07 E0 0D 00 00 0A E7 
00 FF FF 00 22 0D 22 93 00 00 02 00 00 22 07 E1 0D 00 00 18 94 
00 FF FF 00 22 0D 22 93 00 00 02 00 00 22 07 E2 0D 00 00 0D 23 
00 FF FF 00 22 0D 22 93 00 00 02 00 00 22 07 E3 0D 00 00 09 42 
00 FF FF 00 22 0D 22 93 00 00 02 00 00 22 07 E4 0D 00 00 10 97 
00 FF FF 00 22 0D 22 93 00 00 02 00 00 22 07 E5 0D 00 00 0D C4 
00 FF FF 00 22 0D 22 93 00 00 02 00 00 22 07 E6 0D 00 00 15 1E 
00 FF FF 00 22 0D 22 93 00 00 02 00 00 22 07 E7 0D 00 00 10 F0 
00 FF FF 00 22 0D 22 93 00 00 02 00 00 22 07 E8 0D 00 00 10 03 
00 FF FF 00 22 0D 22 93 00 00 02 00 00 22 07 E9 0D 00 00 0C 0A 
00 FF FF 00 22 0D 22 93 00 00 02 00 00 22 07 EA 0D 00 00 12 27 
00 FF FF 00 22 0D 22 93 00 00 02 00 00 22 07 EB 0D 00 00 17 DA 
00 FF FF 00 22 0D 22 93 00 00 02 00 00 22 07 EC 0D 00 00 0A FC 
00 FF FF 00 22 0D 22 93 00 00 02 00 00 22 07 ED 0D 00 00 13 DA 
00 FF FF 00 22 0D 22 93 00 00 02 00 00 22 07 EE 0D 00 00 0F 36 
00 FF FF 00 22 0D 22 93 00 00 02 00 00 22 07 EF 0D 00 00 12 10 
00 FF FF 00 22 0D 22 93 00 00 02 00 00 22 07 F0 0D 00 00 17 C2 
00 FF FF 00 22 0D 22 93 00 00 02 00 00 22 07 F2 0D 00 00 0F E5 
00 FF FF 00 22 0D 22 93 00 00 02 00 00 22 07 F3 0D 00 00 10 0B 
00 FF FF 00 22 0D 22 93 00 00 02 00 00 22 07 F4 0D 00 00 0B D4 
00 FF FF 00 22 0D 22 93 00 00 02 00 00 22 07 F5 0D 00 00 16 2E 
00 FF FF 00 22 0D 22 93 00 00 02 00 00 22 07 F6 0D 00 00 0B DF 
00 FF FF 00 22 0D 22 93 00 00 02 00 00 22 07 F7 0D 00 00 09 BC 
00 FF FF 00 22 0D 22 93 00 00 02 00 00 22 07 F8 0D 00 00 0B 43 
00 FF FF 00 22 0D 22 93 00 00 02 00 00 22 07 F9 0D 00 00 17 8B 
00 FF FF 00 22 0D 22 93 00 00 02 00 00 22 07 FA 0D 00 00 19 61 
00 FF FF 00 22 0D 22 93 00 00 02 00 00 22 07 FB 0D 00 00 11 D3 
00 FF FF 00 22 0D 22 93 00 00 02 00 00 22 07 FC 0D 00 00 16 D3 
00 FF FF 00 22 0D 22 93 00 00 02 00 00 22 07 FD 0D 00 00 14 EB 
00 FF FF 00 22 0D 22 93 00 00 02 00 00 22 07 FE 0D 00 00 0C BA 
00 FF FF 00 22 0D 22 93 00 00 02 00 00 22 07 FF 0D 00 00 0E 55 
00 FF FF 00 22 0D 22 93 00 00 02 00 00 22 08 00 0D 00 00 12 4B 
00 FF FF 00 22 0D 22 93 00 00 02 00 00 22 08 01 0D 00 00 0F 46 
00 FF FF 00 22 0D 22 93 00 00 02 00 00 22 08 02 0D 00 00 1F 7E 
00 FF FF 00 22 0D 22 93 00 00 02 00 00 22 08 03 0D 00 00 11 86 
00 FF FF 00 22 0D 22 93 00 00 02 00 00 22 08 04 0D 00 00 15 C2 
00 FF FF 00 22 0D 22 93 00 00 02 00 00 22 08 05 0D 00 00 0C 46 
00 FF FF 00 22 0D 22 93 00 00 02 00 00 22 08 06 0D 00 00 0C BD 
00 FF FF 00 22 0D 22 93 00 00 02 00 00 22 08 07 0D 00 00 0C 86 
00 FF FF 00 22 0D 22 93 00 00 02 00 00 22 08 08 0D 00 00 0B 50 
00 FF FF 00 22 0D 22 93 00 00 02 00 00 22 08 09 0D 00 00 0E BF 
00 FF FF 00 22 0D 22 93 00 00 02 00 00 22 08 0A 0D 00 00 19 11 
00 FF FF 00 22 0D 22 93 00 00 02 00 00 22 08 0B 0D 00 00 0C FC 
00 FF FF 00 22 0D 22 93 00 00 02 00 00 22 08 0C 0D 00 00 0D B6 
00 FF FF 00 22 0D 22 93 00 00 02 00 00 22 08 0D 0D 00 00 14 D7 
00 FF FF 00 22 0D 22 93 00 00 02 00 00 22 08 0E 0D 00 00 15 B3 
00 FF FF 00 22 0D 22 93 00 00 02 00 00 22 08 0F 0D 00 00 0D 3A 
00 FF FF 00 22 0D 22 93 00 00 02 00 00 22 08 10 0D 00 00 14 CA 
00 FF FF 00 22 0D 22 93 00 00 02 00 00 22 08 11 0D 00 00 1A ED 
00 FF FF 00 22 0D 22 93 00 00 02 00 00 22 08 12 0D 00 00 1B 9F 
00 FF FF 00 22 0D 22 93 00 00 02 00 00 22 08 13 0D 00 00 14 C3 
00 FF FF 00 22 0D 22 93 00 00 02 00 00 22 08 14 0D 00 00 0E EE 
00 FF FF 00 22 0D 22 93 00 00 02 00 00 22 08 15 0D 00 00 13 28 
00 FF FF 00 22 0D 22 93 00 00 02 00 00 22 08 16 0D 00 00 11 D1 
00 FF FF 00 22 0D 22 93 00 00 02 00 00 22 08 17 0D 00 00 0D 19 
00 FF FF 00 22 0D 22 93 00 00 02 00 00 22 08 18 0D 00 00 09 AB 
00 FF FF 00 22 0D 22 93 00 00 02 00 00 22 08 19 0D 00 00 0B 32 
00 FF FF 00 22 0D 22 93 00 00 02 00 00 22 08 1A 0D 00 00 19 8F 
00 FF FF 00 22 0D 22 93 00 00 02 00 00 22 08 1B 0D 00 00 0E BF 
00 FF FF 00 22 0D 22 93 00 00 02 00 00 22 08 1C 0D 00 00 0B 7C 
00 FF FF 00 22 0D 22 93 00 00 02 00 00 22 08 1D 0D 00 00 16 0D 
00 FF FF 00 22 0D 22 93 00 00 02 00 00 22 08 1E 0D 00 00 12 D4 
00 FF FF 00 22 0D 22 93 00 00 02 00 00 22 08 1F 0D 00 00 0B C5 
00 FF FF 00 22 0D 22 93 00 00 02 00 00 22 08 20 0D 00 00 10 57 
00 FF FF 00 22 0D 22 93 00 00 02 00 00 22 08 21 0D 00 00 12 E0 
00 FF FF 00 22 0D 22 93 00 00 02 00 00 22 08 22 0D 00 00 10 3C 
00 FF FF 00 22 0D 22 93 00 00 02 00 00 22 08 23 0D 00 00 14 55 
00 FF FF 00 22 0D 22 93 00 00 02 00 00 22 08 24 0D 00 00 0F A5 
00 FF FF 00 22 0D 22 93 00 00 02 00 00 22 08 25 0D 00 00 11 E8 
00 FF FF 00 22 0D 22 93 00 00 02 00 00 22 08 26 0D 00 00 0A A3 
00 FF FF 00 22 0D 22 93 00 00 02 00 00 22 08 27 0D 00 00 14 46 
00 FF FF 00 22 0D 22 93 00 00 02 00 00 22 08 28 0D 00 00 0E D1 
00 FF FF 00 22 0D 22 93 00 00 02 00 00 22 08 29 0D 00 00 11 77 
00 FF FF 00 22 0D 22 93 00 00 02 00 00 22 08 2A 0D 00 00 09 14 
00 FF FF 00 22 0D 22 93 00 00 02 00 00 22 08 2B 0D 00 00 0D 43 
00 FF FF 00 22 0D 22 93 00 00 02 00 00 22 08 2C 0D 00 00 19 47 
00 FF FF 00 22 0D 22 93 00 00 02 00 00 22 08 2D 0D 00 00 0C 35 
00 FF FF 00 22 0D 22 93 00 00 02 00 00 22 08 2E 0D 00 00 12 9A 
00 FF FF 00 22 0D 22 93 00 00 02 00 00 22 08 2F 0D 00 00 10 59 
00 FF FF 00 22 0D 22 93 00 00 02 00 00 22 08 30 0D 00 00 12 BA 
00 FF FF 00 22 0D 22 93 00 00 02 00 00 22 08 31 0D 00 00 11 F0 
00 FF FF 00 22 0D 22 93 00 00 02 00 00 22 08 32 0D 00 00 0A 9C 
00 FF FF 00 22 0D 22 93 00 00 02 00 00 22 08 33 0D 00 00 0D D4 
00 FF FF 00 22 0D 22 93 00 00 02 00 00 22 08 34 0D 00 00 13 91 
00 FF FF 00 22 0D 22 93 00 00 02 00 00 22 08 36 0D 00 00 10 29 
00 FF FF 00 22 0D 22 93 00 00 02 00 00 22 08 37 0D 00 00 17 E5 
00 FF FF 00 22 0D 22 93 00 00 02 00 00 22 08 38 0D 00 00 10 0F 
00 FF FF 00 22 0D 22 93 00 00 02 00 00 22 08 39 0D 00 00 0D EB 
00 FF FF 00 22 0D 22 93 00 00 02 00 00 22 08 3A 0D 00 00 0D EA 
00 FF FF 00 22 0D 22 93 00 00 02 00 00 22 08 3C 0D 00 00 16 3B 
00 FF FF 00 22 0D 22 93 00 00 02 00 00 22 08 3D 0D 00 00 14 AF 
00 FF FF 00 22 0D 22 93 00 00 02 00 00 22 08 3E 0D 00 00 15 68 
00 FF FF 00 22 0D 22 93 00 00 02 00 00 22 08 3F 0D 00 00 0E 62 
00 FF FF 00 22 0D 22 93 00 00 02 00 00 22 08 40 0D 00 00 0C CF 
00 FF FF 00 22 0D 22 93 00 00 02 00 00 22 08 41 0D 00 00 08 C6 
00 FF FF 00 22 0D 22 93 00 00 02 00 00 22 08 42 0D 00 00 0C F9 
00 FF FF 00 22 0D 22 93 00 00 02 00 00 22 08 43 0D 00 00 0F 68 
00 FF FF 00 22 0D 22 93 00 00 02 00 00 22 08 44 0D 00 00 13 4B 
00 FF FF 00 22 0D 22 93 00 00 02 00 00 22 08 45 0D 00 00 12 BE 
00 FF FF 00 22 0D 22 93 00 00 02 00 00 22 08 46 0D 00 00 0D D4 
00 FF FF 00 22 0D 22 93 00 00 02 00 00 22 08 47 0D 00 00 0B 98 
00 FF FF 00 22 0D 22 93 00 00 02 00 00 22 08 48 0D 00 00 0A 32 
00 FF FF 00 22 0D 22 93 00 00 02 00 00 22 08 49 0D 00 00 0D DA 
00 FF FF 00 22 0D 22 93 00 00 02 00 00 22 08 4A 0D 00 00 0B CB 
00 FF FF 00 22 0D 22 93 00 00 02 00 00 22 08 4B 0D 00 00 0B 21 
00 FF FF 00 22 0D 22 93 00 00 02 00 00 22 08 4C 0D 00 00 15 CF 
00 FF FF 00 22 0D 22 93 00 00 02 00 00 22 08 4D 0D 00 00 15 C6 
00 FF FF 00 22 0D 22 93 00 00 02 00 00 22 08 4E 0D 00 00 13 66 
00 FF FF 00 22 0D 22 93 00 00 02 00 00 22 08 4F 0D 00 00 0D D3 
00 FF FF 00 22 0D 22 93 00 00 02 00 00 22 08 50 0D 00 00 14 A6 
00 FF FF 00 22 0D 22 93 00 00 02 00 00 22 08 51 0D 00 00 0A A7 
00 FF FF 00 22 0D 22 93 00 00 02 00 00 22 08 52 0D 00 00 15 69 
00 FF FF 00 22 0D 22 93 00 00 02 00 00 22 08 53 0D 00 00 0C 92 
00 FF FF 00 22 0D 22 93 00 00 02 00 00 22 08 54 0D 00 00 0F 87 
00 FF FF 00 22 0D 22 93 00 00 02 00 00 22 08 55 0D 00 00 10 E3 
00 FF FF 00 22 0D 22 93 00 00 02 00 00 22 08 56 0D 00 00 10 8F 
00 FF FF 00 22 0D 22 93 00 00 02 00 00 22 08 57 0D 00 00 0B 82 
00 FF FF 00 22 0D 22 93 00 00 02 00 00 22 08 58 0D 00 00 0D 5F 
00 FF FF 00 22 0D 22 93 00 00 02 00 00 22 08 59 0D 00 00 12 9D 
00 FF FF 00 22 0D 22 93 00 00 02 00 00 22 08 5A 0D 00 00 15 B8 
00 FF FF 00 22 0D 22 93 00 00 02 00 00 22 08 5B 0D 00 00 11 56 
00 FF FF 00 22 0D 22 93 00 00 02 00 00 22 08 5C 0D 00 00 13 D2 
00 FF FF 00 22 0D 22 93 00 00 02 00 00 22 08 5D 0D 00 00 09 E8 
00 FF FF 00 22 0D 22 93 00 00 02 00 00 22 08 5E 0D 00 00 0E 0E 
00 FF FF 00 22 0D 22 93 00 00 02 00 00 22 08 5F 0D 00 00 09 02 
00 FF FF 00 22 0D 22 93 00 00 02 00 00 22 08 60 0D 00 00 0A 60 
00 FF FF 00 22 0D 22 93 00 00 02 00 00 22 08 61 0D 00 00 0B 21 
00 FF FF 00 22 0D 22 93 00 00 02 00 00 22 08 62 0D 00 00 0F 42 
00 FF FF 00 22 0D 22 93 00 00 02 00 00 22 08 63 0D 00 00 15 03 
00 FF FF 00 22 0D 22 93 00 00 02 00 00 22 08 64 0D 00 00 12 3B 
00 FF FF 00 22 0D 22 93 00 00 02 00 00 22 08 65 0D 00 00 13 DA 
00 FF FF 00 22 0D 22 93 00 00 02 00 00 22 08 66 0D 00 00 09 B6 
00 FF FF 00 22 0D 22 93 00 00 02 00 00 22 08 67 0D 00 00 0D 65 
00 FF FF 00 22 0D 22 93 00 00 02 00 00 22 08 68 0D 00 00 22 AE 
00 FF FF 00 22 0D 22 93 00 00 02 00 00 22 08 69 0D 00 00 12 38 
00 FF FF 00 22 0D 22 93 00 00 02 00 00 22 08 6A 0D 00 00 11 FE 
00 FF FF 00 22 0D 22 93 00 00 02 00 00 22 08 6B 0D 00 00 0F E5 
00 FF FF 00 22 0D 22 93 00 00 02 00 00 22 08 6C 0D 00 00 13 9A 
00 FF FF 00 22 0D 22 93 00 00 02 00 00 22 08 6E 0D 00 00 13 E1 
00 FF FF 00 22 0D 22 93 00 00 02 00 00 22 08 6F 0D 00 00 15 67 
00 FF FF 00 22 0D 22 93 00 00 02 00 00 22 08 70 0D 00 00 1B 08 
00 FF FF 00 22 0D 22 93 00 00 02 00 00 22 08 71 0D 00 00 0F B3 
00 FF FF 00 22 0D 22 93 00 00 02 00 00 22 08 72 0D 00 00 12 69 
00 FF FF 00 22 0D 22 93 00 00 02 00 00 22 08 73 0D 00 00 15 51 
00 FF FF 00 22 0D 22 93 00 00 02 00 00 22 08 74 0D 00 00 13 5C 
00 FF FF 00 22 0D 22 93 00 00 02 00 00 22 08 75 0D 00 00 12 BC 
00 FF FF 00 22 0D 22 93 00 00 02 00 00 22 08 76 0D 00 00 13 6A 
00 FF FF 00 22 0D 22 93 00 00 02 00 00 22 08 77 0D 00 00 0C 23 
00 FF FF 00 22 0D 22 93 00 00 02 00 00 22 08 78 0D 00 00 1A E3 
00 FF FF 00 22 0D 22 93 00 00 02 00 00 22 08 79 0D 00 00 19 2F 
00 FF FF 00 22 0D 22 93 00 00 02 00 00 22 08 7A 0D 00 00 0C C7 
00 FF FF 00 22 0D 22 93 00 00 02 00 00 22 08 7B 0D 00 00 10 37 
00 FF FF 00 22 0D 22 93 00 00 02 00 00 22 08 7C 0D 00 00 15 C4 
00 FF FF 00 22 0D 22 93 00 00 02 00 00 22 08 7D 0D 00 00 15 46 
00 FF FF 00 22 0D 22 93 00 00 02 00 00 22 08 7E 0D 00 00 0D BC 
00 FF FF 00 22 0D 22 93 00 00 02 00 00 22 08 7F 0D 00 00 0F EC 
00 FF FF 00 22 0D 22 93 00 00 02 00 00 22 08 80 0D 00 00 14 9C 
00 FF FF 00 22 0D 22 93 00 00 02 00 00 22 08 81 0D 00 00 0E 78 
00 FF FF 00 22 0D 22 93 00 00 02 00 00 22 08 82 0D 00 00 1B 18 
00 FF FF 00 22 0D 22 93 00 00 02 00 00 22 08 83 0D 00 00 11 07 
00 FF FF 00 22 0D 22 93 00 00 02 00 00 22 08 84 0D 00 00 0E 14 
00 FF FF 00 22 0D 22 93 00 00 02 00 00 22 08 85 0D 00 00 14 C0 
00 FF FF 00 22 0D 22 93 00 00 02 00 00 22 08 86 0D 00 00 0E AC 
00 FF FF 00 22 0D 22 93 00 00 02 00 00 22 08 87 0D 00 00 0C 16 
00 FF FF 00 22 0D 22 93 00 00 02 00 00 22 08 88 0D 00 00 12 67 
00 FF FF 00 22 0D 22 93 00 00 02 00 00 22 08 89 0D 00 00 0D 58 
00 FF FF 00 22 0D 22 93 00 00 02 00 00 22 08 8A 0D 00 00 17 6E 
00 FF FF 00 22 0D 22 93 00 00 02 00 00 22 08 8B 0D 00 00 16 20 
00 FF FF 00 22 0D 22 93 00 00 02 00 00 22 08 8C 0D 00 00 0E D4 
00 FF FF 00 22 0D 22 93 00 00 02 00 00 22 08 8D 0D 00 00 0D BC 
00 FF FF 00 22 0D 22 93 00 00 02 00 00 22 08 8E 0D 00 00 0B 23 
00 FF FF 00 22 0D 22 93 00 00 02 00 00 22 08 8F 0D 00 00 11 FD 
00 FF FF 00 22 0D 22 93 00 00 02 00 00 22 08 90 0D 00 00 11 CC 
00 FF FF 00 22 0D 22 93 00 00 02 00 00 22 08 91 0D 00 00 0F 92 
00 FF FF 00 22 0D 22 93 00 00 02 00 00 22 08 92 0D 00 00 17 EA 
00 FF FF 00 22 0D 22 93 00 00 02 00 00 22 08 93 0D 00 00 13 85 
00 FF FF 00 22 0D 22 93 00 00 02 00 00 22 08 94 0D 00 00 1C 06 
00 FF FF 00 22 0D 22 93 00 00 02 00 00 22 08 95 0D 00 00 0D 8F 
00 FF FF 00 22 0D 22 93 00 00 02 00 00 22 08 96 0D 00 00 11 B1 
00 FF FF 00 22 0D 22 93 00 00 02 00 00 22 08 97 0D 00 00 08 D7 
00 FF FF 00 22 0D 22 93 00 00 02 00 00 22 08 98 0D 00 00 0B 2A 
00 FF FF 00 22 0D 22 93 00 00 02 00 00 22 08 99 0D 00 00 10 A5 
00 FF FF 00 22 0D 22 93 00 00 02 00 00 22 08 9A 0D 00 00 16 96 
00 FF FF 00 22 0D 22 93 00 00 02 00 00 22 08 9B 0D 00 00 1D BC 
00 FF FF 00 22 0D 22 93 00 00 02 00 00 22 08 9C 0D 00 00 17 2D 
00 FF FF 00 22 0D 22 93 00 00 02 00 00 22 08 9D 0D 00 00 0F F6 
00 FF FF 00 22 0D 22 93 00 00 02 00 00 22 08 9E 0D 00 00 0E AE 
00 FF FF 00 22 0D 22 93 00 00 02 00 00 22 08 9F 0D 00 00 0C AA 
00 FF FF 00 22 0D 22 93 00 00 02 00 00 22 08 A0 0D 00 00 15 4A 
00 FF FF 00 22 0D 22 93 00 00 02 00 00 22 08 A1 0D 00 00 0C 98 
00 FF FF 00 22 0D 22 93 00 00 02 00 00 22 08 A2 0D 00 00 0F AF 
00 FF FF 00 22 0D 22 93 00 00 02 00 00 22 08 A3 0D 00 00 0B 59 
00 FF FF 00 22 0D 22 93 00 00 02 00 00 22 08 A4 0D 00 00 1B 4D 
00 FF FF 00 22 0D 22 93 00 00 02 00 00 22 08 A5 0D 00 00 12 7E 
00 FF FF 00 22 0D 22 93 00 00 02 00 00 22 08 A6 0D 00 00 0E 7E 
00 FF FF 00 22 0D 22 93 00 00 02 00 00 22 08 A7 0D 00 00 12 47 
00 FF FF 00 22 0D 22 93 00 00 02 00 00 22 08 A8 0D 00 00 12 3B 
00 FF FF 00 22 0D 22 93 00 00 02 00 00 22 08 A9 0D 00 00 0C 4C 
00 FF FF 00 22 0D 22 93 00 00 02 00 00 22 08 AA 0D 00 00 12 11 
00 FF FF 00 22 0D 22 93 00 00 02 00 00 22 08 AB 0D 00 00 15 F5 
00 FF FF 00 22 0D 22 93 00 00 02 00 00 22 08 AC 0D 00 00 19 65 
00 FF FF 00 22 0D 22 93 00 00 02 00 00 22 08 AD 0D 00 00 18 9C 
00 FF FF 00 22 0D 22 93 00 00 02 00 00 22 08 AE 0D 00 00 0A 05 
00 FF FF 00 22 0D 22 93 00 00 02 00 00 22 08 B0 0D 00 00 11 CB 
00 FF FF 00 22 0D 22 93 00 00 02 00 00 22 08 B1 0D 00 00 0D 3C 
00 FF FF 00 22 0D 22 93 00 00 02 00 00 22 08 B2 0D 00 00 14 2A 
00 FF FF 00 22 0D 22 93 00 00 02 00 00 22 08 B3 0D 00 00 14 51 
00 FF FF 00 22 0D 22 93 00 00 02 00 00 22 08 B4 0D 00 00 1C AD 
00 FF FF 00 22 0D 22 93 00 00 02 00 00 22 08 B5 0D 00 00 1B 16 
00 FF FF 00 22 0D 22 93 00 00 02 00 00 22 08 B6 0D 00 00 10 C2 
00 FF FF 00 22 0D 22 93 00 00 02 00 00 22 08 B7 0D 00 00 15 EB 
00 FF FF 00 22 0D 22 93 00 00 02 00 00 22 08 B8 0D 00 00 07 E8 
00 FF FF 00 22 0D 22 93 00 00 02 00 00 22 08 B9 0D 00 00 0E E1 
00 FF FF 00 22 0D 22 93 00 00 02 00 00 22 08 BA 0D 00 00 10 FE 
00 FF FF 00 22 0D 22 93 00 00 02 00 00 22 08 BB 0D 00 00 0F 35 
00 FF FF 00 22 0D 22 93 00 00 02 00 00 22 08 BC 0D 00 00 15 93 
00 FF FF 00 22 0D 22 93 00 00 02 00 00 22 08 BD 0D 00 00 1A 00 
00 FF FF 00 22 0D 22 93 00 00 02 00 00 22 08 BE 0D 00 00 18 3C 
00 FF FF 00 22 0D 22 93 00 00 02 00 00 22 08 BF 0D 00 00 0E 4D 
00 FF FF 00 22 0D 22 93 00 00 02 00 00 22 08 C0 0D 00 00 09 F5 
00 FF FF 00 22 0D 22 93 00 00 02 00 00 22 08 C1 0D 00 00 0B F5 
00 FF FF 00 22 0D 22 93 00 00 02 00 00 22 08 C2 0D 00 00 0E 8D 
00 FF FF 00 22 0D 22 93 00 00 02 00 00 22 08 C3 0D 00 00 12 BA 
00 FF FF 00 22 0D 22 93 00 00 02 00 00 22 08 C4 0D 00 00 12 AB 
00 FF FF 00 22 0D 22 93 00 00 02 00 00 22 08 C5 0D 00 00 1A 56 
00 FF FF 00 22 0D 22 93 00 00 02 00 00 22 08 C6 0D 00 00 18 CE 
00 FF FF 00 22 0D 22 93 00 00 02 00 00 22 08 C7 0D 00 00 13 59 
00 FF FF 00 22 0D 22 93 00 00 02 00 00 22 08 C8 0D 00 00 0E 80 
00 FF FF 00 22 0D 22 93 00 00 02 00 00 22 08 CA 0D 00 00 10 92 
00 FF FF 00 22 0D 22 93 00 00 02 00 00 22 08 CB 0D 00 00 11 04 
00 FF FF 00 22 0D 22 93 00 00 02 00 00 22 08 CC 0D 00 00 12 F4 
00 FF FF 00 22 0D 22 93 00 00 02 00 00 22 08 CD 0D 00 00 16 FE 
00 FF FF 00 22 0D 22 93 00 00 02 00 00 22 08 CE 0D 00 00 19 69 
00 FF FF 00 22 0D 22 93 00 00 02 00 00 22 08 CF 0D 00 00 0C 52 
00 FF FF 00 22 0D 22 93 00 00 02 00 00 22 08 D0 0D 00 00 09 B6 
00 FF FF 00 22 0D 22 93 00 00 02 00 00 22 08 D1 0D 00 00 0B 9E 
00 FF FF 00 22 0D 22 93 00 00 02 00 00 22 08 D2 0D 00 00 0D 51 
00 FF FF 00 22 0D 22 93 00 00 02 00 00 22 08 D3 0D 00 00 0C 93 
00 FF FF 00 22 0D 22 93 00 00 02 00 00 22 08 D4 0D 00 00 1E B8 
00 FF FF 00 22 0D 22 93 00 00 02 00 00 22 08 D5 0D 00 00 08 CA 
00 FF FF 00 22 0D 22 93 00 00 02 00 00 22 08 D6 0D 00 00 1A 2E 
00 FF FF 00 22 0D 22 93 00 00 02 00 00 22 08 D7 0D 00 00 11 B9 
00 FF FF 00 22 0D 22 93 00 00 02 00 00 22 08 D8 0D 00 00 0C CC 
00 FF FF 00 22 0D 22 93 00 00 02 00 00 22 08 D9 0D 00 00 0A 53 
00 FF FF 00 22 0D 22 93 00 00 02 00 00 22 08 DA 0D 00 00 0B 7B 
00 FF FF 00 22 0D 22 93 00 00 02 00 00 22 08 DB 0D 00 00 09 25 
00 FF FF 00 22 0D 22 93 00 00 02 00 00 22 08 DC 0D 00 00 17 FE 
00 FF FF 00 22 0D 22 93 00 00 02 00 00 22 08 DD 0D 00 00 1D A5 
00 FF FF 00 22 0D 22 93 00 00 02 00 00 22 08 DE 0D 00 00 1D A6 
00 FF FF 00 22 0D 22 93 00 00 02 00 00 22 08 DF 0D 00 00 19 CA 
00 FF FF 00 22 0D 22 93 00 00 02 00 00 22 08 E0 0D 00 00 10 81 
00 FF FF 00 22 0D 22 93 00 00 02 00 00 22 08 E1 0D 00 00 0B D6 
00 FF FF 00 22 0D 22 93 00 00 02 00 00 22 08 E2 0D 00 00 0E 0D 
00 FF FF 00 22 0D 22 93 00 00 02 00 00 22 08 E3 0D 00 00 0D 36 
00 FF FF 00 22 0D 22 93 00 00 02 00 00 22 08 E4 0D 00 00 0E FF 
00 FF FF 00 22 0D 22 93 00 00 02 00 00 22 08 E6 0D 00 00 16 4D 
00 FF FF 00 22 0D 22 93 00 00 02 00 00 22 08 E7 0D 00 00 13 E6 
00 FF FF 00 22 0D 22 93 00 00 02 00 00 22 08 E8 0D 00 00 0B B3 
00 FF FF 00 22 0D 22 93 00 00 02 00 00 22 08 E9 0D 00 00 0B 90 
00 FF FF 00 22 0D 22 93 00 00 02 00 00 22 08 EA 0D 00 00 08 22 
00 FF FF 00 22 0D 22 93 00 00 02 00 00 22 08 EB 0D 00 00 0C 43 
00 FF FF 00 22 0D 22 93 00 00 02 00 00 22 08 EC 0D 00 00 0A 66 
00 FF FF 00 22 0D 22 93 00 00 02 00 00 22 08 ED 0D 00 00 11 00 
00 FF FF 00 22 0D 22 93 00 00 02 00 00 22 08 EE 0D 00 00 11 14 
00 FF FF 00 22 0D 22 93 00 00 02 00 00 22 08 EF 0D 00 00 18 FC 
00 FF FF 00 22 0D 22 93 00 00 02 00 00 22 08 F0 0D 00 00 0D 0B 
00 FF FF 00 22 0D 22 93 00 00 02 00 00 22 08 F1 0D 00 00 0D FC 
00 FF FF 00 22 0D 22 93 00 00 02 00 00 22 08 F2 0D 00 00 0D 15 
00 FF FF 00 22 0D 22 93 00 00 02 00 00 22 08 F3 0D 00 00 0A B2 
00 FF FF 00 22 0D 22 93 00 00 02 00 00 22 08 F4 0D 00 00 0A D3 
00 FF FF 00 22 0D 22 93 00 00 02 00 00 22 08 F5 0D 00 00 0E A7 
00 FF FF 00 22 0D 22 93 00 00 02 00 00 22 08 F6 0D 00 00 16 B5 
00 FF FF 00 22 0D 22 93 00 00 02 00 00 22 08 F7 0D 00 00 26 DE 
00 FF FF 00 22 0D 22 93 00 00 02 00 00 22 08 F8 0D 00 00 16 02 
00 FF FF 00 22 0D 22 93 00 00 02 00 00 22 08 F9 0D 00 00 17 0E 
00 FF FF 00 22 0D 22 93 00 00 02 00 00 22 08 FA 0D 00 00 0E 1B 
00 FF FF 00 22 0D 22 93 00 00 02 00 00 22 08 FB 0D 00 00 0D 75 
00 FF FF 00 22 0D 22 93 00 00 02 00 00 22 08 FC 0D 00 00 0B 85 
00 FF FF 00 22 0D 22 93 00 00 02 00 00 22 08 FD 0D 00 00 14 D2 
00 FF FF 00 22 0D 22 93 00 00 02 00 00 22 08 FE 0D 00 00 0D AD 
00 FF FF 00 22 0D 22 93 00 00 02 00 00 22 08 FF 0D 00 00 0C 46 
00 FF FF 00 22 0D 22 93 00 00 02 00 00 22 09 00 0D 00 00 27 EE 
00 FF FF 00 22 0D 22 93 00 00 02 00 00 22 09 01 0D 00 00 0B 71 
00 FF FF 00 22 0D 22 93 00 00 02 00 00 22 09 02 0D 00 00 0F 84 
00 FF FF 00 22 0D 22 93 00 00 02 00 00 22 09 03 0D 00 00 0F 26 
00 FF FF 00 22 0D 22 93 00 00 02 00 00 22 09 04 0D 00 00 0E F5 
00 FF FF 00 22 0D 22 93 00 00 02 00 00 22 09 05 0D 00 00 0D 2D 
00 FF FF 00 22 0D 22 93 00 00 02 00 00 22 09 06 0D 00 00 12 BC 
00 FF FF 00 22 0D 22 93 00 00 02 00 00 22 09 07 0D 00 00 0E 30 
00 FF FF 00 22 0D 22 93 00 00 02 00 00 22 09 08 0D 00 00 0F 7C 
00 FF FF 00 22 0D 22 93 00 00 02 00 00 22 09 09 0D 00 00 12 E2 
00 FF FF 00 22 0D 22 93 00 00 02 00 00 22 09 0A 0D 00 00 10 43 
00 FF FF 00 22 0D 22 93 00 00 02 00 00 22 09 0B 0D 00 00 11 82 
00 FF FF 00 22 0D 22 93 00 00 02 00 00 22 09 0C 0D 00 00 0E 25 
00 FF FF 00 22 0D 22 93 00 00 02 00 00 22 09 0D 0D 00 00 11 5D 
00 FF FF 00 22 0D 22 93 00 00 02 00 00 22 09 0E 0D 00 00 15 00 
00 FF FF 00 22 0D 22 93 00 00 02 00 00 22 09 0F 0D 00 00 0F B3 
00 FF FF 00 22 0D 22 93 00 00 02 00 00 22 09 10 0D 00 00 0F 8E 
00 FF FF 00 22 0D 22 93 00 00 02 00 00 22 09 11 0D 00 00 17 F3 
00 FF FF 00 22 0D 22 93 00 00 02 00 00 22 09 12 0D 00 00 12 60 
00 FF FF 00 22 0D 22 93 00 00 02 00 00 22 09 13 0D 00 00 0B E4 
00 FF FF 00 22 0D 22 93 00 00 02 00 00 22 09 14 0D 00 00 0E 3C 
00 FF FF 00 22 0D 22 93 00 00 02 00 00 22 09 15 0D 00 00 0B DB 
00 FF FF 00 22 0D 22 93 00 00 02 00 00 22 09 16 0D 00 00 0D 80 
00 FF FF 00 22 0D 22 93 00 00 02 00 00 22 09 17 0D 00 00 1B 13 
00 FF FF 00 22 0D 22 93 00 00 02 00 00 22 09 18 0D 00 00 17 2C 
00 FF FF 00 22 0D 22 93 00 00 02 00 00 22 09 19 0D 00 00 15 27 
00 FF FF 00 22 0D 22 93 00 00 02 00 00 22 09 1A 0D 00 00 09 73 
00 FF FF 00 22 0D 22 93 00 00 02 00 00 22 09 1B 0D 00 00 12 DF 
00 FF FF 00 22 0D 22 93 00 00 02 00 00 22 09 1C 0D 00 00 11 12 
00 FF FF 00 22 0D 22 93 00 00 02 00 00 22 09 1D 0D 00 00 0D 1B 
00 FF FF 00 22 0D 22 93 00 00 02 00 00 22 09 1E 0D 00 00 15 23 
00 FF FF 00 22 0D 22 93 00 00 02 00 00 22 09 1F 0D 00 00 25 8F 
00 FF FF 00 22 0D 22 93 00 00 02 00 00 22 09 20 0D 00 00 24 44 
00 FF FF 00 22 0D 22 93 00 00 02 00 00 22 09 21 0D 00 00 1A 72 
00 FF FF 00 22 0D 22 93 00 00 02 00 00 22 09 22 0D 00 00 0E 07 
00 FF FF 00 22 0D 22 93 00 00 02 00 00 22 09 23 0D 00 00 0D A6 
00 FF FF 00 22 0D 22 93 00 00 02 00 00 22 09 24 0D 00 00 08 6B 
00 FF FF 00 22 0D 22 93 00 00 02 00 00 22 09 25 0D 00 00 0B 2A 
00 FF FF 00 22 0D 22 93 00 00 02 00 00 22 09 26 0D 00 00 10 42 
00 FF FF 00 22 0D 22 93 00 00 02 00 00 22 09 27 0D 00 00 0F 58 
00 FF FF 00 22 0D 22 93 00 00 02 00 00 22 09 28 0D 00 00 18 A2 
00 FF FF 00 22 0D 22 93 00 00 02 00 00 22 09 29 0D 00 00 15 8A 
00 FF FF 00 22 0D 22 93 00 00 02 00 00 22 09 2A 0D 00 00 12 CF 
00 FF FF 00 22 0D 22 93 00 00 02 00 00 22 09 2B 0D 00 00 11 CF 
00 FF FF 00 22 0D 22 93 00 00 02 00 00 22 09 2C 0D 00 00 09 E7 
00 FF FF 00 22 0D 22 93 00 00 02 00 00 22 09 2D 0D 00 00 0A BB 
00 FF FF 00 22 0D 22 93 00 00 02 00 00 22 09 2E 0D 00 00 0D 06 
00 FF FF 00 22 0D 22 93 00 00 02 00 00 22 09 2F 0D 00 00 0C D2 
00 FF FF 00 22 0D 22 93 00 00 02 00 00 22 09 30 0D 00 00 0C 13 
00 FF FF 00 22 0D 22 93 00 00 02 00 00 22 09 31 0D 00 00 16 EA 
00 FF FF 00 22 0D 22 93 00 00 02 00 00 22 09 32 0D 00 00 14 6D 
00 FF FF 00 22 0D 22 93 00 00 02 00 00 22 09 33 0D 00 00 10 54 
00 FF FF 00 22 0D 22 93 00 00 02 00 00 22 09 34 0D 00 00 15 94 
00 FF FF 00 22 0D 22 93 00 00 02 00 00 22 09 35 0D 00 00 15 5E 
00 FF FF 00 22 0D 22 93 00 00 02 00 00 22 09 36 0D 00 00 11 95 
00 FF FF 00 22 0D 22 93 00 00 02 00 00 22 09 37 0D 00 00 11 95 
00 FF FF 00 22 0D 22 93 00 00 02 00 00 22 09 38 0D 00 00 1E 39 
00 FF FF 00 22 0D 22 93 00 00 02 00 00 22 09 39 0D 00 00 0B 0F 
00 FF FF 00 22 0D 22 93 00 00 02 00 00 22 09 3A 0D 00 00 08 10 
00 FF FF 00 22 0D 22 93 00 00 02 00 00 22 09 3B 0D 00 00 0C 86 
00 FF FF 00 22 0D 22 93 00 00 02 00 00 22 09 3C 0D 00 00 10 50 
00 FF FF 00 22 0D 22 93 00 00 02 00 00 22 09 3D 0D 00 00 14 98 
00 FF FF 00 22 0D 22 93 00 00 02 00 00 22 09 3E 0D 00 00 13 3B 
00 FF FF 00 22 0D 22 93 00 00 02 00 00 22 09 3F 0D 00 00 0D 94 
00 FF FF 00 22 0D 22 93 00 00 02 00 00 22 09 40 0D 00 00 19 E1 
00 FF FF 00 22 0D 22 93 00 00 02 00 00 22 09 41 0D 00 00 18 B5 
00 FF FF 00 22 0D 22 93 00 00 02 00 00 22 09 42 0D 00 00 0B E5 
00 FF FF 00 22 0D 22 93 00 00 02 00 00 22 09 43 0D 00 00 0D 3C 
00 FF FF 00 22 0D 22 93 00 00 02 00 00 22 09 44 0D 00 00 0B 0E 
00 FF FF 00 22 0D 22 93 00 00 02 00 00 22 09 45 0D 00 00 13 5C 
00 FF FF 00 22 0D 22 93 00 00 02 00 00 22 09 46 0D 00 00 11 83 
00 FF FF 00 22 0D 22 93 00 00 02 00 00 22 09 47 0D 00 00 0D 2C 
00 FF FF 00 22 0D 22 93 00 00 02 00 00 22 09 48 0D 00 00 0D D2 
00 FF FF 00 22 0D 22 93 00 00 02 00 00 22 09 49 0D 00 00 16 BE 
00 FF FF 00 22 0D 22 93 00 00 02 00 00 22 09 4A 0D 00 00 10 41 
00 FF FF 00 22 0D 22 93 00 00 02 00 00 22 09 4B 0D 00 00 0D 27 
00 FF FF 00 22 0D 22 93 00 00 02 00 00 22 09 4C 0D 00 00 15 78 
00 FF FF 00 22 0D 22 93 00 00 02 00 00 22 09 4D 0D 00 00 16 63 
00 FF FF 00 22 0D 22 93 00 00 02 00 00 22 09 4E 0D 00 00 09 41 
00 FF FF 00 22 0D 22 93 00 00 02 00 00 22 09 4F 0D 00 00 0D 73 
00 FF FF 00 22 0D 22 93 00 00 02 00 00 22 09 50 0D 00 00 18 C5 
00 FF FF 00 22 0D 22 93 00 00 02 00 00 22 09 51 0D 00 00 18 37 
00 FF FF 00 22 0D 22 93 00 00 02 00 00 22 09 52 0D 00 00 12 A5 
00 FF FF 00 22 0D 22 93 00 00 02 00 00 22 09 53 0D 00 00 11 4E 
00 FF FF 00 22 0D 22 93 00 00 02 00 00 22 09 55 0D 00 00 0A D2 
00 FF FF 00 22 0D 22 93 00 00 02 00 00 22 09 56 0D 00 00 11 68 
00 FF FF 00 22 0D 22 93 00 00 02 00 00 22 09 57 0D 00 00 0F 65 
00 FF FF 00 22 0D 22 93 00 00 02 00 00 22 09 58 0D 00 00 12 88 
00 FF FF 00 22 0D 22 93 00 00 02 00 00 22 09 59 0D 00 00 16 BC 
00 FF FF 00 22 0D 22 93 00 00 02 00 00 22 09 5A 0D 00 00 0E 2E 
00 FF FF 00 22 0D 22 93 00 00 02 00 00 22 09 5B 0D 00 00 0C 5B 
00 FF FF 00 22 0D 22 93 00 00 02 00 00 22 09 5C 0D 00 00 11 2E 
00 FF FF 00 22 0D 22 93 00 00 02 00 00 22 09 5D 0D 00 00 0B 50 
00 FF FF 00 22 0D 22 93 00 00 02 00 00 22 09 5E 0D 00 00 16 DA 
00 FF FF 00 22 0D 22 93 00 00 02 00 00 22 09 5F 0D 00 00 0D 94 
00 FF FF 00 22 0D 22 93 00 00 02 00 00 22 09 60 0D 00 00 10 0F 
00 FF FF 00 22 0D 22 93 00 00 02 00 00 22 09 61 0D 00 00 14 2B 
00 FF FF 00 22 0D 22 93 00 00 02 00 00 22 09 62 0D 00 00 0B 84 
00 FF FF 00 22 0D 22 93 00 00 02 00 00 22 09 63 0D 00 00 0D 5B 
00 FF FF 00 22 0D 22 93 00 00 02 00 00 22 09 64 0D 00 00 13 EA 
00 FF FF 00 22 0D 22 93 00 00 02 00 00 22 09 65 0D 00 00 15 A7 
00 FF FF 00 22 0D 22 93 00 00 02 00 00 22 09 66 0D 00 00 12 27 
00 FF FF 00 22 0D 22 93 00 00 02 00 00 22 09 67 0D 00 00 0B 3A 
00 FF FF 00 22 0D 22 93 00 00 02 00 00 22 09 68 0D 00 00 0C 34 
00 FF FF 00 22 0D 22 93 00 00 02 00 00 22 09 69 0D 00 00 0E B6 
00 FF FF 00 22 0D 22 93 00 00 02 00 00 22 09 6A 0D 00 00 10 43 
00 FF FF 00 22 0D 22 93 00 00 02 00 00 22 09 6B 0D 00 00 10 A8 
00 FF FF 00 22 0D 22 93 00 00 02 00 00 22 09 6C 0D 00 00 0F D3 
00 FF FF 00 22 0D 22 93 00 00 02 00 00 22 09 6D 0D 00 00 11 14 
00 FF FF 00 22 0D 22 93 00 00 02 00 00 22 09 6E 0D 00 00 0C 67 
00 FF FF 00 22 0D 22 93 00 00 02 00 00 22 09 6F 0D 00 00 16 0B 
00 FF FF 00 22 0D 22 93 00 00 02 00 00 22 09 70 0D 00 00 0D 83 
00 FF FF 00 22 0D 22 93 00 00 02 00 00 22 09 71 0D 00 00 0F 13 
00 FF FF 00 22 0D 22 93 00 00 02 00 00 22 09 72 0D 00 00 0B 1A 
00 FF FF 00 22 0D 22 93 00 00 02 00 00 22 09 73 0D 00 00 0B 2D 
00 FF FF 00 22 0D 22 93 00 00 02 00 00 22 09 74 0D 00 00 0D 96 
00 FF FF 00 22 0D 22 93 00 00 02 00 00 22 09 76 0D 00 00 0A DB 
00 FF FF 00 22 0D 22 93 00 00 02 00 00 22 09 77 0D 00 00 12 C8 
00 FF FF 00 22 0D 22 93 00 00 02 00 00 22 09 78 0D 00 00 0B 42 
00 FF FF 00 22 0D 22 93 00 00 02 00 00 22 09 79 0D 00 00 0C 2F 
00 FF FF 00 22 0D 22 93 00 00 02 00 00 22 09 7A 0D 00 00 0B B6 
00 FF FF 00 22 0D 22 93 00 00 02 00 00 22 09 7B 0D 00 00 0E B5 
00 FF FF 00 22 0D 22 93 00 00 02 00 00 22 09 7C 0D 00 00 0F 18 
00 FF FF 00 22 0D 22 93 00 00 02 00 00 22 09 7D 0D 00 00 13 35 
00 FF FF 00 22 0D 22 93 00 00 02 00 00 22 09 7E 0D 00 00 0C A5 
00 FF FF 00 22 0D 22 93 00 00 02 00 00 22 09 7F 0D 00 00 12 8F 
00 FF FF 00 22 0D 22 93 00 00 02 00 00 22 09 80 0D 00 00 15 C3 
00 FF FF 00 22 0D 22 93 00 00 02 00 00 22 09 81 0D 00 00 0D E8 
00 FF FF 00 22 0D 22 93 00 00 02 00 00 22 09 82 0D 00 00 0A 0E 
00 FF FF 00 22 0D 22 93 00 00 02 00 00 22 09 83 0D 00 00 0C FF 
00 FF FF 00 22 0D 22 93 00 00 02 00 00 22 09 84 0D 00 00 0D A6 
00 FF FF 00 22 0D 22 93 00 00 02 00 00 22 09 86 0D 00 00 10 BB 
00 FF FF 00 22 0D 22 93 00 00 02 00 00 22 09 88 0D 00 00 0D 95 
00 FF FF 00 22 0D 22 93 00 00 02 00 00 22 09 89 0D 00 00 12 84 
00 FF FF 00 22 0D 22 93 00 00 02 00 00 22 09 8A 0D 00 00 11 51 
00 FF FF 00 22 0D 22 93 00 00 02 00 00 22 09 8B 0D 00 00 09 2C 
00 FF FF 00 22 0D 22 93 00 00 02 00 00 22 09 8C 0D 00 00 0E AE 
00 FF FF 00 22 0D 22 93 00 00 02 00 00 22 09 8D 0D 00 00 0C 58 
00 FF FF 00 22 0D 22 93 00 00 02 00 00 22 09 8F 0D 00 00 0E F3 
00 FF FF 00 22 0D 22 93 00 00 02 00 00 22 09 90 0D 00 00 16 12 
00 FF FF 00 22 0D 22 93 00 00 02 00 00 22 09 91 0D 00 00 16 3F 
00 FF FF 00 22 0D 22 93 00 00 02 00 00 22 09 92 0D 00 00 17 2A 
00 FF FF 00 22 0D 22 93 00 00 02 00 00 22 09 93 0D 00 00 15 27 
00 FF FF 00 22 0D 22 93 00 00 02 00 00 22 09 96 0D 00 00 0A 2C 
00 FF FF 00 22 0D 22 93 00 00 02 00 00 22 09 97 0D 00 00 08 6A 
00 FF FF 00 22 0D 22 93 00 00 02 00 00 22 09 98 0D 00 00 11 C1 
00 FF FF 00 22 0D 22 93 00 00 02 00 00 22 09 99 0D 00 00 15 17 
00 FF FF 00 22 0D 22 93 00 00 02 00 00 22 09 9A 0D 00 00 13 36 
00 FF FF 00 22 0D 22 93 00 00 02 00 00 22 09 9B 0D 00 00 0A 0A 
00 FF FF 00 22 0D 22 93 00 00 02 00 00 22 09 9C 0D 00 00 12 8C 
00 FF FF 00 22 0D 22 93 00 00 02 00 00 22 09 9E 0D 00 00 0C BE 
00 FF FF 00 22 0D 22 93 00 00 02 00 00 22 09 9F 0D 00 00 08 BA 
00 FF FF 00 22 0D 22 93 00 00 02 00 00 22 09 A0 0D 00 00 11 82 
00 FF FF 00 22 0D 22 93 00 00 02 00 00 22 09 A1 0D 00 00 14 36 
00 FF FF 00 22 0D 22 93 00 00 02 00 00 22 09 A2 0D 00 00 16 A6 
00 FF FF 00 22 0D 22 93 00 00 02 00 00 22 09 A3 0D 00 00 14 12 
00 FF FF 00 22 0D 22 93 00 00 02 00 00 22 09 A4 0D 00 00 0B BB 
00 FF FF 00 22 0D 22 93 00 00 02 00 00 22 09 A5 0D 00 00 0F AD 
00 FF FF 00 22 0D 22 93 00 00 02 00 00 22 09 A6 0D 00 00 0B 7D 
00 FF FF 00 22 0D 22 93 00 00 02 00 00 22 09 A7 0D 00 00 0C 8B 
00 FF FF 00 22 0D 22 93 00 00 02 00 00 22 09 A8 0D 00 00 14 31 
00 FF FF 00 22 0D 22 93 00 00 02 00 00 22 09 A9 0D 00 00 0D 59 
00 FF FF 00 22 0D 22 93 00 00 02 00 00 22 09 AA 0D 00 00 0A E5 
00 FF FF 00 22 0D 22 93 00 00 02 00 00 22 09 AB 0D 00 00 0A 33 
00 FF FF 00 22 0D 22 93 00 00 02 00 00 22 09 AC 0D 00 00 0E AC 
00 FF FF 00 22 0D 22 93 00 00 02 00 00 22 09 AD 0D 00 00 0C 63 
00 FF FF 00 22 0D 22 93 00 00 02 00 00 22 09 AE 0D 00 00 09 6B 
00 FF FF 00 22 0D 22 93 00 00 02 00 00 22 09 AF 0D 00 00 0A 70 
00 FF FF 00 22 0D 22 93 00 00 02 00 00 22 09 B0 0D 00 00 0A 7D 
00 FF FF 00 22 0D 22 93 00 00 02 00 00 22 09 B1 0D 00 00 12 37 
00 FF FF 00 22 0D 22 93 00 00 02 00 00 22 09 B2 0D 00 00 0B 93 
00 FF FF 00 22 0D 22 93 00 00 02 00 00 22 09 B4 0D 00 00 13 7C 
00 FF FF 00 22 0D 22 93 00 00 02 00 00 22 09 B5 0D 00 00 0E 6F 
00 FF FF 00 22 0D 22 93 00 00 02 00 00 22 09 B6 0D 00 00 0F EA 
00 FF FF 00 22 0D 22 93 00 00 02 00 00 22 09 B7 0D 00 00 0F A5 
00 FF FF 00 22 0D 22 93 00 00 02 00 00 22 09 B8 0D 00 00 12 44 
00 FF FF 00 22 0D 22 93 00 00 02 00 00 22 09 B9 0D 00 00 14 4C 
00 FF FF 00 22 0D 22 93 00 00 02 00 00 22 09 BA 0D 00 00 10 BA 
00 FF FF 00 22 0D 22 93 00 00 02 00 00 22 09 BB 0D 00 00 12 5D 
00 FF FF 00 22 0D 22 93 00 00 02 00 00 22 09 BC 0D 00 00 17 5F 
00 FF FF 00 22 0D 22 93 00 00 02 00 00 22 09 BD 0D 00 00 09 A0 
00 FF FF 00 22 0D 22 93 00 00 02 00 00 22 09 BE 0D 00 00 10 A2 
00 FF FF 00 22 0D 22 93 00 00 02 00 00 22 09 BF 0D 00 00 11 77 
00 FF FF 00 22 0D 22 93 00 00 02 00 00 22 09 C0 0D 00 00 11 9D 
00 FF FF 00 22 0D 22 93 00 00 02 00 00 22 09 C1 0D 00 00 12 98 
00 FF FF 00 22 0D 22 93 00 00 02 00 00 22 09 C2 0D 00 00 14 A1 
00 FF FF 00 22 0D 22 93 00 00 02 00 00 22 09 C3 0D 00 00 0E F5 
00 FF FF 00 22 0D 22 93 00 00 02 00 00 22 09 C4 0D 00 00 0D F1 
00 FF FF 00 22 0D 22 93 00 00 02 00 00 22 09 C5 0D 00 00 14 9E 
00 FF FF 00 22 0D 22 93 00 00 02 00 00 22 09 C6 0D 00 00 15 32 
00 FF FF 00 22 0D 22 93 00 00 02 00 00 22 09 C7 0D 00 00 11 97 
00 FF FF 00 22 0D 22 93 00 00 02 00 00 22 09 C8 0D 00 00 11 25 
00 FF FF 00 22 0D 22 93 00 00 02 00 00 22 09 C9 0D 00 00 08 7D 
00 FF FF 00 22 0D 22 93 00 00 02 00 00 22 09 CA 0D 00 00 1D 35 
00 FF FF 00 22 0D 22 93 00 00 02 00 00 22 09 CB 0D 00 00 0C 03 
00 FF FF 00 22 0D 22 93 00 00 02 00 00 22 09 CC 0D 00 00 0D DA 
00 FF FF 00 22 0D 22 93 00 00 02 00 00 22 09 CD 0D 00 00 0B AC 
00 FF FF 00 22 0D 22 93 00 00 02 00 00 22 09 CE 0D 00 00 18 AE 
00 FF FF 00 22 0D 22 93 00 00 02 00 00 22 09 CF 0D 00 00 11 B3 
00 FF FF 00 22 0D 22 93 00 00 02 00 00 22 09 D0 0D 00 00 11 01 
00 FF FF 00 22 0D 22 93 00 00 02 00 00 22 09 D1 0D 00 00 10 F5 
00 FF FF 00 22 0D 22 93 00 00 02 00 00 22 09 D2 0D 00 00 15 94 
00 FF FF 00 22 0D 22 93 00 00 02 00 00 22 09 D3 0D 00 00 15 6B 
00 FF FF 00 22 0D 22 93 00 00 02 00 00 22 09 D4 0D 00 00 13 3A 
00 FF FF 00 22 0D 22 93 00 00 02 00 00 22 09 D5 0D 00 00 10 69 
00 FF FF 00 22 0D 22 93 00 00 02 00 00 22 09 D6 0D 00 00 18 97 
00 FF FF 00 22 0D 22 93 00 00 02 00 00 22 09 D7 0D 00 00 1D 4A 
00 FF FF 00 22 0D 22 93 00 00 02 00 00 22 09 D8 0D 00 00 14 9E 
