00 FF FF 00 22 0D 22 93 00 00 02 00 00 22 10 48 0D 00 00 11 32 
00 FF FF 00 22 0D 22 93 00 00 02 00 00 22 10 49 0D 00 00 09 80 
00 FF FF 00 22 0D 22 93 00 00 02 00 00 22 10 4A 0D 00 00 09 8F 
00 FF FF 00 22 0D 22 93 00 00 02 00 00 22 10 4B 0D 00 00 10 B8 
00 FF FF 00 22 0D 22 93 00 00 02 00 00 22 10 4C 0D 00 00 0A 52 
00 FF FF 00 22 0D 22 93 00 00 02 00 00 22 10 4D 0D 00 00 16 72 
00 FF FF 00 22 0D 22 93 00 00 02 00 00 22 10 4E 0D 00 00 23 92 
00 FF FF 00 22 0D 22 93 00 00 02 00 00 22 10 4F 0D 00 00 17 E3 
00 FF FF 00 22 0D 22 93 00 00 02 00 00 22 10 50 0D 00 00 0B 08 
00 FF FF 00 22 0D 22 93 00 00 02 00 00 22 10 51 0D 00 00 12 9B 
00 FF FF 00 22 0D 22 93 00 00 02 00 00 22 10 52 0D 00 00 09 4F 
00 FF FF 00 22 0D 22 93 00 00 02 00 00 22 10 53 0D 00 00 09 47 
00 FF FF 00 22 0D 22 93 00 00 02 00 00 22 10 54 0D 00 00 0C 9F 
00 FF FF 00 22 0D 22 93 00 00 02 00 00 22 10 55 0D 00 00 0C F1 
00 FF FF 00 22 0D 22 93 00 00 02 00 00 22 10 56 0D 00 00 0C 86 
00 FF FF 00 22 0D 22 93 00 00 02 00 00 22 10 57 0D 00 00 07 ED 
00 FF FF 00 22 0D 22 93 00 00 02 00 00 22 10 58 0D 00 00 10 B6 
00 FF FF 00 22 0D 22 93 00 00 02 00 00 22 10 59 0D 00 00 08 38 
00 FF FF 00 22 0D 22 93 00 00 02 00 00 22 10 5A 0D 00 00 0C 66 
00 FF FF 00 22 0D 22 93 00 00 02 00 00 22 10 5B 0D 00 00 0F AD 
00 FF FF 00 22 0D 22 93 00 00 02 00 00 22 10 5C 0D 00 00 11 3F 
00 FF FF 00 22 0D 22 93 00 00 02 00 00 22 10 5D 0D 00 00 0B 84 
00 FF FF 00 22 0D 22 93 00 00 02 00 00 22 10 5E 0D 00 00 09 9D 
00 FF FF 00 22 0D 22 93 00 00 02 00 00 22 10 5F 0D 00 00 0D 59 
00 FF FF 00 22 0D 22 93 00 00 02 00 00 22 10 61 0D 00 00 0C 1D 
00 FF FF 00 22 0D 22 93 00 00 02 00 00 22 10 62 0D 00 00 12 2D 
00 FF FF 00 22 0D 22 93 00 00 02 00 00 22 10 63 0D 00 00 08 51 
00 FF FF 00 22 0D 22 93 00 00 02 00 00 22 10 64 0D 00 00 0C 9E 
00 FF FF 00 22 0D 22 93 00 00 02 00 00 22 10 65 0D 00 00 08 F2 
00 FF FF 00 22 0D 22 93 00 00 02 00 00 22 10 66 0D 00 00 07 E6 
00 FF FF 00 22 0D 22 93 00 00 02 00 00 22 10 67 0D 00 00 09 1F 
00 FF FF 00 22 0D 22 93 00 00 02 00 00 22 10 68 0D 00 00 12 6B 
00 FF FF 00 22 0D 22 93 00 00 02 00 00 22 10 69 0D 00 00 08 39 
00 FF FF 00 22 0D 22 93 00 00 02 00 00 22 10 6A 0D 00 00 0C 1E 
00 FF FF 00 22 0D 22 93 00 00 02 00 00 22 10 6B 0D 00 00 08 09 
00 FF FF 00 22 0D 22 93 00 00 02 00 00 22 10 6C 0D 00 00 09 6D 
00 FF FF 00 22 0D 22 93 00 00 02 00 00 22 10 6D 0D 00 00 09 18 
00 FF FF 00 22 0D 22 93 00 00 02 00 00 22 10 6E 0D 00 00 0D B3 
00 FF FF 00 22 0D 22 93 00 00 02 00 00 22 10 6F 0D 00 00 0A C1 
00 FF FF 00 22 0D 22 93 00 00 02 00 00 22 10 70 0D 00 00 08 D3 
00 FF FF 00 22 0D 22 93 00 00 02 00 00 22 10 71 0D 00 00 0F 1B 
00 FF FF 00 22 0D 22 93 00 00 02 00 00 22 10 72 0D 00 00 0A 25 
00 FF FF 00 22 0D 22 93 00 00 02 00 00 22 10 73 0D 00 00 0D 8B 
00 FF FF 00 22 0D 22 93 00 00 02 00 00 22 10 74 0D 00 00 15 6D 
00 FF FF 00 22 0D 22 93 00 00 02 00 00 22 10 75 0D 00 00 15 30 
00 FF FF 00 22 0D 22 93 00 00 02 00 00 22 10 76 0D 00 00 15 5B 
00 FF FF 00 22 0D 22 93 00 00 02 00 00 22 10 77 0D 00 00 0B CA 
00 FF FF 00 22 0D 22 93 00 00 02 00 00 22 10 78 0D 00 00 0C E8 
00 FF FF 00 22 0D 22 93 00 00 02 00 00 22 10 79 0D 00 00 26 EB 
00 FF FF 00 22 0D 22 93 00 00 02 00 00 22 10 7A 0D 00 00 0E 2C 
00 FF FF 00 22 0D 22 93 00 00 02 00 00 22 10 7B 0D 00 00 07 DD 
00 FF FF 00 22 0D 22 93 00 00 02 00 00 22 10 7C 0D 00 00 08 05 
00 FF FF 00 22 0D 22 93 00 00 02 00 00 22 10 7D 0D 00 00 0A E5 
00 FF FF 00 22 0D 22 93 00 00 02 00 00 22 10 7E 0D 00 00 0B CD 
00 FF FF 00 22 0D 22 93 00 00 02 00 00 22 10 7F 0D 00 00 09 1C 
00 FF FF 00 22 0D 22 93 00 00 02 00 00 22 10 80 0D 00 00 12 3B 
00 FF FF 00 22 0D 22 93 00 00 02 00 00 22 10 81 0D 00 00 0E 08 
00 FF FF 00 22 0D 22 93 00 00 02 00 00 22 10 82 0D 00 00 09 BC 
00 FF FF 00 22 0D 22 93 00 00 02 00 00 22 10 83 0D 00 00 0A 7D 
00 FF FF 00 22 0D 22 93 00 00 02 00 00 22 10 84 0D 00 00 09 B6 
00 FF FF 00 22 0D 22 93 00 00 02 00 00 22 10 85 0D 00 00 0C 84 
00 FF FF 00 22 0D 22 93 00 00 02 00 00 22 10 86 0D 00 00 08 72 
00 FF FF 00 22 0D 22 93 00 00 02 00 00 22 10 87 0D 00 00 0C 20 
00 FF FF 00 22 0D 22 93 00 00 02 00 00 22 10 88 0D 00 00 0C 5B 
00 FF FF 00 22 0D 22 93 00 00 02 00 00 22 10 89 0D 00 00 0F 01 
00 FF FF 00 22 0D 22 93 00 00 02 00 00 22 10 8A 0D 00 00 0C E8 
00 FF FF 00 22 0D 22 93 00 00 02 00 00 22 10 8B 0D 00 00 0D 41 
00 FF FF 00 22 0D 22 93 00 00 02 00 00 22 10 8C 0D 00 00 07 E2 
00 FF FF 00 22 0D 22 93 00 00 02 00 00 22 10 8D 0D 00 00 0B 95 
00 FF FF 00 22 0D 22 93 00 00 02 00 00 22 10 8E 0D 00 00 0B E0 
00 FF FF 00 22 0D 22 93 00 00 02 00 00 22 10 8F 0D 00 00 17 A7 
00 FF FF 00 22 0D 22 93 00 00 02 00 00 22 10 90 0D 00 00 08 F6 
00 FF FF 00 22 0D 22 93 00 00 02 00 00 22 10 91 0D 00 00 0D 9B 
00 FF FF 00 22 0D 22 93 00 00 02 00 00 22 10 92 0D 00 00 0C 88 
00 FF FF 00 22 0D 22 93 00 00 02 00 00 22 10 93 0D 00 00 0E DB 
00 FF FF 00 22 0D 22 93 00 00 02 00 00 22 10 94 0D 00 00 08 E5 
00 FF FF 00 22 0D 22 93 00 00 02 00 00 22 10 95 0D 00 00 0A F4 
00 FF FF 00 22 0D 22 93 00 00 02 00 00 22 10 96 0D 00 00 14 AF 
00 FF FF 00 22 0D 22 93 00 00 02 00 00 22 10 97 0D 00 00 15 61 
00 FF FF 00 22 0D 22 93 00 00 02 00 00 22 10 98 0D 00 00 09 62 
00 FF FF 00 22 0D 22 93 00 00 02 00 00 22 10 99 0D 00 00 0A 30 
00 FF FF 00 22 0D 22 93 00 00 02 00 00 22 10 9A 0D 00 00 0E 31 
00 FF FF 00 22 0D 22 93 00 00 02 00 00 22 10 9B 0D 00 00 10 28 
00 FF FF 00 22 0D 22 93 00 00 02 00 00 22 10 9C 0D 00 00 0B 1C 
00 FF FF 00 22 0D 22 93 00 00 02 00 00 22 10 9E 0D 00 00 0D 88 
00 FF FF 00 22 0D 22 93 00 00 02 00 00 22 10 9F 0D 00 00 0D 34 
00 FF FF 00 22 0D 22 93 00 00 02 00 00 22 10 A0 0D 00 00 09 F5 
00 FF FF 00 22 0D 22 93 00 00 02 00 00 22 10 A1 0D 00 00 0B B3 
00 FF FF 00 22 0D 22 93 00 00 02 00 00 22 10 A2 0D 00 00 0B A9 
00 FF FF 00 22 0D 22 93 00 00 02 00 00 22 10 A3 0D 00 00 0D 7C 
00 FF FF 00 22 0D 22 93 00 00 02 00 00 22 10 A4 0D 00 00 1E 13 
00 FF FF 00 22 0D 22 93 00 00 02 00 00 22 10 A5 0D 00 00 0E 21 
00 FF FF 00 22 0D 22 93 00 00 02 00 00 22 10 A6 0D 00 00 09 6B 
00 FF FF 00 22 0D 22 93 00 00 02 00 00 22 10 A7 0D 00 00 08 11 
00 FF FF 00 22 0D 22 93 00 00 02 00 00 22 10 A8 0D 00 00 09 4C 
00 FF FF 00 22 0D 22 93 00 00 02 00 00 22 10 A9 0D 00 00 0B 9E 
00 FF FF 00 22 0D 22 93 00 00 02 00 00 22 10 AA 0D 00 00 16 F6 
00 FF FF 00 22 0D 22 93 00 00 02 00 00 22 10 AB 0D 00 00 10 C0 
00 FF FF 00 22 0D 22 93 00 00 02 00 00 22 10 AC 0D 00 00 0B 49 
00 FF FF 00 22 0D 22 93 00 00 02 00 00 22 10 AD 0D 00 00 09 B7 
00 FF FF 00 22 0D 22 93 00 00 02 00 00 22 10 AE 0D 00 00 08 18 
00 FF FF 00 22 0D 22 93 00 00 02 00 00 22 10 AF 0D 00 00 0A 38 
00 FF FF 00 22 0D 22 93 00 00 02 00 00 22 10 B0 0D 00 00 27 83 
00 FF FF 00 22 0D 22 93 00 00 02 00 00 22 10 B1 0D 00 00 22 1E 
00 FF FF 00 22 0D 22 93 00 00 02 00 00 22 10 B2 0D 00 00 0E 46 
00 FF FF 00 22 0D 22 93 00 00 02 00 00 22 10 B3 0D 00 00 0A 38 
00 FF FF 00 22 0D 22 93 00 00 02 00 00 22 10 B4 0D 00 00 08 76 
00 FF FF 00 22 0D 22 93 00 00 02 00 00 22 10 B5 0D 00 00 11 DD 
00 FF FF 00 22 0D 22 93 00 00 02 00 00 22 10 B6 0D 00 00 16 52 
00 FF FF 00 22 0D 22 93 00 00 02 00 00 22 10 B7 0D 00 00 0C 55 
00 FF FF 00 22 0D 22 93 00 00 02 00 00 22 10 B8 0D 00 00 0D F9 
00 FF FF 00 22 0D 22 93 00 00 02 00 00 22 10 B9 0D 00 00 0A FB 
00 FF FF 00 22 0D 22 93 00 00 02 00 00 22 10 BA 0D 00 00 09 3B 
00 FF FF 00 22 0D 22 93 00 00 02 00 00 22 10 BB 0D 00 00 0E 32 
00 FF FF 00 22 0D 22 93 00 00 02 00 00 22 10 BC 0D 00 00 0C 61 
00 FF FF 00 22 0D 22 93 00 00 02 00 00 22 10 BD 0D 00 00 09 C0 
00 FF FF 00 22 0D 22 93 00 00 02 00 00 22 10 BE 0D 00 00 08 3E 
00 FF FF 00 22 0D 22 93 00 00 02 00 00 22 10 BF 0D 00 00 09 11 
00 FF FF 00 22 0D 22 93 00 00 02 00 00 22 10 C0 0D 00 00 09 FF 
00 FF FF 00 22 0D 22 93 00 00 02 00 00 22 10 C1 0D 00 00 18 D5 
00 FF FF 00 22 0D 22 93 00 00 02 00 00 22 10 C2 0D 00 00 17 14 
00 FF FF 00 22 0D 22 93 00 00 02 00 00 22 10 C3 0D 00 00 0C 5B 
00 FF FF 00 22 0D 22 93 00 00 02 00 00 22 10 C4 0D 00 00 09 9D 
00 FF FF 00 22 0D 22 93 00 00 02 00 00 22 10 C5 0D 00 00 0B AB 
00 FF FF 00 22 0D 22 93 00 00 02 00 00 22 10 C6 0D 00 00 13 DE 
00 FF FF 00 22 0D 22 93 00 00 02 00 00 22 10 C7 0D 00 00 21 FE 
00 FF FF 00 22 0D 22 93 00 00 02 00 00 22 10 C8 0D 00 00 0A 09 
00 FF FF 00 22 0D 22 93 00 00 02 00 00 22 10 C9 0D 00 00 08 A3 
00 FF FF 00 22 0D 22 93 00 00 02 00 00 22 10 CA 0D 00 00 09 7D 
00 FF FF 00 22 0D 22 93 00 00 02 00 00 22 10 CB 0D 00 00 0E DE 
00 FF FF 00 22 0D 22 93 00 00 02 00 00 22 10 CC 0D 00 00 17 B1 
00 FF FF 00 22 0D 22 93 00 00 02 00 00 22 10 CD 0D 00 00 1A 95 
00 FF FF 00 22 0D 22 93 00 00 02 00 00 22 10 CE 0D 00 00 09 FA 
00 FF FF 00 22 0D 22 93 00 00 02 00 00 22 10 CF 0D 00 00 11 AA 
00 FF FF 00 22 0D 22 93 00 00 02 00 00 22 10 D0 0D 00 00 09 61 
00 FF FF 00 22 0D 22 93 00 00 02 00 00 22 10 D1 0D 00 00 24 1A 
00 FF FF 00 22 0D 22 93 00 00 02 00 00 22 10 D2 0D 00 00 13 20 
00 FF FF 00 22 0D 22 93 00 00 02 00 00 22 10 D3 0D 00 00 0C 1D 
00 FF FF 00 22 0D 22 93 00 00 02 00 00 22 10 D4 0D 00 00 0A 20 
00 FF FF 00 22 0D 22 93 00 00 02 00 00 22 10 D5 0D 00 00 09 7D 
00 FF FF 00 22 0D 22 93 00 00 02 00 00 22 10 D6 0D 00 00 0E 9C 
00 FF FF 00 22 0D 22 93 00 00 02 00 00 22 10 D7 0D 00 00 0D 0C 
00 FF FF 00 22 0D 22 93 00 00 02 00 00 22 10 D8 0D 00 00 0A 2A 
00 FF FF 00 22 0D 22 93 00 00 02 00 00 22 10 D9 0D 00 00 09 AB 
00 FF FF 00 22 0D 22 93 00 00 02 00 00 22 10 DA 0D 00 00 0C 52 
00 FF FF 00 22 0D 22 93 00 00 02 00 00 22 10 DB 0D 00 00 0A D9 
00 FF FF 00 22 0D 22 93 00 00 02 00 00 22 10 DC 0D 00 00 16 0C 
00 FF FF 00 22 0D 22 93 00 00 02 00 00 22 10 DD 0D 00 00 0A 70 
00 FF FF 00 22 0D 22 93 00 00 02 00 00 22 10 DE 0D 00 00 08 8B 
00 FF FF 00 22 0D 22 93 00 00 02 00 00 22 10 DF 0D 00 00 07 DC 
00 FF FF 00 22 0D 22 93 00 00 02 00 00 22 10 E1 0D 00 00 16 C5 
00 FF FF 00 22 0D 22 93 00 00 02 00 00 22 10 E2 0D 00 00 0B 7B 
00 FF FF 00 22 0D 22 93 00 00 02 00 00 22 10 E3 0D 00 00 08 CB 
00 FF FF 00 22 0D 22 93 00 00 02 00 00 22 10 E4 0D 00 00 09 8A 
00 FF FF 00 22 0D 22 93 00 00 02 00 00 22 10 E5 0D 00 00 0E 43 
00 FF FF 00 22 0D 22 93 00 00 02 00 00 22 10 E6 0D 00 00 09 8F 
00 FF FF 00 22 0D 22 93 00 00 02 00 00 22 10 E7 0D 00 00 08 CC 
00 FF FF 00 22 0D 22 93 00 00 02 00 00 22 10 E8 0D 00 00 0B 3C 
00 FF FF 00 22 0D 22 93 00 00 02 00 00 22 10 E9 0D 00 00 0C 46 
00 FF FF 00 22 0D 22 93 00 00 02 00 00 22 10 EA 0D 00 00 08 2B 
00 FF FF 00 22 0D 22 93 00 00 02 00 00 22 10 EB 0D 00 00 08 C8 
00 FF FF 00 22 0D 22 93 00 00 02 00 00 22 10 ED 0D 00 00 0B 99 
00 FF FF 00 22 0D 22 93 00 00 02 00 00 22 10 EF 0D 00 00 08 AC 
00 FF FF 00 22 0D 22 93 00 00 02 00 00 22 10 F0 0D 00 00 08 81 
00 FF FF 00 22 0D 22 93 00 00 02 00 00 22 10 F1 0D 00 00 0A 37 
00 FF FF 00 22 0D 22 93 00 00 02 00 00 22 10 F2 0D 00 00 07 FE 
00 FF FF 00 22 0D 22 93 00 00 02 00 00 22 10 F3 0D 00 00 09 2A 
00 FF FF 00 22 0D 22 93 00 00 02 00 00 22 10 F4 0D 00 00 0B 24 
00 FF FF 00 22 0D 22 93 00 00 02 00 00 22 10 F5 0D 00 00 08 42 
00 FF FF 00 22 0D 22 93 00 00 02 00 00 22 10 F6 0D 00 00 09 3E 
00 FF FF 00 22 0D 22 93 00 00 02 00 00 22 10 F7 0D 00 00 07 E3 
00 FF FF 00 22 0D 22 93 00 00 02 00 00 22 10 F8 0D 00 00 0B 68 
00 FF FF 00 22 0D 22 93 00 00 02 00 00 22 10 F9 0D 00 00 14 B7 
00 FF FF 00 22 0D 22 93 00 00 02 00 00 22 10 FA 0D 00 00 08 B8 
00 FF FF 00 22 0D 22 93 00 00 02 00 00 22 10 FB 0D 00 00 0F 7A 
00 FF FF 00 22 0D 22 93 00 00 02 00 00 22 10 FC 0D 00 00 09 BA 
00 FF FF 00 22 0D 22 93 00 00 02 00 00 22 10 FD 0D 00 00 0C C0 
00 FF FF 00 22 0D 22 93 00 00 02 00 00 22 10 FE 0D 00 00 08 6D 
00 FF FF 00 22 0D 22 93 00 00 02 00 00 22 10 FF 0D 00 00 0C 95 
00 FF FF 00 22 0D 22 93 00 00 02 00 00 22 11 00 0D 00 00 0D 39 
00 FF FF 00 22 0D 22 93 00 00 02 00 00 22 11 01 0D 00 00 0A 88 
00 FF FF 00 22 0D 22 93 00 00 02 00 00 22 11 02 0D 00 00 0D 0B 
00 FF FF 00 22 0D 22 93 00 00 02 00 00 22 11 03 0D 00 00 08 E7 
00 FF FF 00 22 0D 22 93 00 00 02 00 00 22 11 04 0D 00 00 0A 5B 
00 FF FF 00 22 0D 22 93 00 00 02 00 00 22 11 05 0D 00 00 09 07 
00 FF FF 00 22 0D 22 93 00 00 02 00 00 22 11 06 0D 00 00 0A BD 
00 FF FF 00 22 0D 22 93 00 00 02 00 00 22 11 07 0D 00 00 08 D2 
00 FF FF 00 22 0D 22 93 00 00 02 00 00 22 11 08 0D 00 00 0B E0 
00 FF FF 00 22 0D 22 93 00 00 02 00 00 22 11 09 0D 00 00 0A 46 
00 FF FF 00 22 0D 22 93 00 00 02 00 00 22 11 0A 0D 00 00 0F B7 
00 FF FF 00 22 0D 22 93 00 00 02 00 00 22 11 0B 0D 00 00 11 66 
00 FF FF 00 22 0D 22 93 00 00 02 00 00 22 11 0C 0D 00 00 09 30 
00 FF FF 00 22 0D 22 93 00 00 02 00 00 22 11 0D 0D 00 00 09 39 
00 FF FF 00 22 0D 22 93 00 00 02 00 00 22 11 0E 0D 00 00 07 D4 
00 FF FF 00 22 0D 22 93 00 00 02 00 00 22 11 0F 0D 00 00 0C 84 
00 FF FF 00 22 0D 22 93 00 00 02 00 00 22 11 10 0D 00 00 0C 4B 
00 FF FF 00 22 0D 22 93 00 00 02 00 00 22 11 11 0D 00 00 0E 9A 
00 FF FF 00 22 0D 22 93 00 00 02 00 00 22 11 12 0D 00 00 09 92 
00 FF FF 00 22 0D 22 93 00 00 02 00 00 22 11 13 0D 00 00 0A C0 
00 FF FF 00 22 0D 22 93 00 00 02 00 00 22 11 14 0D 00 00 08 0E 
00 FF FF 00 22 0D 22 93 00 00 02 00 00 22 11 15 0D 00 00 09 5D 
00 FF FF 00 22 0D 22 93 00 00 02 00 00 22 11 16 0D 00 00 14 D8 
00 FF FF 00 22 0D 22 93 00 00 02 00 00 22 11 17 0D 00 00 09 67 
00 FF FF 00 22 0D 22 93 00 00 02 00 00 22 11 19 0D 00 00 09 81 
00 FF FF 00 22 0D 22 93 00 00 02 00 00 22 11 1A 0D 00 00 07 FB 
00 FF FF 00 22 0D 22 93 00 00 02 00 00 22 11 1B 0D 00 00 0D 5C 
00 FF FF 00 22 0D 22 93 00 00 02 00 00 22 11 1C 0D 00 00 0C 7C 
00 FF FF 00 22 0D 22 93 00 00 02 00 00 22 11 1D 0D 00 00 12 4D 
00 FF FF 00 22 0D 22 93 00 00 02 00 00 22 11 1E 0D 00 00 08 E8 
00 FF FF 00 22 0D 22 93 00 00 02 00 00 22 11 1F 0D 00 00 08 FB 
00 FF FF 00 22 0D 22 93 00 00 02 00 00 22 11 20 0D 00 00 09 D6 
00 FF FF 00 22 0D 22 93 00 00 02 00 00 22 11 21 0D 00 00 08 23 
00 FF FF 00 22 0D 22 93 00 00 02 00 00 22 11 22 0D 00 00 11 17 
00 FF FF 00 22 0D 22 93 00 00 02 00 00 22 11 23 0D 00 00 0C 6B 
00 FF FF 00 22 0D 22 93 00 00 02 00 00 22 11 24 0D 00 00 0E 15 
00 FF FF 00 22 0D 22 93 00 00 02 00 00 22 11 25 0D 00 00 08 B2 
00 FF FF 00 22 0D 22 93 00 00 02 00 00 22 11 26 0D 00 00 09 C5 
00 FF FF 00 22 0D 22 93 00 00 02 00 00 22 11 27 0D 00 00 0A A0 
00 FF FF 00 22 0D 22 93 00 00 02 00 00 22 11 28 0D 00 00 0A CB 
00 FF FF 00 22 0D 22 93 00 00 02 00 00 22 11 29 0D 00 00 17 0A 
00 FF FF 00 22 0D 22 93 00 00 02 00 00 22 11 2A 0D 00 00 16 34 
00 FF FF 00 22 0D 22 93 00 00 02 00 00 22 11 2B 0D 00 00 09 6A 
00 FF FF 00 22 0D 22 93 00 00 02 00 00 22 11 2C 0D 00 00 07 FD 
00 FF FF 00 22 0D 22 93 00 00 02 00 00 22 11 2D 0D 00 00 15 4C 
00 FF FF 00 22 0D 22 93 00 00 02 00 00 22 11 2E 0D 00 00 0A 89 
00 FF FF 00 22 0D 22 93 00 00 02 00 00 22 11 30 0D 00 00 08 F5 
00 FF FF 00 22 0D 22 93 00 00 02 00 00 22 11 31 0D 00 00 09 4D 
00 FF FF 00 22 0D 22 93 00 00 02 00 00 22 11 32 0D 00 00 09 F5 
00 FF FF 00 22 0D 22 93 00 00 02 00 00 22 11 33 0D 00 00 0B B3 
00 FF FF 00 22 0D 22 93 00 00 02 00 00 22 11 34 0D 00 00 0C 90 
00 FF FF 00 22 0D 22 93 00 00 02 00 00 22 11 35 0D 00 00 08 37 
00 FF FF 00 22 0D 22 93 00 00 02 00 00 22 11 36 0D 00 00 0F D4 
00 FF FF 00 22 0D 22 93 00 00 02 00 00 22 11 37 0D 00 00 0A 07 
00 FF FF 00 22 0D 22 93 00 00 02 00 00 22 11 38 0D 00 00 0F CB 
00 FF FF 00 22 0D 22 93 00 00 02 00 00 22 11 3A 0D 00 00 09 71 
00 FF FF 00 22 0D 22 93 00 00 02 00 00 22 11 3B 0D 00 00 0C 01 
00 FF FF 00 22 0D 22 93 00 00 02 00 00 22 11 3C 0D 00 00 0B 58 
00 FF FF 00 22 0D 22 93 00 00 02 00 00 22 11 3D 0D 00 00 09 A4 
00 FF FF 00 22 0D 22 93 00 00 02 00 00 22 11 3F 0D 00 00 09 8F 
00 FF FF 00 22 0D 22 93 00 00 02 00 00 22 11 40 0D 00 00 09 F8 
00 FF FF 00 22 0D 22 93 00 00 02 00 00 22 11 41 0D 00 00 12 5C 
00 FF FF 00 22 0D 22 93 00 00 02 00 00 22 11 42 0D 00 00 0C 0B 
00 FF FF 00 22 0D 22 93 00 00 02 00 00 22 11 43 0D 00 00 0C 84 
00 FF FF 00 22 0D 22 93 00 00 02 00 00 22 11 44 0D 00 00 08 31 
00 FF FF 00 22 0D 22 93 00 00 02 00 00 22 11 45 0D 00 00 09 16 
00 FF FF 00 22 0D 22 93 00 00 02 00 00 22 11 46 0D 00 00 1A 18 
00 FF FF 00 22 0D 22 93 00 00 02 00 00 22 11 47 0D 00 00 14 63 
00 FF FF 00 22 0D 22 93 00 00 02 00 00 22 11 48 0D 00 00 0E 90 
00 FF FF 00 22 0D 22 93 00 00 02 00 00 22 11 49 0D 00 00 09 83 
00 FF FF 00 22 0D 22 93 00 00 02 00 00 22 11 4A 0D 00 00 09 6A 
00 FF FF 00 22 0D 22 93 00 00 02 00 00 22 11 4B 0D 00 00 08 10 
00 FF FF 00 22 0D 22 93 00 00 02 00 00 22 11 4C 0D 00 00 08 FB 
00 FF FF 00 22 0D 22 93 00 00 02 00 00 22 11 4D 0D 00 00 0D 27 
00 FF FF 00 22 0D 22 93 00 00 02 00 00 22 11 4E 0D 00 00 0F 2C 
00 FF FF 00 22 0D 22 93 00 00 02 00 00 22 11 4F 0D 00 00 18 D9 
00 FF FF 00 22 0D 22 93 00 00 02 00 00 22 11 50 0D 00 00 0F CD 
00 FF FF 00 22 0D 22 93 00 00 02 00 00 22 11 51 0D 00 00 09 7D 
00 FF FF 00 22 0D 22 93 00 00 02 00 00 22 11 52 0D 00 00 08 C1 
00 FF FF 00 22 0D 22 93 00 00 02 00 00 22 11 53 0D 00 00 08 0D 
00 FF FF 00 22 0D 22 93 00 00 02 00 00 22 11 54 0D 00 00 20 2F 
00 FF FF 00 22 0D 22 93 00 00 02 00 00 22 11 55 0D 00 00 18 9E 
00 FF FF 00 22 0D 22 93 00 00 02 00 00 22 11 56 0D 00 00 10 EC 
00 FF FF 00 22 0D 22 93 00 00 02 00 00 22 11 57 0D 00 00 0A A1 
00 FF FF 00 22 0D 22 93 00 00 02 00 00 22 11 58 0D 00 00 07 E9 
00 FF FF 00 22 0D 22 93 00 00 02 00 00 22 11 59 0D 00 00 08 1B 
00 FF FF 00 22 0D 22 93 00 00 02 00 00 22 11 5A 0D 00 00 08 8E 
00 FF FF 00 22 0D 22 93 00 00 02 00 00 22 11 5B 0D 00 00 0C D7 
00 FF FF 00 22 0D 22 93 00 00 02 00 00 22 11 5C 0D 00 00 0A 78 
00 FF FF 00 22 0D 22 93 00 00 02 00 00 22 11 5D 0D 00 00 09 5B 
00 FF FF 00 22 0D 22 93 00 00 02 00 00 22 11 5E 0D 00 00 0F 00 
00 FF FF 00 22 0D 22 93 00 00 02 00 00 22 11 5F 0D 00 00 10 F9 
00 FF FF 00 22 0D 22 93 00 00 02 00 00 22 11 60 0D 00 00 08 DC 
00 FF FF 00 22 0D 22 93 00 00 02 00 00 22 11 61 0D 00 00 0C D7 
00 FF FF 00 22 0D 22 93 00 00 02 00 00 22 11 62 0D 00 00 0F 87 
00 FF FF 00 22 0D 22 93 00 00 02 00 00 22 11 63 0D 00 00 0F 39 
00 FF FF 00 22 0D 22 93 00 00 02 00 00 22 11 64 0D 00 00 0D 83 
00 FF FF 00 22 0D 22 93 00 00 02 00 00 22 11 65 0D 00 00 10 F5 
00 FF FF 00 22 0D 22 93 00 00 02 00 00 22 11 66 0D 00 00 0D 03 
00 FF FF 00 22 0D 22 93 00 00 02 00 00 22 11 67 0D 00 00 0C 23 
00 FF FF 00 22 0D 22 93 00 00 02 00 00 22 11 68 0D 00 00 08 6E 
00 FF FF 00 22 0D 22 93 00 00 02 00 00 22 11 69 0D 00 00 08 9F 
00 FF FF 00 22 0D 22 93 00 00 02 00 00 22 11 6A 0D 00 00 11 33 
00 FF FF 00 22 0D 22 93 00 00 02 00 00 22 11 6B 0D 00 00 0C 35 
00 FF FF 00 22 0D 22 93 00 00 02 00 00 22 11 6C 0D 00 00 0F 00 
00 FF FF 00 22 0D 22 93 00 00 02 00 00 22 11 6D 0D 00 00 08 52 
00 FF FF 00 22 0D 22 93 00 00 02 00 00 22 11 6E 0D 00 00 0B 03 
00 FF FF 00 22 0D 22 93 00 00 02 00 00 22 11 6F 0D 00 00 0B 8C 
00 FF FF 00 22 0D 22 93 00 00 02 00 00 22 11 70 0D 00 00 0F FC 
00 FF FF 00 22 0D 22 93 00 00 02 00 00 22 11 71 0D 00 00 0E 88 
00 FF FF 00 22 0D 22 93 00 00 02 00 00 22 11 72 0D 00 00 0D E7 
00 FF FF 00 22 0D 22 93 00 00 02 00 00 22 11 73 0D 00 00 09 B9 
00 FF FF 00 22 0D 22 93 00 00 02 00 00 22 11 74 0D 00 00 10 2F 
00 FF FF 00 22 0D 22 93 00 00 02 00 00 22 11 75 0D 00 00 08 97 
00 FF FF 00 22 0D 22 93 00 00 02 00 00 22 11 76 0D 00 00 15 6B 
00 FF FF 00 22 0D 22 93 00 00 02 00 00 22 11 77 0D 00 00 0A C3 
00 FF FF 00 22 0D 22 93 00 00 02 00 00 22 11 78 0D 00 00 0F 7B 
00 FF FF 00 22 0D 22 93 00 00 02 00 00 22 11 79 0D 00 00 0A 53 
00 FF FF 00 22 0D 22 93 00 00 02 00 00 22 11 7A 0D 00 00 0B 4B 
00 FF FF 00 22 0D 22 93 00 00 02 00 00 22 11 7B 0D 00 00 07 E7 
00 FF FF 00 22 0D 22 93 00 00 02 00 00 22 11 7C 0D 00 00 0F 47 
00 FF FF 00 22 0D 22 93 00 00 02 00 00 22 11 7D 0D 00 00 0D AE 
00 FF FF 00 22 0D 22 93 00 00 02 00 00 22 11 7E 0D 00 00 0F 82 
00 FF FF 00 22 0D 22 93 00 00 02 00 00 22 11 7F 0D 00 00 0B 4D 
00 FF FF 00 22 0D 22 93 00 00 02 00 00 22 11 80 0D 00 00 12 3B 
00 FF FF 00 22 0D 22 93 00 00 02 00 00 22 11 81 0D 00 00 0D 88 
00 FF FF 00 22 0D 22 93 00 00 02 00 00 22 11 82 0D 00 00 09 4B 
00 FF FF 00 22 0D 22 93 00 00 02 00 00 22 11 83 0D 00 00 09 CA 
00 FF FF 00 22 0D 22 93 00 00 02 00 00 22 11 84 0D 00 00 12 5A 
00 FF FF 00 22 0D 22 93 00 00 02 00 00 22 11 85 0D 00 00 0B 31 
00 FF FF 00 22 0D 22 93 00 00 02 00 00 22 11 86 0D 00 00 0B FA 
00 FF FF 00 22 0D 22 93 00 00 02 00 00 22 11 87 0D 00 00 0D C9 
00 FF FF 00 22 0D 22 93 00 00 02 00 00 22 11 88 0D 00 00 16 8B 
00 FF FF 00 22 0D 22 93 00 00 02 00 00 22 11 89 0D 00 00 14 DD 
00 FF FF 00 22 0D 22 93 00 00 02 00 00 22 11 8A 0D 00 00 08 EA 
00 FF FF 00 22 0D 22 93 00 00 02 00 00 22 11 8B 0D 00 00 08 B5 
00 FF FF 00 22 0D 22 93 00 00 02 00 00 22 11 8C 0D 00 00 08 BB 
00 FF FF 00 22 0D 22 93 00 00 02 00 00 22 11 8D 0D 00 00 12 90 
00 FF FF 00 22 0D 22 93 00 00 02 00 00 22 11 8E 0D 00 00 0D 66 
00 FF FF 00 22 0D 22 93 00 00 02 00 00 22 11 8F 0D 00 00 1C 6E 
00 FF FF 00 22 0D 22 93 00 00 02 00 00 22 11 90 0D 00 00 0D 66 
00 FF FF 00 22 0D 22 93 00 00 02 00 00 22 11 91 0D 00 00 09 4F 
00 FF FF 00 22 0D 22 93 00 00 02 00 00 22 11 92 0D 00 00 08 70 
00 FF FF 00 22 0D 22 93 00 00 02 00 00 22 11 93 0D 00 00 13 D2 
00 FF FF 00 22 0D 22 93 00 00 02 00 00 22 11 94 0D 00 00 10 48 
00 FF FF 00 22 0D 22 93 00 00 02 00 00 22 11 95 0D 00 00 1F 65 
00 FF FF 00 22 0D 22 93 00 00 02 00 00 22 11 96 0D 00 00 09 3C 
00 FF FF 00 22 0D 22 93 00 00 02 00 00 22 11 97 0D 00 00 08 D4 
00 FF FF 00 22 0D 22 93 00 00 02 00 00 22 11 98 0D 00 00 07 F1 
00 FF FF 00 22 0D 22 93 00 00 02 00 00 22 11 99 0D 00 00 1D C3 
00 FF FF 00 22 0D 22 93 00 00 02 00 00 22 11 9A 0D 00 00 10 49 
00 FF FF 00 22 0D 22 93 00 00 02 00 00 22 11 9B 0D 00 00 0C B8 
00 FF FF 00 22 0D 22 93 00 00 02 00 00 22 11 9C 0D 00 00 0B E3 
00 FF FF 00 22 0D 22 93 00 00 02 00 00 22 11 9D 0D 00 00 0A A1 
00 FF FF 00 22 0D 22 93 00 00 02 00 00 22 11 9E 0D 00 00 0E DB 
00 FF FF 00 22 0D 22 93 00 00 02 00 00 22 11 9F 0D 00 00 0A FD 
00 FF FF 00 22 0D 22 93 00 00 02 00 00 22 11 A0 0D 00 00 20 0B 
00 FF FF 00 22 0D 22 93 00 00 02 00 00 22 11 A1 0D 00 00 0A 10 
00 FF FF 00 22 0D 22 93 00 00 02 00 00 22 11 A2 0D 00 00 08 14 
00 FF FF 00 22 0D 22 93 00 00 02 00 00 22 11 A3 0D 00 00 0A C6 
00 FF FF 00 22 0D 22 93 00 00 02 00 00 22 11 A4 0D 00 00 0E 8F 
00 FF FF 00 22 0D 22 93 00 00 02 00 00 22 11 A5 0D 00 00 16 1B 
00 FF FF 00 22 0D 22 93 00 00 02 00 00 22 11 A6 0D 00 00 0B 14 
00 FF FF 00 22 0D 22 93 00 00 02 00 00 22 11 A7 0D 00 00 0B 09 
00 FF FF 00 22 0D 22 93 00 00 02 00 00 22 11 A8 0D 00 00 09 49 
00 FF FF 00 22 0D 22 93 00 00 02 00 00 22 11 A9 0D 00 00 13 58 
00 FF FF 00 22 0D 22 93 00 00 02 00 00 22 11 AA 0D 00 00 0B 74 
00 FF FF 00 22 0D 22 93 00 00 02 00 00 22 11 AB 0D 00 00 0A 1C 
00 FF FF 00 22 0D 22 93 00 00 02 00 00 22 11 AC 0D 00 00 12 A3 
00 FF FF 00 22 0D 22 93 00 00 02 00 00 22 11 AD 0D 00 00 09 31 
00 FF FF 00 22 0D 22 93 00 00 02 00 00 22 11 AE 0D 00 00 08 EF 
00 FF FF 00 22 0D 22 93 00 00 02 00 00 22 11 AF 0D 00 00 0A 3D 
00 FF FF 00 22 0D 22 93 00 00 02 00 00 22 11 B0 0D 00 00 12 D6 
00 FF FF 00 22 0D 22 93 00 00 02 00 00 22 11 B1 0D 00 00 09 27 
00 FF FF 00 22 0D 22 93 00 00 02 00 00 22 11 B2 0D 00 00 0E 6F 
00 FF FF 00 22 0D 22 93 00 00 02 00 00 22 11 B3 0D 00 00 0B A1 
00 FF FF 00 22 0D 22 93 00 00 02 00 00 22 11 B4 0D 00 00 08 1B 
00 FF FF 00 22 0D 22 93 00 00 02 00 00 22 11 B5 0D 00 00 18 1A 
00 FF FF 00 22 0D 22 93 00 00 02 00 00 22 11 B6 0D 00 00 13 6D 
00 FF FF 00 22 0D 22 93 00 00 02 00 00 22 11 B7 0D 00 00 08 C3 
00 FF FF 00 22 0D 22 93 00 00 02 00 00 22 11 B9 0D 00 00 0D B2 
00 FF FF 00 22 0D 22 93 00 00 02 00 00 22 11 BA 0D 00 00 0A DD 
00 FF FF 00 22 0D 22 93 00 00 02 00 00 22 11 BB 0D 00 00 0A B9 
00 FF FF 00 22 0D 22 93 00 00 02 00 00 22 11 BC 0D 00 00 0B 98 
00 FF FF 00 22 0D 22 93 00 00 02 00 00 22 11 BD 0D 00 00 13 71 
00 FF FF 00 22 0D 22 93 00 00 02 00 00 22 11 BE 0D 00 00 0B AD 
00 FF FF 00 22 0D 22 93 00 00 02 00 00 22 11 BF 0D 00 00 0A 67 
00 FF FF 00 22 0D 22 93 00 00 02 00 00 22 11 C0 0D 00 00 09 5E 
00 FF FF 00 22 0D 22 93 00 00 02 00 00 22 11 C1 0D 00 00 14 FA 
00 FF FF 00 22 0D 22 93 00 00 02 00 00 22 11 C2 0D 00 00 14 14 
00 FF FF 00 22 0D 22 93 00 00 02 00 00 22 11 C3 0D 00 00 0E A4 
00 FF FF 00 22 0D 22 93 00 00 02 00 00 22 11 C4 0D 00 00 0A 81 
00 FF FF 00 22 0D 22 93 00 00 02 00 00 22 11 C5 0D 00 00 08 7F 
00 FF FF 00 22 0D 22 93 00 00 02 00 00 22 11 C6 0D 00 00 08 09 
00 FF FF 00 22 0D 22 93 00 00 02 00 00 22 11 C7 0D 00 00 08 6C 
00 FF FF 00 22 0D 22 93 00 00 02 00 00 22 11 C8 0D 00 00 09 A6 
00 FF FF 00 22 0D 22 93 00 00 02 00 00 22 11 C9 0D 00 00 0A D4 
00 FF FF 00 22 0D 22 93 00 00 02 00 00 22 11 CA 0D 00 00 0E A8 
00 FF FF 00 22 0D 22 93 00 00 02 00 00 22 11 CB 0D 00 00 10 7B 
00 FF FF 00 22 0D 22 93 00 00 02 00 00 22 11 CC 0D 00 00 0A 8D 
00 FF FF 00 22 0D 22 93 00 00 02 00 00 22 11 CD 0D 00 00 09 78 
00 FF FF 00 22 0D 22 93 00 00 02 00 00 22 11 CE 0D 00 00 17 9E 
00 FF FF 00 22 0D 22 93 00 00 02 00 00 22 11 CF 0D 00 00 0C 67 
00 FF FF 00 22 0D 22 93 00 00 02 00 00 22 11 D0 0D 00 00 0B 7E 
00 FF FF 00 22 0D 22 93 00 00 02 00 00 22 11 D1 0D 00 00 0B 98 
00 FF FF 00 22 0D 22 93 00 00 02 00 00 22 11 D2 0D 00 00 07 EF 
00 FF FF 00 22 0D 22 93 00 00 02 00 00 22 11 D3 0D 00 00 09 6C 
00 FF FF 00 22 0D 22 93 00 00 02 00 00 22 11 D4 0D 00 00 0A 1F 
00 FF FF 00 22 0D 22 93 00 00 02 00 00 22 11 D5 0D 00 00 11 3F 
00 FF FF 00 22 0D 22 93 00 00 02 00 00 22 11 D6 0D 00 00 0A AB 
00 FF FF 00 22 0D 22 93 00 00 02 00 00 22 11 D7 0D 00 00 0A D8 
00 FF FF 00 22 0D 22 93 00 00 02 00 00 22 11 D8 0D 00 00 09 B1 
00 FF FF 00 22 0D 22 93 00 00 02 00 00 22 11 D9 0D 00 00 09 22 
00 FF FF 00 22 0D 22 93 00 00 02 00 00 22 11 DA 0D 00 00 11 C9 
00 FF FF 00 22 0D 22 93 00 00 02 00 00 22 11 DB 0D 00 00 0C 6E 
00 FF FF 00 22 0D 22 93 00 00 02 00 00 22 11 DC 0D 00 00 12 33 
00 FF FF 00 22 0D 22 93 00 00 02 00 00 22 11 DD 0D 00 00 0A 45 
00 FF FF 00 22 0D 22 93 00 00 02 00 00 22 11 DE 0D 00 00 09 65 
00 FF FF 00 22 0D 22 93 00 00 02 00 00 22 11 DF 0D 00 00 08 F7 
00 FF FF 00 22 0D 22 93 00 00 02 00 00 22 11 E0 0D 00 00 0B 4C 
00 FF FF 00 22 0D 22 93 00 00 02 00 00 22 11 E1 0D 00 00 0F 52 
00 FF FF 00 22 0D 22 93 00 00 02 00 00 22 11 E2 0D 00 00 08 17 
00 FF FF 00 22 0D 22 93 00 00 02 00 00 22 11 E3 0D 00 00 0C 53 
00 FF FF 00 22 0D 22 93 00 00 02 00 00 22 11 E4 0D 00 00 0C 65 
00 FF FF 00 22 0D 22 93 00 00 02 00 00 22 11 E5 0D 00 00 0A 20 
00 FF FF 00 22 0D 22 93 00 00 02 00 00 22 11 E6 0D 00 00 08 2E 
00 FF FF 00 22 0D 22 93 00 00 02 00 00 22 11 E7 0D 00 00 0A B3 
00 FF FF 00 22 0D 22 93 00 00 02 00 00 22 11 E8 0D 00 00 0B 30 
00 FF FF 00 22 0D 22 93 00 00 02 00 00 22 11 E9 0D 00 00 09 3F 
00 FF FF 00 22 0D 22 93 00 00 02 00 00 22 11 EA 0D 00 00 09 C3 
00 FF FF 00 22 0D 22 93 00 00 02 00 00 22 11 EB 0D 00 00 08 2C 
00 FF FF 00 22 0D 22 93 00 00 02 00 00 22 11 EC 0D 00 00 0A 22 
00 FF FF 00 22 0D 22 93 00 00 02 00 00 22 11 ED 0D 00 00 0E F6 
00 FF FF 00 22 0D 22 93 00 00 02 00 00 22 11 EE 0D 00 00 0B B8 
00 FF FF 00 22 0D 22 93 00 00 02 00 00 22 11 EF 0D 00 00 12 25 
00 FF FF 00 22 0D 22 93 00 00 02 00 00 22 11 F0 0D 00 00 08 EB 
00 FF FF 00 22 0D 22 93 00 00 02 00 00 22 11 F1 0D 00 00 0D 9C 
00 FF FF 00 22 0D 22 93 00 00 02 00 00 22 11 F2 0D 00 00 08 E3 
00 FF FF 00 22 0D 22 93 00 00 02 00 00 22 11 F3 0D 00 00 10 3F 
00 FF FF 00 22 0D 22 93 00 00 02 00 00 22 11 F4 0D 00 00 0E 63 
00 FF FF 00 22 0D 22 93 00 00 02 00 00 22 11 F6 0D 00 00 0A B6 
00 FF FF 00 22 0D 22 93 00 00 02 00 00 22 11 F7 0D 00 00 07 F3 
00 FF FF 00 22 0D 22 93 00 00 02 00 00 22 11 F8 0D 00 00 08 17 
00 FF FF 00 22 0D 22 93 00 00 02 00 00 22 11 F9 0D 00 00 12 09 
00 FF FF 00 22 0D 22 93 00 00 02 00 00 22 11 FB 0D 00 00 0A 12 
00 FF FF 00 22 0D 22 93 00 00 02 00 00 22 11 FC 0D 00 00 12 7A 
00 FF FF 00 22 0D 22 93 00 00 02 00 00 22 11 FD 0D 00 00 09 B9 
00 FF FF 00 22 0D 22 93 00 00 02 00 00 22 11 FE 0D 00 00 0C CC 
00 FF FF 00 22 0D 22 93 00 00 02 00 00 22 11 FF 0D 00 00 0B 64 
00 FF FF 00 22 0D 22 93 00 00 02 00 00 22 12 01 0D 00 00 0C 25 
00 FF FF 00 22 0D 22 93 00 00 02 00 00 22 12 02 0D 00 00 08 B2 
00 FF FF 00 22 0D 22 93 00 00 02 00 00 22 12 03 0D 00 00 0E 04 
00 FF FF 00 22 0D 22 93 00 00 02 00 00 22 12 04 0D 00 00 0C 6D 
00 FF FF 00 22 0D 22 93 00 00 02 00 00 22 12 05 0D 00 00 07 E2 
00 FF FF 00 22 0D 22 93 00 00 02 00 00 22 12 06 0D 00 00 0A 67 
00 FF FF 00 22 0D 22 93 00 00 02 00 00 22 12 07 0D 00 00 0A 98 
00 FF FF 00 22 0D 22 93 00 00 02 00 00 22 12 08 0D 00 00 09 97 
00 FF FF 00 22 0D 22 93 00 00 02 00 00 22 12 09 0D 00 00 0D A1 
00 FF FF 00 22 0D 22 93 00 00 02 00 00 22 12 0A 0D 00 00 14 63 
00 FF FF 00 22 0D 22 93 00 00 02 00 00 22 12 0B 0D 00 00 14 ED 
00 FF FF 00 22 0D 22 93 00 00 02 00 00 22 12 0D 0D 00 00 0B 8D 
00 FF FF 00 22 0D 22 93 00 00 02 00 00 22 12 0E 0D 00 00 09 EA 
00 FF FF 00 22 0D 22 93 00 00 02 00 00 22 12 0F 0D 00 00 09 A1 
00 FF FF 00 22 0D 22 93 00 00 02 00 00 22 12 10 0D 00 00 0F C6 
00 FF FF 00 22 0D 22 93 00 00 02 00 00 22 12 11 0D 00 00 0D 9D 
00 FF FF 00 22 0D 22 93 00 00 02 00 00 22 12 12 0D 00 00 1A 87 
00 FF FF 00 22 0D 22 93 00 00 02 00 00 22 12 13 0D 00 00 09 3A 
00 FF FF 00 22 0D 22 93 00 00 02 00 00 22 12 14 0D 00 00 0F 9D 
00 FF FF 00 22 0D 22 93 00 00 02 00 00 22 12 15 0D 00 00 08 97 
00 FF FF 00 22 0D 22 93 00 00 02 00 00 22 12 16 0D 00 00 0B 78 
00 FF FF 00 22 0D 22 93 00 00 02 00 00 22 12 17 0D 00 00 0D 73 
00 FF FF 00 22 0D 22 93 00 00 02 00 00 22 12 18 0D 00 00 09 FE 
00 FF FF 00 22 0D 22 93 00 00 02 00 00 22 12 19 0D 00 00 1F 7D 
00 FF FF 00 22 0D 22 93 00 00 02 00 00 22 12 1A 0D 00 00 0C 37 
00 FF FF 00 22 0D 22 93 00 00 02 00 00 22 12 1B 0D 00 00 0E C8 
00 FF FF 00 22 0D 22 93 00 00 02 00 00 22 12 1C 0D 00 00 08 FD 
00 FF FF 00 22 0D 22 93 00 00 02 00 00 22 12 1D 0D 00 00 08 69 
00 FF FF 00 22 0D 22 93 00 00 02 00 00 22 12 1E 0D 00 00 09 2E 
00 FF FF 00 22 0D 22 93 00 00 02 00 00 22 12 1F 0D 00 00 0C 17 
00 FF FF 00 22 0D 22 93 00 00 02 00 00 22 12 20 0D 00 00 0B 41 
00 FF FF 00 22 0D 22 93 00 00 02 00 00 22 12 21 0D 00 00 1D DF 
00 FF FF 00 22 0D 22 93 00 00 02 00 00 22 12 22 0D 00 00 09 7C 
00 FF FF 00 22 0D 22 93 00 00 02 00 00 22 12 23 0D 00 00 0A B9 
00 FF FF 00 22 0D 22 93 00 00 02 00 00 22 12 24 0D 00 00 09 0D 
00 FF FF 00 22 0D 22 93 00 00 02 00 00 22 12 25 0D 00 00 09 32 
00 FF FF 00 22 0D 22 93 00 00 02 00 00 22 12 26 0D 00 00 10 B9 
00 FF FF 00 22 0D 22 93 00 00 02 00 00 22 12 28 0D 00 00 17 88 
00 FF FF 00 22 0D 22 93 00 00 02 00 00 22 12 29 0D 00 00 1B 6D 
00 FF FF 00 22 0D 22 93 00 00 02 00 00 22 12 2A 0D 00 00 10 1C 
00 FF FF 00 22 0D 22 93 00 00 02 00 00 22 12 2B 0D 00 00 09 17 
00 FF FF 00 22 0D 22 93 00 00 02 00 00 22 12 2C 0D 00 00 14 7D 
00 FF FF 00 22 0D 22 93 00 00 02 00 00 22 12 2D 0D 00 00 16 66 
00 FF FF 00 22 0D 22 93 00 00 02 00 00 22 12 2E 0D 00 00 17 93 
00 FF FF 00 22 0D 22 93 00 00 02 00 00 22 12 2F 0D 00 00 0E BE 
00 FF FF 00 22 0D 22 93 00 00 02 00 00 22 12 30 0D 00 00 11 4B 
00 FF FF 00 22 0D 22 93 00 00 02 00 00 22 12 31 0D 00 00 0B FC 
00 FF FF 00 22 0D 22 93 00 00 02 00 00 22 12 32 0D 00 00 08 73 
00 FF FF 00 22 0D 22 93 00 00 02 00 00 22 12 33 0D 00 00 09 48 
00 FF FF 00 22 0D 22 93 00 00 02 00 00 22 12 34 0D 00 00 09 1E 
00 FF FF 00 22 0D 22 93 00 00 02 00 00 22 12 35 0D 00 00 0B BC 
00 FF FF 00 22 0D 22 93 00 00 02 00 00 22 12 36 0D 00 00 0A 24 
00 FF FF 00 22 0D 22 93 00 00 02 00 00 22 12 37 0D 00 00 16 92 
00 FF FF 00 22 0D 22 93 00 00 02 00 00 22 12 38 0D 00 00 08 D2 
00 FF FF 00 22 0D 22 93 00 00 02 00 00 22 12 39 0D 00 00 09 B3 
00 FF FF 00 22 0D 22 93 00 00 02 00 00 22 12 3A 0D 00 00 0C F5 
00 FF FF 00 22 0D 22 93 00 00 02 00 00 22 12 3B 0D 00 00 0A 7A 
00 FF FF 00 22 0D 22 93 00 00 02 00 00 22 12 3C 0D 00 00 0B 96 
00 FF FF 00 22 0D 22 93 00 00 02 00 00 22 12 3D 0D 00 00 14 F1 
00 FF FF 00 22 0D 22 93 00 00 02 00 00 22 12 3E 0D 00 00 0C A6 
00 FF FF 00 22 0D 22 93 00 00 02 00 00 22 12 3F 0D 00 00 0E 91 
00 FF FF 00 22 0D 22 93 00 00 02 00 00 22 12 40 0D 00 00 0E 18 
00 FF FF 00 22 0D 22 93 00 00 02 00 00 22 12 41 0D 00 00 10 B7 
00 FF FF 00 22 0D 22 93 00 00 02 00 00 22 12 42 0D 00 00 1B 58 
00 FF FF 00 22 0D 22 93 00 00 02 00 00 22 12 43 0D 00 00 0B 3D 
00 FF FF 00 22 0D 22 93 00 00 02 00 00 22 12 44 0D 00 00 12 FD 
00 FF FF 00 22 0D 22 93 00 00 02 00 00 22 12 45 0D 00 00 09 BB 
00 FF FF 00 22 0D 22 93 00 00 02 00 00 22 12 46 0D 00 00 07 FD 
00 FF FF 00 22 0D 22 93 00 00 02 00 00 22 12 47 0D 00 00 0B E1 
00 FF FF 00 22 0D 22 93 00 00 02 00 00 22 12 48 0D 00 00 11 D2 
00 FF FF 00 22 0D 22 93 00 00 02 00 00 22 12 49 0D 00 00 15 C0 
00 FF FF 00 22 0D 22 93 00 00 02 00 00 22 12 4B 0D 00 00 10 FE 
00 FF FF 00 22 0D 22 93 00 00 02 00 00 22 12 4C 0D 00 00 07 E4 
00 FF FF 00 22 0D 22 93 00 00 02 00 00 22 12 4D 0D 00 00 08 9E 
00 FF FF 00 22 0D 22 93 00 00 02 00 00 22 12 4E 0D 00 00 0B 8A 
00 FF FF 00 22 0D 22 93 00 00 02 00 00 22 12 4F 0D 00 00 10 ED 
00 FF FF 00 22 0D 22 93 00 00 02 00 00 22 12 50 0D 00 00 14 15 
00 FF FF 00 22 0D 22 93 00 00 02 00 00 22 12 51 0D 00 00 0F CC 
00 FF FF 00 22 0D 22 93 00 00 02 00 00 22 12 52 0D 00 00 09 5B 
00 FF FF 00 22 0D 22 93 00 00 02 00 00 22 12 53 0D 00 00 0A 08 
00 FF FF 00 22 0D 22 93 00 00 02 00 00 22 12 54 0D 00 00 0A 0B 
00 FF FF 00 22 0D 22 93 00 00 02 00 00 22 12 55 0D 00 00 09 AE 
00 FF FF 00 22 0D 22 93 00 00 02 00 00 22 12 56 0D 00 00 09 F8 
00 FF FF 00 22 0D 22 93 00 00 02 00 00 22 12 57 0D 00 00 09 39 
00 FF FF 00 22 0D 22 93 00 00 02 00 00 22 12 58 0D 00 00 08 A6 
00 FF FF 00 22 0D 22 93 00 00 02 00 00 22 12 59 0D 00 00 0D 30 
00 FF FF 00 22 0D 22 93 00 00 02 00 00 22 12 5A 0D 00 00 0E A8 
00 FF FF 00 22 0D 22 93 00 00 02 00 00 22 12 5B 0D 00 00 0D 57 
00 FF FF 00 22 0D 22 93 00 00 02 00 00 22 12 5C 0D 00 00 16 23 
00 FF FF 00 22 0D 22 93 00 00 02 00 00 22 12 5D 0D 00 00 1A 3B 
00 FF FF 00 22 0D 22 93 00 00 02 00 00 22 12 5E 0D 00 00 0C B2 
00 FF FF 00 22 0D 22 93 00 00 02 00 00 22 12 5F 0D 00 00 08 74 
00 FF FF 00 22 0D 22 93 00 00 02 00 00 22 12 60 0D 00 00 12 A7 
00 FF FF 00 22 0D 22 93 00 00 02 00 00 22 12 61 0D 00 00 0B 92 
00 FF FF 00 22 0D 22 93 00 00 02 00 00 22 12 62 0D 00 00 0E 46 
00 FF FF 00 22 0D 22 93 00 00 02 00 00 22 12 63 0D 00 00 0E 55 
00 FF FF 00 22 0D 22 93 00 00 02 00 00 22 12 64 0D 00 00 0B 7D 
00 FF FF 00 22 0D 22 93 00 00 02 00 00 22 12 66 0D 00 00 0E 53 
00 FF FF 00 22 0D 22 93 00 00 02 00 00 22 12 67 0D 00 00 0B AA 
00 FF FF 00 22 0D 22 93 00 00 02 00 00 22 12 68 0D 00 00 23 53 
00 FF FF 00 22 0D 22 93 00 00 02 00 00 22 12 69 0D 00 00 11 50 
00 FF FF 00 22 0D 22 93 00 00 02 00 00 22 12 6A 0D 00 00 13 9F 
00 FF FF 00 22 0D 22 93 00 00 02 00 00 22 12 6B 0D 00 00 0A A6 
00 FF FF 00 22 0D 22 93 00 00 02 00 00 22 12 6C 0D 00 00 08 41 
00 FF FF 00 22 0D 22 93 00 00 02 00 00 22 12 6D 0D 00 00 08 98 
00 FF FF 00 22 0D 22 93 00 00 02 00 00 22 12 6E 0D 00 00 08 B7 
00 FF FF 00 22 0D 22 93 00 00 02 00 00 22 12 6F 0D 00 00 12 E6 
00 FF FF 00 22 0D 22 93 00 00 02 00 00 22 12 70 0D 00 00 0C F5 
00 FF FF 00 22 0D 22 93 00 00 02 00 00 22 12 71 0D 00 00 0B 3D 
00 FF FF 00 22 0D 22 93 00 00 02 00 00 22 12 72 0D 00 00 08 DF 
00 FF FF 00 22 0D 22 93 00 00 02 00 00 22 12 73 0D 00 00 0B D6 
00 FF FF 00 22 0D 22 93 00 00 02 00 00 22 12 74 0D 00 00 15 76 
00 FF FF 00 22 0D 22 93 00 00 02 00 00 22 12 75 0D 00 00 26 D7 
00 FF FF 00 22 0D 22 93 00 00 02 00 00 22 12 76 0D 00 00 12 3B 
00 FF FF 00 22 0D 22 93 00 00 02 00 00 22 12 77 0D 00 00 0C B6 
00 FF FF 00 22 0D 22 93 00 00 02 00 00 22 12 78 0D 00 00 08 F6 
00 FF FF 00 22 0D 22 93 00 00 02 00 00 22 12 79 0D 00 00 08 96 
00 FF FF 00 22 0D 22 93 00 00 02 00 00 22 12 7A 0D 00 00 0D 6B 
00 FF FF 00 22 0D 22 93 00 00 02 00 00 22 12 7B 0D 00 00 0E 7B 
00 FF FF 00 22 0D 22 93 00 00 02 00 00 22 12 7C 0D 00 00 1B AE 
00 FF FF 00 22 0D 22 93 00 00 02 00 00 22 12 7D 0D 00 00 10 A8 
00 FF FF 00 22 0D 22 93 00 00 02 00 00 22 12 7E 0D 00 00 08 5B 
00 FF FF 00 22 0D 22 93 00 00 02 00 00 22 12 7F 0D 00 00 09 16 
00 FF FF 00 22 0D 22 93 00 00 02 00 00 22 12 80 0D 00 00 12 15 
00 FF FF 00 22 0D 22 93 00 00 02 00 00 22 12 81 0D 00 00 13 E2 
00 FF FF 00 22 0D 22 93 00 00 02 00 00 22 12 82 0D 00 00 11 FA 
00 FF FF 00 22 0D 22 93 00 00 02 00 00 22 12 83 0D 00 00 08 EC 
00 FF FF 00 22 0D 22 93 00 00 02 00 00 22 12 84 0D 00 00 07 D0 
00 FF FF 00 22 0D 22 93 00 00 02 00 00 22 12 85 0D 00 00 0A F6 
00 FF FF 00 22 0D 22 93 00 00 02 00 00 22 12 86 0D 00 00 10 A0 
00 FF FF 00 22 0D 22 93 00 00 02 00 00 22 12 87 0D 00 00 14 9D 
00 FF FF 00 22 0D 22 93 00 00 02 00 00 22 12 88 0D 00 00 1C CF 
00 FF FF 00 22 0D 22 93 00 00 02 00 00 22 12 89 0D 00 00 07 DB 
00 FF FF 00 22 0D 22 93 00 00 02 00 00 22 12 8A 0D 00 00 09 26 
00 FF FF 00 22 0D 22 93 00 00 02 00 00 22 12 8B 0D 00 00 17 72 
00 FF FF 00 22 0D 22 93 00 00 02 00 00 22 12 8C 0D 00 00 0A 00 
00 FF FF 00 22 0D 22 93 00 00 02 00 00 22 12 8D 0D 00 00 0F 65 
00 FF FF 00 22 0D 22 93 00 00 02 00 00 22 12 8E 0D 00 00 09 21 
00 FF FF 00 22 0D 22 93 00 00 02 00 00 22 12 8F 0D 00 00 08 3D 
00 FF FF 00 22 0D 22 93 00 00 02 00 00 22 12 90 0D 00 00 0D 61 
00 FF FF 00 22 0D 22 93 00 00 02 00 00 22 12 91 0D 00 00 0E C8 
00 FF FF 00 22 0D 22 93 00 00 02 00 00 22 12 92 0D 00 00 0E 02 
00 FF FF 00 22 0D 22 93 00 00 02 00 00 22 12 93 0D 00 00 10 90 
00 FF FF 00 22 0D 22 93 00 00 02 00 00 22 12 94 0D 00 00 0C B8 
00 FF FF 00 22 0D 22 93 00 00 02 00 00 22 12 95 0D 00 00 0B 18 
00 FF FF 00 22 0D 22 93 00 00 02 00 00 22 12 96 0D 00 00 16 DC 
00 FF FF 00 22 0D 22 93 00 00 02 00 00 22 12 97 0D 00 00 17 77 
00 FF FF 00 22 0D 22 93 00 00 02 00 00 22 12 98 0D 00 00 0C 82 
00 FF FF 00 22 0D 22 93 00 00 02 00 00 22 12 99 0D 00 00 0A 9B 
00 FF FF 00 22 0D 22 93 00 00 02 00 00 22 12 9A 0D 00 00 18 42 
00 FF FF 00 22 0D 22 93 00 00 02 00 00 22 12 9B 0D 00 00 09 33 
00 FF FF 00 22 0D 22 93 00 00 02 00 00 22 12 9C 0D 00 00 12 23 
00 FF FF 00 22 0D 22 93 00 00 02 00 00 22 12 9D 0D 00 00 0F 1D 
00 FF FF 00 22 0D 22 93 00 00 02 00 00 22 12 9E 0D 00 00 0A 37 
00 FF FF 00 22 0D 22 93 00 00 02 00 00 22 12 9F 0D 00 00 08 67 
00 FF FF 00 22 0D 22 93 00 00 02 00 00 22 12 A0 0D 00 00 0E 1C 
00 FF FF 00 22 0D 22 93 00 00 02 00 00 22 12 A1 0D 00 00 0D 21 
00 FF FF 00 22 0D 22 93 00 00 02 00 00 22 12 A2 0D 00 00 13 A4 
00 FF FF 00 22 0D 22 93 00 00 02 00 00 22 12 A3 0D 00 00 18 BD 
00 FF FF 00 22 0D 22 93 00 00 02 00 00 22 12 A5 0D 00 00 0C 2F 
00 FF FF 00 22 0D 22 93 00 00 02 00 00 22 12 A6 0D 00 00 08 2F 
00 FF FF 00 22 0D 22 93 00 00 02 00 00 22 12 A7 0D 00 00 0A 07 
00 FF FF 00 22 0D 22 93 00 00 02 00 00 22 12 A8 0D 00 00 0D 31 
00 FF FF 00 22 0D 22 93 00 00 02 00 00 22 12 A9 0D 00 00 1D A3 
00 FF FF 00 22 0D 22 93 00 00 02 00 00 22 12 AA 0D 00 00 0F 6F 
00 FF FF 00 22 0D 22 93 00 00 02 00 00 22 12 AB 0D 00 00 08 68 
00 FF FF 00 22 0D 22 93 00 00 02 00 00 22 12 AC 0D 00 00 0B 74 
00 FF FF 00 22 0D 22 93 00 00 02 00 00 22 12 AD 0D 00 00 08 00 
00 FF FF 00 22 0D 22 93 00 00 02 00 00 22 12 AE 0D 00 00 0C F3 
00 FF FF 00 22 0D 22 93 00 00 02 00 00 22 12 AF 0D 00 00 08 B2 
00 FF FF 00 22 0D 22 93 00 00 02 00 00 22 12 B0 0D 00 00 08 28 
00 FF FF 00 22 0D 22 93 00 00 02 00 00 22 12 B1 0D 00 00 08 E4 
00 FF FF 00 22 0D 22 93 00 00 02 00 00 22 12 B2 0D 00 00 0B 4B 
00 FF FF 00 22 0D 22 93 00 00 02 00 00 22 12 B3 0D 00 00 0B 58 
00 FF FF 00 22 0D 22 93 00 00 02 00 00 22 12 B4 0D 00 00 0C 4C 
00 FF FF 00 22 0D 22 93 00 00 02 00 00 22 12 B5 0D 00 00 0D 2C 
00 FF FF 00 22 0D 22 93 00 00 02 00 00 22 12 B6 0D 00 00 08 4E 
00 FF FF 00 22 0D 22 93 00 00 02 00 00 22 12 B7 0D 00 00 0B 02 
00 FF FF 00 22 0D 22 93 00 00 02 00 00 22 12 B8 0D 00 00 08 56 
00 FF FF 00 22 0D 22 93 00 00 02 00 00 22 12 B9 0D 00 00 0A AF 
00 FF FF 00 22 0D 22 93 00 00 02 00 00 22 12 BA 0D 00 00 0A 89 
00 FF FF 00 22 0D 22 93 00 00 02 00 00 22 12 BB 0D 00 00 0B 96 
00 FF FF 00 22 0D 22 93 00 00 02 00 00 22 12 BC 0D 00 00 1F F2 
00 FF FF 00 22 0D 22 93 00 00 02 00 00 22 12 BD 0D 00 00 0A B0 
00 FF FF 00 22 0D 22 93 00 00 02 00 00 22 12 BE 0D 00 00 0A F9 
00 FF FF 00 22 0D 22 93 00 00 02 00 00 22 12 BF 0D 00 00 0B 68 
00 FF FF 00 22 0D 22 93 00 00 02 00 00 22 12 C0 0D 00 00 0D 99 
00 FF FF 00 22 0D 22 93 00 00 02 00 00 22 12 C1 0D 00 00 0A 4D 
00 FF FF 00 22 0D 22 93 00 00 02 00 00 22 12 C2 0D 00 00 08 AB 
00 FF FF 00 22 0D 22 93 00 00 02 00 00 22 12 C3 0D 00 00 09 07 
00 FF FF 00 22 0D 22 93 00 00 02 00 00 22 12 C4 0D 00 00 1B 67 
00 FF FF 00 22 0D 22 93 00 00 02 00 00 22 12 C5 0D 00 00 0F 7D 
00 FF FF 00 22 0D 22 93 00 00 02 00 00 22 12 C6 0D 00 00 11 18 
00 FF FF 00 22 0D 22 93 00 00 02 00 00 22 12 C7 0D 00 00 0A A7 
00 FF FF 00 22 0D 22 93 00 00 02 00 00 22 12 C8 0D 00 00 09 5D 
00 FF FF 00 22 0D 22 93 00 00 02 00 00 22 12 C9 0D 00 00 09 18 
00 FF FF 00 22 0D 22 93 00 00 02 00 00 22 12 CA 0D 00 00 0E 2D 
00 FF FF 00 22 0D 22 93 00 00 02 00 00 22 12 CB 0D 00 00 13 9C 
00 FF FF 00 22 0D 22 93 00 00 02 00 00 22 12 CC 0D 00 00 17 2F 
00 FF FF 00 22 0D 22 93 00 00 02 00 00 22 12 CD 0D 00 00 0E D5 
00 FF FF 00 22 0D 22 93 00 00 02 00 00 22 12 CE 0D 00 00 0B 5A 
00 FF FF 00 22 0D 22 93 00 00 02 00 00 22 12 CF 0D 00 00 09 9E 
00 FF FF 00 22 0D 22 93 00 00 02 00 00 22 12 D0 0D 00 00 08 0E 
00 FF FF 00 22 0D 22 93 00 00 02 00 00 22 12 D1 0D 00 00 0A 0D 
00 FF FF 00 22 0D 22 93 00 00 02 00 00 22 12 D2 0D 00 00 0C 72 
00 FF FF 00 22 0D 22 93 00 00 02 00 00 22 12 D3 0D 00 00 0F 8E 
00 FF FF 00 22 0D 22 93 00 00 02 00 00 22 12 D4 0D 00 00 13 93 
00 FF FF 00 22 0D 22 93 00 00 02 00 00 22 12 D5 0D 00 00 09 B8 
00 FF FF 00 22 0D 22 93 00 00 02 00 00 22 12 D6 0D 00 00 08 85 
00 FF FF 00 22 0D 22 93 00 00 02 00 00 22 12 D7 0D 00 00 0D C9 
00 FF FF 00 22 0D 22 93 00 00 02 00 00 22 12 D8 0D 00 00 09 14 
00 FF FF 00 22 0D 22 93 00 00 02 00 00 22 12 D9 0D 00 00 14 A0 
00 FF FF 00 22 0D 22 93 00 00 02 00 00 22 12 DA 0D 00 00 0C 00 
00 FF FF 00 22 0D 22 93 00 00 02 00 00 22 12 DB 0D 00 00 0B 8A 
00 FF FF 00 22 0D 22 93 00 00 02 00 00 22 12 DC 0D 00 00 08 A6 
00 FF FF 00 22 0D 22 93 00 00 02 00 00 22 12 DD 0D 00 00 08 20 
00 FF FF 00 22 0D 22 93 00 00 02 00 00 22 12 DE 0D 00 00 0C 90 
00 FF FF 00 22 0D 22 93 00 00 02 00 00 22 12 DF 0D 00 00 0F 6F 
00 FF FF 00 22 0D 22 93 00 00 02 00 00 22 12 E0 0D 00 00 0F 44 
00 FF FF 00 22 0D 22 93 00 00 02 00 00 22 12 E1 0D 00 00 09 3D 
00 FF FF 00 22 0D 22 93 00 00 02 00 00 22 12 E2 0D 00 00 0C 30 
00 FF FF 00 22 0D 22 93 00 00 02 00 00 22 12 E3 0D 00 00 0B 83 
00 FF FF 00 22 0D 22 93 00 00 02 00 00 22 12 E4 0D 00 00 09 30 
00 FF FF 00 22 0D 22 93 00 00 02 00 00 22 12 E5 0D 00 00 0D 46 
00 FF FF 00 22 0D 22 93 00 00 02 00 00 22 12 E6 0D 00 00 0B E6 
00 FF FF 00 22 0D 22 93 00 00 02 00 00 22 12 E7 0D 00 00 0C 50 
00 FF FF 00 22 0D 22 93 00 00 02 00 00 22 12 E8 0D 00 00 0D B2 
00 FF FF 00 22 0D 22 93 00 00 02 00 00 22 12 E9 0D 00 00 08 A3 
00 FF FF 00 22 0D 22 93 00 00 02 00 00 22 12 EA 0D 00 00 08 B8 
00 FF FF 00 22 0D 22 93 00 00 02 00 00 22 12 EB 0D 00 00 08 FC 
00 FF FF 00 22 0D 22 93 00 00 02 00 00 22 12 EC 0D 00 00 0D B8 
00 FF FF 00 22 0D 22 93 00 00 02 00 00 22 12 ED 0D 00 00 0B 54 
00 FF FF 00 22 0D 22 93 00 00 02 00 00 22 12 EE 0D 00 00 09 2B 
00 FF FF 00 22 0D 22 93 00 00 02 00 00 22 12 EF 0D 00 00 08 CA 
00 FF FF 00 22 0D 22 93 00 00 02 00 00 22 12 F0 0D 00 00 08 A1 
00 FF FF 00 22 0D 22 93 00 00 02 00 00 22 12 F1 0D 00 00 08 CA 
00 FF FF 00 22 0D 22 93 00 00 02 00 00 22 12 F2 0D 00 00 0C A8 
00 FF FF 00 22 0D 22 93 00 00 02 00 00 22 12 F3 0D 00 00 08 A6 
00 FF FF 00 22 0D 22 93 00 00 02 00 00 22 12 F4 0D 00 00 0F E6 
00 FF FF 00 22 0D 22 93 00 00 02 00 00 22 12 F5 0D 00 00 0B 9A 
00 FF FF 00 22 0D 22 93 00 00 02 00 00 22 12 F6 0D 00 00 09 7A 
00 FF FF 00 22 0D 22 93 00 00 02 00 00 22 12 F7 0D 00 00 0D 38 
00 FF FF 00 22 0D 22 93 00 00 02 00 00 22 12 F8 0D 00 00 0A 40 
00 FF FF 00 22 0D 22 93 00 00 02 00 00 22 12 F9 0D 00 00 09 95 
00 FF FF 00 22 0D 22 93 00 00 02 00 00 22 12 FA 0D 00 00 0F 25 
00 FF FF 00 22 0D 22 93 00 00 02 00 00 22 12 FB 0D 00 00 0C 04 
00 FF FF 00 22 0D 22 93 00 00 02 00 00 22 12 FC 0D 00 00 17 A5 
00 FF FF 00 22 0D 22 93 00 00 02 00 00 22 12 FD 0D 00 00 09 88 
00 FF FF 00 22 0D 22 93 00 00 02 00 00 22 12 FE 0D 00 00 08 8B 
00 FF FF 00 22 0D 22 93 00 00 02 00 00 22 12 FF 0D 00 00 08 D1 
00 FF FF 00 22 0D 22 93 00 00 02 00 00 22 13 00 0D 00 00 08 CB 
00 FF FF 00 22 0D 22 93 00 00 02 00 00 22 13 01 0D 00 00 0D 94 
00 FF FF 00 22 0D 22 93 00 00 02 00 00 22 13 02 0D 00 00 0B 89 
00 FF FF 00 22 0D 22 93 00 00 02 00 00 22 13 03 0D 00 00 0E EA 
00 FF FF 00 22 0D 22 93 00 00 02 00 00 22 13 04 0D 00 00 07 DB 
00 FF FF 00 22 0D 22 93 00 00 02 00 00 22 13 05 0D 00 00 0E 6F 
00 FF FF 00 22 0D 22 93 00 00 02 00 00 22 13 06 0D 00 00 0F 91 
00 FF FF 00 22 0D 22 93 00 00 02 00 00 22 13 07 0D 00 00 0A 21 
00 FF FF 00 22 0D 22 93 00 00 02 00 00 22 13 08 0D 00 00 0D 6C 
00 FF FF 00 22 0D 22 93 00 00 02 00 00 22 13 09 0D 00 00 08 1C 
00 FF FF 00 22 0D 22 93 00 00 02 00 00 22 13 0A 0D 00 00 09 58 
00 FF FF 00 22 0D 22 93 00 00 02 00 00 22 13 0B 0D 00 00 0A B5 
00 FF FF 00 22 0D 22 93 00 00 02 00 00 22 13 0D 0D 00 00 0C 24 
00 FF FF 00 22 0D 22 93 00 00 02 00 00 22 13 0E 0D 00 00 0A 79 
00 FF FF 00 22 0D 22 93 00 00 02 00 00 22 13 0F 0D 00 00 07 E7 
00 FF FF 00 22 0D 22 93 00 00 02 00 00 22 13 10 0D 00 00 09 64 
00 FF FF 00 22 0D 22 93 00 00 02 00 00 22 13 11 0D 00 00 0C DD 
00 FF FF 00 22 0D 22 93 00 00 02 00 00 22 13 12 0D 00 00 0F 0D 
00 FF FF 00 22 0D 22 93 00 00 02 00 00 22 13 13 0D 00 00 09 C5 
00 FF FF 00 22 0D 22 93 00 00 02 00 00 22 13 14 0D 00 00 08 A4 
00 FF FF 00 22 0D 22 93 00 00 02 00 00 22 13 15 0D 00 00 20 EA 
00 FF FF 00 22 0D 22 93 00 00 02 00 00 22 13 16 0D 00 00 1B C6 
00 FF FF 00 22 0D 22 93 00 00 02 00 00 22 13 17 0D 00 00 09 26 
00 FF FF 00 22 0D 22 93 00 00 02 00 00 22 13 18 0D 00 00 09 07 
00 FF FF 00 22 0D 22 93 00 00 02 00 00 22 13 19 0D 00 00 0A 5C 
00 FF FF 00 22 0D 22 93 00 00 02 00 00 22 13 1A 0D 00 00 0B 52 
00 FF FF 00 22 0D 22 93 00 00 02 00 00 22 13 1B 0D 00 00 19 F2 
00 FF FF 00 22 0D 22 93 00 00 02 00 00 22 13 1C 0D 00 00 09 C8 
00 FF FF 00 22 0D 22 93 00 00 02 00 00 22 13 1D 0D 00 00 0B BD 
00 FF FF 00 22 0D 22 93 00 00 02 00 00 22 13 1E 0D 00 00 08 86 
00 FF FF 00 22 0D 22 93 00 00 02 00 00 22 13 1F 0D 00 00 08 63 
00 FF FF 00 22 0D 22 93 00 00 02 00 00 22 13 20 0D 00 00 0D E8 
00 FF FF 00 22 0D 22 93 00 00 02 00 00 22 13 23 0D 00 00 0A A8 
00 FF FF 00 22 0D 22 93 00 00 02 00 00 22 13 24 0D 00 00 0F 42 
00 FF FF 00 22 0D 22 93 00 00 02 00 00 22 13 25 0D 00 00 0D 90 
00 FF FF 00 22 0D 22 93 00 00 02 00 00 22 13 26 0D 00 00 0B 24 
00 FF FF 00 22 0D 22 93 00 00 02 00 00 22 13 27 0D 00 00 10 6F 
00 FF FF 00 22 0D 22 93 00 00 02 00 00 22 13 28 0D 00 00 0A E8 
00 FF FF 00 22 0D 22 93 00 00 02 00 00 22 13 29 0D 00 00 0D D1 
00 FF FF 00 22 0D 22 93 00 00 02 00 00 22 13 2A 0D 00 00 0F B2 
00 FF FF 00 22 0D 22 93 00 00 02 00 00 22 13 2B 0D 00 00 22 BA 
00 FF FF 00 22 0D 22 93 00 00 02 00 00 22 13 2C 0D 00 00 0C 52 
00 FF FF 00 22 0D 22 93 00 00 02 00 00 22 13 2D 0D 00 00 0B 73 
00 FF FF 00 22 0D 22 93 00 00 02 00 00 22 13 2E 0D 00 00 0B AB 
00 FF FF 00 22 0D 22 93 00 00 02 00 00 22 13 2F 0D 00 00 0B 7A 
00 FF FF 00 22 0D 22 93 00 00 02 00 00 22 13 30 0D 00 00 1E 3D 
00 FF FF 00 22 0D 22 93 00 00 02 00 00 22 13 31 0D 00 00 21 33 
00 FF FF 00 22 0D 22 93 00 00 02 00 00 22 13 33 0D 00 00 0F 8E 
00 FF FF 00 22 0D 22 93 00 00 02 00 00 22 13 34 0D 00 00 08 FC 
00 FF FF 00 22 0D 22 93 00 00 02 00 00 22 13 35 0D 00 00 0B 0C 
00 FF FF 00 22 0D 22 93 00 00 02 00 00 22 13 36 0D 00 00 08 84 
00 FF FF 00 22 0D 22 93 00 00 02 00 00 22 13 37 0D 00 00 09 54 
00 FF FF 00 22 0D 22 93 00 00 02 00 00 22 13 38 0D 00 00 09 FF 
00 FF FF 00 22 0D 22 93 00 00 02 00 00 22 13 39 0D 00 00 0D B1 
00 FF FF 00 22 0D 22 93 00 00 02 00 00 22 13 3A 0D 00 00 09 2F 
00 FF FF 00 22 0D 22 93 00 00 02 00 00 22 13 3B 0D 00 00 09 0D 
00 FF FF 00 22 0D 22 93 00 00 02 00 00 22 13 3C 0D 00 00 0E 95 
00 FF FF 00 22 0D 22 93 00 00 02 00 00 22 13 3D 0D 00 00 0A DA 
00 FF FF 00 22 0D 22 93 00 00 02 00 00 22 13 3E 0D 00 00 0E D3 
00 FF FF 00 22 0D 22 93 00 00 02 00 00 22 13 3F 0D 00 00 0A 91 
00 FF FF 00 22 0D 22 93 00 00 02 00 00 22 13 40 0D 00 00 0A 68 
00 FF FF 00 22 0D 22 93 00 00 02 00 00 22 13 41 0D 00 00 08 94 
00 FF FF 00 22 0D 22 93 00 00 02 00 00 22 13 42 0D 00 00 09 4E 
00 FF FF 00 22 0D 22 93 00 00 02 00 00 22 13 43 0D 00 00 09 7B 
00 FF FF 00 22 0D 22 93 00 00 02 00 00 22 13 44 0D 00 00 27 3D 
00 FF FF 00 22 0D 22 93 00 00 02 00 00 22 13 45 0D 00 00 0A 88 
00 FF FF 00 22 0D 22 93 00 00 02 00 00 22 13 46 0D 00 00 0D 06 
00 FF FF 00 22 0D 22 93 00 00 02 00 00 22 13 47 0D 00 00 0A 78 
00 FF FF 00 22 0D 22 93 00 00 02 00 00 22 13 48 0D 00 00 0D 43 
00 FF FF 00 22 0D 22 93 00 00 02 00 00 22 13 49 0D 00 00 09 C2 
00 FF FF 00 22 0D 22 93 00 00 02 00 00 22 13 4A 0D 00 00 0D 26 
00 FF FF 00 22 0D 22 93 00 00 02 00 00 22 13 4B 0D 00 00 08 65 
00 FF FF 00 22 0D 22 93 00 00 02 00 00 22 13 4C 0D 00 00 0A 54 
00 FF FF 00 22 0D 22 93 00 00 02 00 00 22 13 4D 0D 00 00 0A 08 
00 FF FF 00 22 0D 22 93 00 00 02 00 00 22 13 4E 0D 00 00 08 E7 
00 FF FF 00 22 0D 22 93 00 00 02 00 00 22 13 4F 0D 00 00 0C 3B 
00 FF FF 00 22 0D 22 93 00 00 02 00 00 22 13 50 0D 00 00 28 14 
00 FF FF 00 22 0D 22 93 00 00 02 00 00 22 13 51 0D 00 00 17 C3 
00 FF FF 00 22 0D 22 93 00 00 02 00 00 22 13 52 0D 00 00 0B 2B 
00 FF FF 00 22 0D 22 93 00 00 02 00 00 22 13 53 0D 00 00 08 FE 
00 FF FF 00 22 0D 22 93 00 00 02 00 00 22 13 54 0D 00 00 08 47 
00 FF FF 00 22 0D 22 93 00 00 02 00 00 22 13 55 0D 00 00 15 DD 
00 FF FF 00 22 0D 22 93 00 00 02 00 00 22 13 56 0D 00 00 08 B9 
00 FF FF 00 22 0D 22 93 00 00 02 00 00 22 13 57 0D 00 00 0C E8 
00 FF FF 00 22 0D 22 93 00 00 02 00 00 22 13 58 0D 00 00 09 47 
00 FF FF 00 22 0D 22 93 00 00 02 00 00 22 13 59 0D 00 00 0A 0F 
00 FF FF 00 22 0D 22 93 00 00 02 00 00 22 13 5A 0D 00 00 12 87 
00 FF FF 00 22 0D 22 93 00 00 02 00 00 22 13 5B 0D 00 00 0E 80 
00 FF FF 00 22 0D 22 93 00 00 02 00 00 22 13 5C 0D 00 00 0F F2 
00 FF FF 00 22 0D 22 93 00 00 02 00 00 22 13 5D 0D 00 00 0E DA 
00 FF FF 00 22 0D 22 93 00 00 02 00 00 22 13 5E 0D 00 00 0B 7B 
00 FF FF 00 22 0D 22 93 00 00 02 00 00 22 13 5F 0D 00 00 0A 23 
00 FF FF 00 22 0D 22 93 00 00 02 00 00 22 13 60 0D 00 00 07 F6 
00 FF FF 00 22 0D 22 93 00 00 02 00 00 22 13 61 0D 00 00 0B 90 
00 FF FF 00 22 0D 22 93 00 00 02 00 00 22 13 62 0D 00 00 08 12 
00 FF FF 00 22 0D 22 93 00 00 02 00 00 22 13 63 0D 00 00 18 17 
00 FF FF 00 22 0D 22 93 00 00 02 00 00 22 13 64 0D 00 00 15 3D 
00 FF FF 00 22 0D 22 93 00 00 02 00 00 22 13 65 0D 00 00 08 C1 
00 FF FF 00 22 0D 22 93 00 00 02 00 00 22 13 66 0D 00 00 12 58 
00 FF FF 00 22 0D 22 93 00 00 02 00 00 22 13 67 0D 00 00 0E A0 
00 FF FF 00 22 0D 22 93 00 00 02 00 00 22 13 68 0D 00 00 0B 2B 
00 FF FF 00 22 0D 22 93 00 00 02 00 00 22 13 69 0D 00 00 11 9B 
00 FF FF 00 22 0D 22 93 00 00 02 00 00 22 13 6B 0D 00 00 0E 43 
00 FF FF 00 22 0D 22 93 00 00 02 00 00 22 13 6C 0D 00 00 0F 46 
00 FF FF 00 22 0D 22 93 00 00 02 00 00 22 13 6D 0D 00 00 0F 8B 
00 FF FF 00 22 0D 22 93 00 00 02 00 00 22 13 6E 0D 00 00 09 A8 
00 FF FF 00 22 0D 22 93 00 00 02 00 00 22 13 6F 0D 00 00 09 08 
00 FF FF 00 22 0D 22 93 00 00 02 00 00 22 13 70 0D 00 00 0C 6F 
00 FF FF 00 22 0D 22 93 00 00 02 00 00 22 13 71 0D 00 00 11 5C 
00 FF FF 00 22 0D 22 93 00 00 02 00 00 22 13 72 0D 00 00 0E 3B 
00 FF FF 00 22 0D 22 93 00 00 02 00 00 22 13 73 0D 00 00 0A 6E 
00 FF FF 00 22 0D 22 93 00 00 02 00 00 22 13 74 0D 00 00 0A 8F 
00 FF FF 00 22 0D 22 93 00 00 02 00 00 22 13 75 0D 00 00 07 E6 
00 FF FF 00 22 0D 22 93 00 00 02 00 00 22 13 76 0D 00 00 0C AB 
00 FF FF 00 22 0D 22 93 00 00 02 00 00 22 13 77 0D 00 00 08 EF 
00 FF FF 00 22 0D 22 93 00 00 02 00 00 22 13 78 0D 00 00 07 F1 
00 FF FF 00 22 0D 22 93 00 00 02 00 00 22 13 79 0D 00 00 0E 6C 
00 FF FF 00 22 0D 22 93 00 00 02 00 00 22 13 7A 0D 00 00 11 FB 
00 FF FF 00 22 0D 22 93 00 00 02 00 00 22 13 7B 0D 00 00 0E 59 
00 FF FF 00 22 0D 22 93 00 00 02 00 00 22 13 7C 0D 00 00 0E 0C 
00 FF FF 00 22 0D 22 93 00 00 02 00 00 22 13 7D 0D 00 00 0A A3 
00 FF FF 00 22 0D 22 93 00 00 02 00 00 22 13 7E 0D 00 00 08 9D 
00 FF FF 00 22 0D 22 93 00 00 02 00 00 22 13 7F 0D 00 00 0E E8 
00 FF FF 00 22 0D 22 93 00 00 02 00 00 22 13 80 0D 00 00 2B 84 
00 FF FF 00 22 0D 22 93 00 00 02 00 00 22 13 81 0D 00 00 1E 34 
00 FF FF 00 22 0D 22 93 00 00 02 00 00 22 13 82 0D 00 00 1B 79 
00 FF FF 00 22 0D 22 93 00 00 02 00 00 22 13 83 0D 00 00 0C 68 
00 FF FF 00 22 0D 22 93 00 00 02 00 00 22 13 84 0D 00 00 08 E5 
00 FF FF 00 22 0D 22 93 00 00 02 00 00 22 13 85 0D 00 00 0A C3 
00 FF FF 00 22 0D 22 93 00 00 02 00 00 22 13 86 0D 00 00 20 5B 
00 FF FF 00 22 0D 22 93 00 00 02 00 00 22 13 87 0D 00 00 10 4A 
00 FF FF 00 22 0D 22 93 00 00 02 00 00 22 13 89 0D 00 00 16 B7 
00 FF FF 00 22 0D 22 93 00 00 02 00 00 22 13 8A 0D 00 00 0A DD 
00 FF FF 00 22 0D 22 93 00 00 02 00 00 22 13 8B 0D 00 00 0E 9F 
00 FF FF 00 22 0D 22 93 00 00 02 00 00 22 13 8C 0D 00 00 11 93 
00 FF FF 00 22 0D 22 93 00 00 02 00 00 22 13 8D 0D 00 00 10 62 
00 FF FF 00 22 0D 22 93 00 00 02 00 00 22 13 8E 0D 00 00 0F BA 
00 FF FF 00 22 0D 22 93 00 00 02 00 00 22 13 8F 0D 00 00 1B 0F 
00 FF FF 00 22 0D 22 93 00 00 02 00 00 22 13 90 0D 00 00 0F 1E 
00 FF FF 00 22 0D 22 93 00 00 02 00 00 22 13 91 0D 00 00 09 F5 
00 FF FF 00 22 0D 22 93 00 00 02 00 00 22 13 92 0D 00 00 08 15 
00 FF FF 00 22 0D 22 93 00 00 02 00 00 22 13 93 0D 00 00 0F 31 
00 FF FF 00 22 0D 22 93 00 00 02 00 00 22 13 94 0D 00 00 0D 46 
00 FF FF 00 22 0D 22 93 00 00 02 00 00 22 13 95 0D 00 00 20 87 
00 FF FF 00 22 0D 22 93 00 00 02 00 00 22 13 96 0D 00 00 23 09 
00 FF FF 00 22 0D 22 93 00 00 02 00 00 22 13 97 0D 00 00 14 EC 
00 FF FF 00 22 0D 22 93 00 00 02 00 00 22 13 98 0D 00 00 0D 1C 
00 FF FF 00 22 0D 22 93 00 00 02 00 00 22 13 99 0D 00 00 08 C9 
00 FF FF 00 22 0D 22 93 00 00 02 00 00 22 13 9A 0D 00 00 12 2F 
00 FF FF 00 22 0D 22 93 00 00 02 00 00 22 13 9B 0D 00 00 15 80 
00 FF FF 00 22 0D 22 93 00 00 02 00 00 22 13 9C 0D 00 00 11 13 
00 FF FF 00 22 0D 22 93 00 00 02 00 00 22 13 9D 0D 00 00 1C D4 
00 FF FF 00 22 0D 22 93 00 00 02 00 00 22 13 9E 0D 00 00 0F 03 
00 FF FF 00 22 0D 22 93 00 00 02 00 00 22 13 9F 0D 00 00 0B 8B 
00 FF FF 00 22 0D 22 93 00 00 02 00 00 22 13 A0 0D 00 00 08 FC 
00 FF FF 00 22 0D 22 93 00 00 02 00 00 22 13 A1 0D 00 00 0F 6F 
00 FF FF 00 22 0D 22 93 00 00 02 00 00 22 13 A2 0D 00 00 12 6B 
00 FF FF 00 22 0D 22 93 00 00 02 00 00 22 13 A3 0D 00 00 0C 24 
00 FF FF 00 22 0D 22 93 00 00 02 00 00 22 13 A4 0D 00 00 23 D7 
00 FF FF 00 22 0D 22 93 00 00 02 00 00 22 13 A5 0D 00 00 10 7F 
00 FF FF 00 22 0D 22 93 00 00 02 00 00 22 13 A6 0D 00 00 0A 7E 
00 FF FF 00 22 0D 22 93 00 00 02 00 00 22 13 A7 0D 00 00 09 3F 
00 FF FF 00 22 0D 22 93 00 00 02 00 00 22 13 A8 0D 00 00 09 77 
00 FF FF 00 22 0D 22 93 00 00 02 00 00 22 13 A9 0D 00 00 0B C0 
