00 FF FF 00 22 0D 22 93 00 00 02 00 00 22 07 4C 0D 00 00 0C 21 
00 FF FF 00 22 0D 22 93 00 00 02 00 00 22 07 4D 0D 00 00 10 C5 
00 FF FF 00 22 0D 22 93 00 00 02 00 00 22 07 4E 0D 00 00 11 5B 
00 FF FF 00 22 0D 22 93 00 00 02 00 00 22 07 50 0D 00 00 1C 89 
00 FF FF 00 22 0D 22 93 00 00 02 00 00 22 07 51 0D 00 00 0F 93 
00 FF FF 00 22 0D 22 93 00 00 02 00 00 22 07 52 0D 00 00 0D 93 
00 FF FF 00 22 0D 22 93 00 00 02 00 00 22 07 53 0D 00 00 0F E1 
00 FF FF 00 22 0D 22 93 00 00 02 00 00 22 07 54 0D 00 00 0F 11 
00 FF FF 00 22 0D 22 93 00 00 02 00 00 22 07 55 0D 00 00 12 95 
00 FF FF 00 22 0D 22 93 00 00 02 00 00 22 07 56 0D 00 00 12 6A 
00 FF FF 00 22 0D 22 93 00 00 02 00 00 22 07 57 0D 00 00 15 A3 
00 FF FF 00 22 0D 22 93 00 00 02 00 00 22 07 58 0D 00 00 13 C6 
00 FF FF 00 22 0D 22 93 00 00 02 00 00 22 07 59 0D 00 00 0E 52 
00 FF FF 00 22 0D 22 93 00 00 02 00 00 22 07 5C 0D 00 00 0B D0 
00 FF FF 00 22 0D 22 93 00 00 02 00 00 22 07 5E 0D 00 00 16 54 
00 FF FF 00 22 0D 22 93 00 00 02 00 00 22 07 5F 0D 00 00 0C 68 
00 FF FF 00 22 0D 22 93 00 00 02 00 00 22 07 60 0D 00 00 0F BF 
00 FF FF 00 22 0D 22 93 00 00 02 00 00 22 07 61 0D 00 00 0D 6A 
00 FF FF 00 22 0D 22 93 00 00 02 00 00 22 07 62 0D 00 00 0E AB 
00 FF FF 00 22 0D 22 93 00 00 02 00 00 22 07 63 0D 00 00 09 02 
00 FF FF 00 22 0D 22 93 00 00 02 00 00 22 07 64 0D 00 00 16 94 
00 FF FF 00 22 0D 22 93 00 00 02 00 00 22 07 65 0D 00 00 1C 69 
00 FF FF 00 22 0D 22 93 00 00 02 00 00 22 07 66 0D 00 00 15 95 
00 FF FF 00 22 0D 22 93 00 00 02 00 00 22 07 67 0D 00 00 0D A4 
00 FF FF 00 22 0D 22 93 00 00 02 00 00 22 07 68 0D 00 00 0E EA 
00 FF FF 00 22 0D 22 93 00 00 02 00 00 22 07 69 0D 00 00 13 66 
00 FF FF 00 22 0D 22 93 00 00 02 00 00 22 07 6A 0D 00 00 16 B8 
00 FF FF 00 22 0D 22 93 00 00 02 00 00 22 07 6B 0D 00 00 0F B5 
00 FF FF 00 22 0D 22 93 00 00 02 00 00 22 07 6C 0D 00 00 10 E5 
00 FF FF 00 22 0D 22 93 00 00 02 00 00 22 07 6D 0D 00 00 18 6F 
00 FF FF 00 22 0D 22 93 00 00 02 00 00 22 07 6E 0D 00 00 0F 01 
00 FF FF 00 22 0D 22 93 00 00 02 00 00 22 07 6F 0D 00 00 12 62 
00 FF FF 00 22 0D 22 93 00 00 02 00 00 22 07 70 0D 00 00 0D 0B 
00 FF FF 00 22 0D 22 93 00 00 02 00 00 22 07 71 0D 00 00 15 15 
00 FF FF 00 22 0D 22 93 00 00 02 00 00 22 07 72 0D 00 00 09 10 
00 FF FF 00 22 0D 22 93 00 00 02 00 00 22 07 73 0D 00 00 23 46 
00 FF FF 00 22 0D 22 93 00 00 02 00 00 22 07 74 0D 00 00 0F B1 
00 FF FF 00 22 0D 22 93 00 00 02 00 00 22 07 75 0D 00 00 0F 0C 
00 FF FF 00 22 0D 22 93 00 00 02 00 00 22 07 76 0D 00 00 0F C8 
00 FF FF 00 22 0D 22 93 00 00 02 00 00 22 07 77 0D 00 00 0B D1 
00 FF FF 00 22 0D 22 93 00 00 02 00 00 22 07 78 0D 00 00 0A FB 
00 FF FF 00 22 0D 22 93 00 00 02 00 00 22 07 79 0D 00 00 19 83 
00 FF FF 00 22 0D 22 93 00 00 02 00 00 22 07 7A 0D 00 00 0D 29 
00 FF FF 00 22 0D 22 93 00 00 02 00 00 22 07 7B 0D 00 00 09 45 
00 FF FF 00 22 0D 22 93 00 00 02 00 00 22 07 7C 0D 00 00 11 D8 
00 FF FF 00 22 0D 22 93 00 00 02 00 00 22 07 7D 0D 00 00 0C 28 
00 FF FF 00 22 0D 22 93 00 00 02 00 00 22 07 7E 0D 00 00 11 A6 
00 FF FF 00 22 0D 22 93 00 00 02 00 00 22 07 7F 0D 00 00 17 0E 
00 FF FF 00 22 0D 22 93 00 00 02 00 00 22 07 80 0D 00 00 0F AC 
00 FF FF 00 22 0D 22 93 00 00 02 00 00 22 07 81 0D 00 00 07 FC 
00 FF FF 00 22 0D 22 93 00 00 02 00 00 22 07 82 0D 00 00 08 27 
00 FF FF 00 22 0D 22 93 00 00 02 00 00 22 07 83 0D 00 00 0C FC 
00 FF FF 00 22 0D 22 93 00 00 02 00 00 22 07 84 0D 00 00 0E 38 
00 FF FF 00 22 0D 22 93 00 00 02 00 00 22 07 85 0D 00 00 10 B2 
00 FF FF 00 22 0D 22 93 00 00 02 00 00 22 07 86 0D 00 00 0B E0 
00 FF FF 00 22 0D 22 93 00 00 02 00 00 22 07 87 0D 00 00 1B 4B 
00 FF FF 00 22 0D 22 93 00 00 02 00 00 22 07 88 0D 00 00 1C 3F 
00 FF FF 00 22 0D 22 93 00 00 02 00 00 22 07 89 0D 00 00 09 5C 
00 FF FF 00 22 0D 22 93 00 00 02 00 00 22 07 8A 0D 00 00 09 06 
00 FF FF 00 22 0D 22 93 00 00 02 00 00 22 07 8B 0D 00 00 08 A6 
00 FF FF 00 22 0D 22 93 00 00 02 00 00 22 07 8C 0D 00 00 0A 38 
00 FF FF 00 22 0D 22 93 00 00 02 00 00 22 07 8D 0D 00 00 14 3D 
00 FF FF 00 22 0D 22 93 00 00 02 00 00 22 07 8E 0D 00 00 08 6F 
00 FF FF 00 22 0D 22 93 00 00 02 00 00 22 07 8F 0D 00 00 08 01 
00 FF FF 00 22 0D 22 93 00 00 02 00 00 22 07 90 0D 00 00 0F 43 
00 FF FF 00 22 0D 22 93 00 00 02 00 00 22 07 91 0D 00 00 0B F8 
00 FF FF 00 22 0D 22 93 00 00 02 00 00 22 07 92 0D 00 00 09 51 
00 FF FF 00 22 0D 22 93 00 00 02 00 00 22 07 93 0D 00 00 08 50 
00 FF FF 00 22 0D 22 93 00 00 02 00 00 22 07 94 0D 00 00 0A DF 
00 FF FF 00 22 0D 22 93 00 00 02 00 00 22 07 95 0D 00 00 08 22 
00 FF FF 00 22 0D 22 93 00 00 02 00 00 22 07 96 0D 00 00 17 E8 
00 FF FF 00 22 0D 22 93 00 00 02 00 00 22 07 97 0D 00 00 0D FA 
00 FF FF 00 22 0D 22 93 00 00 02 00 00 22 07 98 0D 00 00 09 B6 
00 FF FF 00 22 0D 22 93 00 00 02 00 00 22 07 99 0D 00 00 09 E3 
00 FF FF 00 22 0D 22 93 00 00 02 00 00 22 07 9A 0D 00 00 0B B2 
00 FF FF 00 22 0D 22 93 00 00 02 00 00 22 07 9B 0D 00 00 0B 35 
00 FF FF 00 22 0D 22 93 00 00 02 00 00 22 07 9C 0D 00 00 0E DB 
00 FF FF 00 22 0D 22 93 00 00 02 00 00 22 07 9D 0D 00 00 0E 2A 
00 FF FF 00 22 0D 22 93 00 00 02 00 00 22 07 9F 0D 00 00 0D E4 
00 FF FF 00 22 0D 22 93 00 00 02 00 00 22 07 A0 0D 00 00 10 2B 
00 FF FF 00 22 0D 22 93 00 00 02 00 00 22 07 A1 0D 00 00 0B E8 
00 FF FF 00 22 0D 22 93 00 00 02 00 00 22 07 A2 0D 00 00 09 DC 
00 FF FF 00 22 0D 22 93 00 00 02 00 00 22 07 A3 0D 00 00 0C B3 
00 FF FF 00 22 0D 22 93 00 00 02 00 00 22 07 A4 0D 00 00 15 FC 
00 FF FF 00 22 0D 22 93 00 00 02 00 00 22 07 A5 0D 00 00 0F 50 
00 FF FF 00 22 0D 22 93 00 00 02 00 00 22 07 A6 0D 00 00 10 1C 
00 FF FF 00 22 0D 22 93 00 00 02 00 00 22 07 A7 0D 00 00 15 89 
00 FF FF 00 22 0D 22 93 00 00 02 00 00 22 07 A8 0D 00 00 0C 35 
00 FF FF 00 22 0D 22 93 00 00 02 00 00 22 07 A9 0D 00 00 0A 79 
00 FF FF 00 22 0D 22 93 00 00 02 00 00 22 07 AA 0D 00 00 0D CF 
00 FF FF 00 22 0D 22 93 00 00 02 00 00 22 07 AB 0D 00 00 09 69 
00 FF FF 00 22 0D 22 93 00 00 02 00 00 22 07 AC 0D 00 00 11 86 
00 FF FF 00 22 0D 22 93 00 00 02 00 00 22 07 AD 0D 00 00 0C D7 
00 FF FF 00 22 0D 22 93 00 00 02 00 00 22 07 AE 0D 00 00 0B 15 
00 FF FF 00 22 0D 22 93 00 00 02 00 00 22 07 AF 0D 00 00 14 88 
00 FF FF 00 22 0D 22 93 00 00 02 00 00 22 07 B0 0D 00 00 0A 7D 
00 FF FF 00 22 0D 22 93 00 00 02 00 00 22 07 B1 0D 00 00 08 79 
00 FF FF 00 22 0D 22 93 00 00 02 00 00 22 07 B2 0D 00 00 0A C2 
00 FF FF 00 22 0D 22 93 00 00 02 00 00 22 07 B3 0D 00 00 08 50 
00 FF FF 00 22 0D 22 93 00 00 02 00 00 22 07 B4 0D 00 00 13 CF 
00 FF FF 00 22 0D 22 93 00 00 02 00 00 22 07 B5 0D 00 00 0C D3 
00 FF FF 00 22 0D 22 93 00 00 02 00 00 22 07 B6 0D 00 00 0A B4 
00 FF FF 00 22 0D 22 93 00 00 02 00 00 22 07 B7 0D 00 00 0B 17 
00 FF FF 00 22 0D 22 93 00 00 02 00 00 22 07 B8 0D 00 00 10 D6 
00 FF FF 00 22 0D 22 93 00 00 02 00 00 22 07 B9 0D 00 00 11 DB 
00 FF FF 00 22 0D 22 93 00 00 02 00 00 22 07 BA 0D 00 00 0E B7 
00 FF FF 00 22 0D 22 93 00 00 02 00 00 22 07 BB 0D 00 00 1A A7 
00 FF FF 00 22 0D 22 93 00 00 02 00 00 22 07 BC 0D 00 00 10 F0 
00 FF FF 00 22 0D 22 93 00 00 02 00 00 22 07 BD 0D 00 00 13 39 
00 FF FF 00 22 0D 22 93 00 00 02 00 00 22 07 BE 0D 00 00 0E CB 
00 FF FF 00 22 0D 22 93 00 00 02 00 00 22 07 BF 0D 00 00 10 38 
00 FF FF 00 22 0D 22 93 00 00 02 00 00 22 07 C0 0D 00 00 10 48 
00 FF FF 00 22 0D 22 93 00 00 02 00 00 22 07 C1 0D 00 00 11 33 
00 FF FF 00 22 0D 22 93 00 00 02 00 00 22 07 C2 0D 00 00 09 6A 
00 FF FF 00 22 0D 22 93 00 00 02 00 00 22 07 C3 0D 00 00 11 BA 
00 FF FF 00 22 0D 22 93 00 00 02 00 00 22 07 C4 0D 00 00 1C 28 
00 FF FF 00 22 0D 22 93 00 00 02 00 00 22 07 C5 0D 00 00 0D 89 
00 FF FF 00 22 0D 22 93 00 00 02 00 00 22 07 C6 0D 00 00 08 C8 
00 FF FF 00 22 0D 22 93 00 00 02 00 00 22 07 C7 0D 00 00 10 93 
00 FF FF 00 22 0D 22 93 00 00 02 00 00 22 07 C8 0D 00 00 12 AF 
00 FF FF 00 22 0D 22 93 00 00 02 00 00 22 07 C9 0D 00 00 0C 4F 
00 FF FF 00 22 0D 22 93 00 00 02 00 00 22 07 CA 0D 00 00 12 1B 
00 FF FF 00 22 0D 22 93 00 00 02 00 00 22 07 CB 0D 00 00 16 C7 
00 FF FF 00 22 0D 22 93 00 00 02 00 00 22 07 CC 0D 00 00 17 65 
00 FF FF 00 22 0D 22 93 00 00 02 00 00 22 07 CD 0D 00 00 17 79 
00 FF FF 00 22 0D 22 93 00 00 02 00 00 22 07 CE 0D 00 00 0D 4F 
00 FF FF 00 22 0D 22 93 00 00 02 00 00 22 07 CF 0D 00 00 0E E2 
00 FF FF 00 22 0D 22 93 00 00 02 00 00 22 07 D0 0D 00 00 0C 56 
00 FF FF 00 22 0D 22 93 00 00 02 00 00 22 07 D1 0D 00 00 0F 1B 
00 FF FF 00 22 0D 22 93 00 00 02 00 00 22 07 D2 0D 00 00 14 CA 
00 FF FF 00 22 0D 22 93 00 00 02 00 00 22 07 D3 0D 00 00 1A 38 
00 FF FF 00 22 0D 22 93 00 00 02 00 00 22 07 D4 0D 00 00 1B 2A 
00 FF FF 00 22 0D 22 93 00 00 02 00 00 22 07 D5 0D 00 00 12 95 
00 FF FF 00 22 0D 22 93 00 00 02 00 00 22 07 D6 0D 00 00 09 D3 
00 FF FF 00 22 0D 22 93 00 00 02 00 00 22 07 D7 0D 00 00 0E D2 
00 FF FF 00 22 0D 22 93 00 00 02 00 00 22 07 D8 0D 00 00 0F C2 
00 FF FF 00 22 0D 22 93 00 00 02 00 00 22 07 D9 0D 00 00 15 D1 
00 FF FF 00 22 0D 22 93 00 00 02 00 00 22 07 DA 0D 00 00 19 79 
00 FF FF 00 22 0D 22 93 00 00 02 00 00 22 07 DB 0D 00 00 12 0B 
00 FF FF 00 22 0D 22 93 00 00 02 00 00 22 07 DC 0D 00 00 0E A9 
00 FF FF 00 22 0D 22 93 00 00 02 00 00 22 07 DD 0D 00 00 0F 58 
00 FF FF 00 22 0D 22 93 00 00 02 00 00 22 07 DE 0D 00 00 0E 5C 
00 FF FF 00 22 0D 22 93 00 00 02 00 00 22 07 DF 0D 00 00 0D FE 
00 FF FF 00 22 0D 22 93 00 00 02 00 00 22 07 E0 0D 00 00 0E 19 
00 FF FF 00 22 0D 22 93 00 00 02 00 00 22 07 E1 0D 00 00 0A B9 
00 FF FF 00 22 0D 22 93 00 00 02 00 00 22 07 E2 0D 00 00 0B 71 
00 FF FF 00 22 0D 22 93 00 00 02 00 00 22 07 E3 0D 00 00 15 5E 
00 FF FF 00 22 0D 22 93 00 00 02 00 00 22 07 E4 0D 00 00 14 DC 
00 FF FF 00 22 0D 22 93 00 00 02 00 00 22 07 E5 0D 00 00 10 2E 
00 FF FF 00 22 0D 22 93 00 00 02 00 00 22 07 E6 0D 00 00 0F C8 
00 FF FF 00 22 0D 22 93 00 00 02 00 00 22 07 E7 0D 00 00 0A 9F 
00 FF FF 00 22 0D 22 93 00 00 02 00 00 22 07 E8 0D 00 00 07 E2 
00 FF FF 00 22 0D 22 93 00 00 02 00 00 22 07 E9 0D 00 00 0F 33 
00 FF FF 00 22 0D 22 93 00 00 02 00 00 22 07 EA 0D 00 00 0B 3F 
00 FF FF 00 22 0D 22 93 00 00 02 00 00 22 07 EB 0D 00 00 1B D1 
00 FF FF 00 22 0D 22 93 00 00 02 00 00 22 07 EC 0D 00 00 14 58 
00 FF FF 00 22 0D 22 93 00 00 02 00 00 22 07 EE 0D 00 00 0C C7 
00 FF FF 00 22 0D 22 93 00 00 02 00 00 22 07 EF 0D 00 00 10 DE 
00 FF FF 00 22 0D 22 93 00 00 02 00 00 22 07 F0 0D 00 00 0B E7 
00 FF FF 00 22 0D 22 93 00 00 02 00 00 22 07 F1 0D 00 00 0C 45 
00 FF FF 00 22 0D 22 93 00 00 02 00 00 22 07 F2 0D 00 00 17 21 
00 FF FF 00 22 0D 22 93 00 00 02 00 00 22 07 F3 0D 00 00 10 BA 
00 FF FF 00 22 0D 22 93 00 00 02 00 00 22 07 F4 0D 00 00 10 D8 
00 FF FF 00 22 0D 22 93 00 00 02 00 00 22 07 F5 0D 00 00 0D 5C 
00 FF FF 00 22 0D 22 93 00 00 02 00 00 22 07 F6 0D 00 00 10 55 
00 FF FF 00 22 0D 22 93 00 00 02 00 00 22 07 F7 0D 00 00 11 22 
00 FF FF 00 22 0D 22 93 00 00 02 00 00 22 07 F9 0D 00 00 0C 73 
00 FF FF 00 22 0D 22 93 00 00 02 00 00 22 07 FA 0D 00 00 12 36 
00 FF FF 00 22 0D 22 93 00 00 02 00 00 22 07 FB 0D 00 00 09 01 
00 FF FF 00 22 0D 22 93 00 00 02 00 00 22 07 FC 0D 00 00 0E F7 
00 FF FF 00 22 0D 22 93 00 00 02 00 00 22 07 FD 0D 00 00 10 B2 
00 FF FF 00 22 0D 22 93 00 00 02 00 00 22 07 FE 0D 00 00 0F 98 
00 FF FF 00 22 0D 22 93 00 00 02 00 00 22 07 FF 0D 00 00 12 B2 
00 FF FF 00 22 0D 22 93 00 00 02 00 00 22 08 00 0D 00 00 13 CE 
00 FF FF 00 22 0D 22 93 00 00 02 00 00 22 08 01 0D 00 00 0A D5 
00 FF FF 00 22 0D 22 93 00 00 02 00 00 22 08 02 0D 00 00 09 3E 
00 FF FF 00 22 0D 22 93 00 00 02 00 00 22 08 03 0D 00 00 14 3E 
00 FF FF 00 22 0D 22 93 00 00 02 00 00 22 08 04 0D 00 00 1B 30 
00 FF FF 00 22 0D 22 93 00 00 02 00 00 22 08 05 0D 00 00 15 55 
00 FF FF 00 22 0D 22 93 00 00 02 00 00 22 08 06 0D 00 00 11 C2 
00 FF FF 00 22 0D 22 93 00 00 02 00 00 22 08 07 0D 00 00 0E EB 
00 FF FF 00 22 0D 22 93 00 00 02 00 00 22 08 08 0D 00 00 12 6E 
00 FF FF 00 22 0D 22 93 00 00 02 00 00 22 08 09 0D 00 00 12 34 
00 FF FF 00 22 0D 22 93 00 00 02 00 00 22 08 0A 0D 00 00 14 13 
00 FF FF 00 22 0D 22 93 00 00 02 00 00 22 08 0B 0D 00 00 0E 37 
00 FF FF 00 22 0D 22 93 00 00 02 00 00 22 08 0C 0D 00 00 0E 20 
00 FF FF 00 22 0D 22 93 00 00 02 00 00 22 08 0D 0D 00 00 16 60 
00 FF FF 00 22 0D 22 93 00 00 02 00 00 22 08 0E 0D 00 00 11 0F 
00 FF FF 00 22 0D 22 93 00 00 02 00 00 22 08 0F 0D 00 00 10 5E 
00 FF FF 00 22 0D 22 93 00 00 02 00 00 22 08 10 0D 00 00 0A 15 
00 FF FF 00 22 0D 22 93 00 00 02 00 00 22 08 11 0D 00 00 0F BC 
00 FF FF 00 22 0D 22 93 00 00 02 00 00 22 08 12 0D 00 00 0B C1 
00 FF FF 00 22 0D 22 93 00 00 02 00 00 22 08 13 0D 00 00 0C F0 
00 FF FF 00 22 0D 22 93 00 00 02 00 00 22 08 14 0D 00 00 18 58 
00 FF FF 00 22 0D 22 93 00 00 02 00 00 22 08 15 0D 00 00 16 61 
00 FF FF 00 22 0D 22 93 00 00 02 00 00 22 08 16 0D 00 00 13 BA 
00 FF FF 00 22 0D 22 93 00 00 02 00 00 22 08 17 0D 00 00 0C D0 
00 FF FF 00 22 0D 22 93 00 00 02 00 00 22 08 18 0D 00 00 07 EB 
00 FF FF 00 22 0D 22 93 00 00 02 00 00 22 08 19 0D 00 00 0D F7 
00 FF FF 00 22 0D 22 93 00 00 02 00 00 22 08 1A 0D 00 00 0B 2C 
00 FF FF 00 22 0D 22 93 00 00 02 00 00 22 08 1B 0D 00 00 0A 11 
00 FF FF 00 22 0D 22 93 00 00 02 00 00 22 08 1C 0D 00 00 09 7D 
00 FF FF 00 22 0D 22 93 00 00 02 00 00 22 08 1D 0D 00 00 0A 4D 
00 FF FF 00 22 0D 22 93 00 00 02 00 00 22 08 1E 0D 00 00 0B A3 
00 FF FF 00 22 0D 22 93 00 00 02 00 00 22 08 1F 0D 00 00 11 36 
00 FF FF 00 22 0D 22 93 00 00 02 00 00 22 08 20 0D 00 00 08 0F 
00 FF FF 00 22 0D 22 93 00 00 02 00 00 22 08 21 0D 00 00 0B FD 
00 FF FF 00 22 0D 22 93 00 00 02 00 00 22 08 22 0D 00 00 0D 28 
00 FF FF 00 22 0D 22 93 00 00 02 00 00 22 08 23 0D 00 00 08 52 
00 FF FF 00 22 0D 22 93 00 00 02 00 00 22 08 24 0D 00 00 08 B8 
00 FF FF 00 22 0D 22 93 00 00 02 00 00 22 08 25 0D 00 00 0C C8 
00 FF FF 00 22 0D 22 93 00 00 02 00 00 22 08 26 0D 00 00 10 0F 
00 FF FF 00 22 0D 22 93 00 00 02 00 00 22 08 27 0D 00 00 0F 92 
00 FF FF 00 22 0D 22 93 00 00 02 00 00 22 08 28 0D 00 00 0E 3E 
00 FF FF 00 22 0D 22 93 00 00 02 00 00 22 08 29 0D 00 00 08 0E 
00 FF FF 00 22 0D 22 93 00 00 02 00 00 22 08 2A 0D 00 00 0C 57 
00 FF FF 00 22 0D 22 93 00 00 02 00 00 22 08 2B 0D 00 00 0A B3 
00 FF FF 00 22 0D 22 93 00 00 02 00 00 22 08 2C 0D 00 00 0E 9D 
00 FF FF 00 22 0D 22 93 00 00 02 00 00 22 08 2D 0D 00 00 0A 14 
00 FF FF 00 22 0D 22 93 00 00 02 00 00 22 08 2E 0D 00 00 07 F0 
00 FF FF 00 22 0D 22 93 00 00 02 00 00 22 08 2F 0D 00 00 0A AA 
00 FF FF 00 22 0D 22 93 00 00 02 00 00 22 08 30 0D 00 00 09 E0 
00 FF FF 00 22 0D 22 93 00 00 02 00 00 22 08 31 0D 00 00 08 1C 
00 FF FF 00 22 0D 22 93 00 00 02 00 00 22 08 32 0D 00 00 08 E6 
00 FF FF 00 22 0D 22 93 00 00 02 00 00 22 08 33 0D 00 00 09 30 
00 FF FF 00 22 0D 22 93 00 00 02 00 00 22 08 35 0D 00 00 0A CF 
00 FF FF 00 22 0D 22 93 00 00 02 00 00 22 08 36 0D 00 00 0B ED 
00 FF FF 00 22 0D 22 93 00 00 02 00 00 22 08 37 0D 00 00 0C E6 
00 FF FF 00 22 0D 22 93 00 00 02 00 00 22 08 38 0D 00 00 10 6C 
00 FF FF 00 22 0D 22 93 00 00 02 00 00 22 08 39 0D 00 00 12 7E 
00 FF FF 00 22 0D 22 93 00 00 02 00 00 22 08 3A 0D 00 00 17 2E 
00 FF FF 00 22 0D 22 93 00 00 02 00 00 22 08 3C 0D 00 00 09 CF 
00 FF FF 00 22 0D 22 93 00 00 02 00 00 22 08 3D 0D 00 00 0E 6E 
00 FF FF 00 22 0D 22 93 00 00 02 00 00 22 08 3E 0D 00 00 0B 1C 
00 FF FF 00 22 0D 22 93 00 00 02 00 00 22 08 3F 0D 00 00 11 DA 
00 FF FF 00 22 0D 22 93 00 00 02 00 00 22 08 40 0D 00 00 10 CB 
00 FF FF 00 22 0D 22 93 00 00 02 00 00 22 08 41 0D 00 00 14 1B 
00 FF FF 00 22 0D 22 93 00 00 02 00 00 22 08 42 0D 00 00 0A BB 
00 FF FF 00 22 0D 22 93 00 00 02 00 00 22 08 43 0D 00 00 0C 95 
00 FF FF 00 22 0D 22 93 00 00 02 00 00 22 08 44 0D 00 00 08 9B 
00 FF FF 00 22 0D 22 93 00 00 02 00 00 22 08 45 0D 00 00 0D DF 
00 FF FF 00 22 0D 22 93 00 00 02 00 00 22 08 46 0D 00 00 08 34 
00 FF FF 00 22 0D 22 93 00 00 02 00 00 22 08 47 0D 00 00 0F F1 
00 FF FF 00 22 0D 22 93 00 00 02 00 00 22 08 48 0D 00 00 0E 32 
00 FF FF 00 22 0D 22 93 00 00 02 00 00 22 08 49 0D 00 00 0C 1B 
00 FF FF 00 22 0D 22 93 00 00 02 00 00 22 08 4A 0D 00 00 12 DD 
00 FF FF 00 22 0D 22 93 00 00 02 00 00 22 08 4B 0D 00 00 0C A6 
00 FF FF 00 22 0D 22 93 00 00 02 00 00 22 08 4C 0D 00 00 0A 0E 
00 FF FF 00 22 0D 22 93 00 00 02 00 00 22 08 4D 0D 00 00 0B 3F 
00 FF FF 00 22 0D 22 93 00 00 02 00 00 22 08 4E 0D 00 00 08 17 
00 FF FF 00 22 0D 22 93 00 00 02 00 00 22 08 4F 0D 00 00 08 F0 
00 FF FF 00 22 0D 22 93 00 00 02 00 00 22 08 50 0D 00 00 14 53 
00 FF FF 00 22 0D 22 93 00 00 02 00 00 22 08 51 0D 00 00 13 65 
00 FF FF 00 22 0D 22 93 00 00 02 00 00 22 08 52 0D 00 00 0F AA 
00 FF FF 00 22 0D 22 93 00 00 02 00 00 22 08 55 0D 00 00 0E E2 
00 FF FF 00 22 0D 22 93 00 00 02 00 00 22 08 56 0D 00 00 08 6F 
00 FF FF 00 22 0D 22 93 00 00 02 00 00 22 08 57 0D 00 00 0A 1F 
00 FF FF 00 22 0D 22 93 00 00 02 00 00 22 08 58 0D 00 00 0A 66 
00 FF FF 00 22 0D 22 93 00 00 02 00 00 22 08 59 0D 00 00 17 57 
00 FF FF 00 22 0D 22 93 00 00 02 00 00 22 08 5A 0D 00 00 10 EE 
00 FF FF 00 22 0D 22 93 00 00 02 00 00 22 08 5B 0D 00 00 13 0E 
00 FF FF 00 22 0D 22 93 00 00 02 00 00 22 08 5C 0D 00 00 0D C1 
00 FF FF 00 22 0D 22 93 00 00 02 00 00 22 08 5D 0D 00 00 0A 97 
00 FF FF 00 22 0D 22 93 00 00 02 00 00 22 08 5E 0D 00 00 18 4D 
00 FF FF 00 22 0D 22 93 00 00 02 00 00 22 08 5F 0D 00 00 09 AF 
00 FF FF 00 22 0D 22 93 00 00 02 00 00 22 08 60 0D 00 00 0A A4 
00 FF FF 00 22 0D 22 93 00 00 02 00 00 22 08 61 0D 00 00 0B 99 
00 FF FF 00 22 0D 22 93 00 00 02 00 00 22 08 62 0D 00 00 11 DD 
00 FF FF 00 22 0D 22 93 00 00 02 00 00 22 08 63 0D 00 00 11 3E 
00 FF FF 00 22 0D 22 93 00 00 02 00 00 22 08 64 0D 00 00 0B 19 
00 FF FF 00 22 0D 22 93 00 00 02 00 00 22 08 65 0D 00 00 16 EE 
00 FF FF 00 22 0D 22 93 00 00 02 00 00 22 08 66 0D 00 00 14 EB 
00 FF FF 00 22 0D 22 93 00 00 02 00 00 22 08 67 0D 00 00 11 5B 
00 FF FF 00 22 0D 22 93 00 00 02 00 00 22 08 68 0D 00 00 11 9E 
00 FF FF 00 22 0D 22 93 00 00 02 00 00 22 08 69 0D 00 00 13 03 
00 FF FF 00 22 0D 22 93 00 00 02 00 00 22 08 6A 0D 00 00 14 2D 
00 FF FF 00 22 0D 22 93 00 00 02 00 00 22 08 6B 0D 00 00 0B 49 
00 FF FF 00 22 0D 22 93 00 00 02 00 00 22 08 6C 0D 00 00 0F 97 
00 FF FF 00 22 0D 22 93 00 00 02 00 00 22 08 6D 0D 00 00 0D 03 
00 FF FF 00 22 0D 22 93 00 00 02 00 00 22 08 6E 0D 00 00 0E 8C 
00 FF FF 00 22 0D 22 93 00 00 02 00 00 22 08 6F 0D 00 00 09 F2 
00 FF FF 00 22 0D 22 93 00 00 02 00 00 22 08 70 0D 00 00 14 0B 
00 FF FF 00 22 0D 22 93 00 00 02 00 00 22 08 71 0D 00 00 17 7D 
00 FF FF 00 22 0D 22 93 00 00 02 00 00 22 08 72 0D 00 00 0C 96 
00 FF FF 00 22 0D 22 93 00 00 02 00 00 22 08 73 0D 00 00 0E AE 
00 FF FF 00 22 0D 22 93 00 00 02 00 00 22 08 74 0D 00 00 0F 24 
00 FF FF 00 22 0D 22 93 00 00 02 00 00 22 08 75 0D 00 00 0F 7F 
00 FF FF 00 22 0D 22 93 00 00 02 00 00 22 08 76 0D 00 00 0F 33 
00 FF FF 00 22 0D 22 93 00 00 02 00 00 22 08 77 0D 00 00 0C 16 
00 FF FF 00 22 0D 22 93 00 00 02 00 00 22 08 78 0D 00 00 0E 4E 
00 FF FF 00 22 0D 22 93 00 00 02 00 00 22 08 79 0D 00 00 0C FC 
00 FF FF 00 22 0D 22 93 00 00 02 00 00 22 08 7A 0D 00 00 0E 55 
00 FF FF 00 22 0D 22 93 00 00 02 00 00 22 08 7B 0D 00 00 14 37 
00 FF FF 00 22 0D 22 93 00 00 02 00 00 22 08 7C 0D 00 00 11 70 
00 FF FF 00 22 0D 22 93 00 00 02 00 00 22 08 7D 0D 00 00 09 0B 
00 FF FF 00 22 0D 22 93 00 00 02 00 00 22 08 7E 0D 00 00 0D 52 
00 FF FF 00 22 0D 22 93 00 00 02 00 00 22 08 7F 0D 00 00 12 3E 
00 FF FF 00 22 0D 22 93 00 00 02 00 00 22 08 80 0D 00 00 0F 21 
00 FF FF 00 22 0D 22 93 00 00 02 00 00 22 08 81 0D 00 00 1A D9 
00 FF FF 00 22 0D 22 93 00 00 02 00 00 22 08 82 0D 00 00 0E 37 
00 FF FF 00 22 0D 22 93 00 00 02 00 00 22 08 83 0D 00 00 10 AA 
00 FF FF 00 22 0D 22 93 00 00 02 00 00 22 08 84 0D 00 00 0B 00 
00 FF FF 00 22 0D 22 93 00 00 02 00 00 22 08 85 0D 00 00 10 EF 
00 FF FF 00 22 0D 22 93 00 00 02 00 00 22 08 86 0D 00 00 16 8C 
00 FF FF 00 22 0D 22 93 00 00 02 00 00 22 08 87 0D 00 00 0C 67 
00 FF FF 00 22 0D 22 93 00 00 02 00 00 22 08 88 0D 00 00 13 2D 
00 FF FF 00 22 0D 22 93 00 00 02 00 00 22 08 89 0D 00 00 0E 4F 
00 FF FF 00 22 0D 22 93 00 00 02 00 00 22 08 8A 0D 00 00 1B BB 
00 FF FF 00 22 0D 22 93 00 00 02 00 00 22 08 8B 0D 00 00 09 04 
00 FF FF 00 22 0D 22 93 00 00 02 00 00 22 08 8C 0D 00 00 0B 23 
00 FF FF 00 22 0D 22 93 00 00 02 00 00 22 08 8D 0D 00 00 09 41 
00 FF FF 00 22 0D 22 93 00 00 02 00 00 22 08 8E 0D 00 00 0A C8 
00 FF FF 00 22 0D 22 93 00 00 02 00 00 22 08 8F 0D 00 00 0F 56 
00 FF FF 00 22 0D 22 93 00 00 02 00 00 22 08 90 0D 00 00 11 2C 
00 FF FF 00 22 0D 22 93 00 00 02 00 00 22 08 91 0D 00 00 0E 5A 
00 FF FF 00 22 0D 22 93 00 00 02 00 00 22 08 92 0D 00 00 1C A9 
00 FF FF 00 22 0D 22 93 00 00 02 00 00 22 08 93 0D 00 00 0F B3 
00 FF FF 00 22 0D 22 93 00 00 02 00 00 22 08 94 0D 00 00 0B 1A 
00 FF FF 00 22 0D 22 93 00 00 02 00 00 22 08 95 0D 00 00 11 D9 
00 FF FF 00 22 0D 22 93 00 00 02 00 00 22 08 96 0D 00 00 13 3A 
00 FF FF 00 22 0D 22 93 00 00 02 00 00 22 08 97 0D 00 00 11 F1 
00 FF FF 00 22 0D 22 93 00 00 02 00 00 22 08 98 0D 00 00 16 06 
00 FF FF 00 22 0D 22 93 00 00 02 00 00 22 08 99 0D 00 00 0E EC 
00 FF FF 00 22 0D 22 93 00 00 02 00 00 22 08 9A 0D 00 00 15 88 
00 FF FF 00 22 0D 22 93 00 00 02 00 00 22 08 9B 0D 00 00 18 5F 
00 FF FF 00 22 0D 22 93 00 00 02 00 00 22 08 9C 0D 00 00 0F A8 
00 FF FF 00 22 0D 22 93 00 00 02 00 00 22 08 9D 0D 00 00 0F 18 
00 FF FF 00 22 0D 22 93 00 00 02 00 00 22 08 9E 0D 00 00 11 8B 
00 FF FF 00 22 0D 22 93 00 00 02 00 00 22 08 9F 0D 00 00 0F EE 
00 FF FF 00 22 0D 22 93 00 00 02 00 00 22 08 A0 0D 00 00 11 5E 
00 FF FF 00 22 0D 22 93 00 00 02 00 00 22 08 A1 0D 00 00 17 9F 
00 FF FF 00 22 0D 22 93 00 00 02 00 00 22 08 A2 0D 00 00 15 76 
00 FF FF 00 22 0D 22 93 00 00 02 00 00 22 08 A3 0D 00 00 11 3B 
00 FF FF 00 22 0D 22 93 00 00 02 00 00 22 08 A4 0D 00 00 12 72 
00 FF FF 00 22 0D 22 93 00 00 02 00 00 22 08 A5 0D 00 00 10 83 
00 FF FF 00 22 0D 22 93 00 00 02 00 00 22 08 A6 0D 00 00 0C 06 
00 FF FF 00 22 0D 22 93 00 00 02 00 00 22 08 A7 0D 00 00 09 EC 
00 FF FF 00 22 0D 22 93 00 00 02 00 00 22 08 A8 0D 00 00 10 F5 
00 FF FF 00 22 0D 22 93 00 00 02 00 00 22 08 A9 0D 00 00 13 47 
00 FF FF 00 22 0D 22 93 00 00 02 00 00 22 08 AA 0D 00 00 0F F9 
00 FF FF 00 22 0D 22 93 00 00 02 00 00 22 08 AB 0D 00 00 14 DF 
00 FF FF 00 22 0D 22 93 00 00 02 00 00 22 08 AC 0D 00 00 0E 1E 
00 FF FF 00 22 0D 22 93 00 00 02 00 00 22 08 AD 0D 00 00 0E 3F 
00 FF FF 00 22 0D 22 93 00 00 02 00 00 22 08 AE 0D 00 00 0A 0E 
00 FF FF 00 22 0D 22 93 00 00 02 00 00 22 08 AF 0D 00 00 0B 39 
00 FF FF 00 22 0D 22 93 00 00 02 00 00 22 08 B0 0D 00 00 08 86 
00 FF FF 00 22 0D 22 93 00 00 02 00 00 22 08 B1 0D 00 00 11 5A 
00 FF FF 00 22 0D 22 93 00 00 02 00 00 22 08 B2 0D 00 00 12 37 
00 FF FF 00 22 0D 22 93 00 00 02 00 00 22 08 B3 0D 00 00 0E 56 
00 FF FF 00 22 0D 22 93 00 00 02 00 00 22 08 B4 0D 00 00 1A D7 
00 FF FF 00 22 0D 22 93 00 00 02 00 00 22 08 B5 0D 00 00 09 69 
00 FF FF 00 22 0D 22 93 00 00 02 00 00 22 08 B6 0D 00 00 0C 3A 
00 FF FF 00 22 0D 22 93 00 00 02 00 00 22 08 B7 0D 00 00 0B 79 
00 FF FF 00 22 0D 22 93 00 00 02 00 00 22 08 B8 0D 00 00 0B B3 
00 FF FF 00 22 0D 22 93 00 00 02 00 00 22 08 B9 0D 00 00 11 CA 
00 FF FF 00 22 0D 22 93 00 00 02 00 00 22 08 BA 0D 00 00 0D 5F 
00 FF FF 00 22 0D 22 93 00 00 02 00 00 22 08 BB 0D 00 00 0C 85 
00 FF FF 00 22 0D 22 93 00 00 02 00 00 22 08 BC 0D 00 00 0A A6 
00 FF FF 00 22 0D 22 93 00 00 02 00 00 22 08 BD 0D 00 00 16 DB 
00 FF FF 00 22 0D 22 93 00 00 02 00 00 22 08 BE 0D 00 00 0D 42 
00 FF FF 00 22 0D 22 93 00 00 02 00 00 22 08 BF 0D 00 00 09 7B 
00 FF FF 00 22 0D 22 93 00 00 02 00 00 22 08 C0 0D 00 00 09 E6 
00 FF FF 00 22 0D 22 93 00 00 02 00 00 22 08 C1 0D 00 00 08 CE 
00 FF FF 00 22 0D 22 93 00 00 02 00 00 22 08 C2 0D 00 00 13 B3 
00 FF FF 00 22 0D 22 93 00 00 02 00 00 22 08 C3 0D 00 00 10 BE 
00 FF FF 00 22 0D 22 93 00 00 02 00 00 22 08 C4 0D 00 00 10 AB 
00 FF FF 00 22 0D 22 93 00 00 02 00 00 22 08 C5 0D 00 00 0D 79 
00 FF FF 00 22 0D 22 93 00 00 02 00 00 22 08 C6 0D 00 00 12 A5 
00 FF FF 00 22 0D 22 93 00 00 02 00 00 22 08 C7 0D 00 00 09 67 
00 FF FF 00 22 0D 22 93 00 00 02 00 00 22 08 C8 0D 00 00 08 28 
00 FF FF 00 22 0D 22 93 00 00 02 00 00 22 08 C9 0D 00 00 09 BE 
00 FF FF 00 22 0D 22 93 00 00 02 00 00 22 08 CA 0D 00 00 0E 5A 
00 FF FF 00 22 0D 22 93 00 00 02 00 00 22 08 CB 0D 00 00 0C 36 
00 FF FF 00 22 0D 22 93 00 00 02 00 00 22 08 CC 0D 00 00 0B CC 
00 FF FF 00 22 0D 22 93 00 00 02 00 00 22 08 CD 0D 00 00 14 18 
00 FF FF 00 22 0D 22 93 00 00 02 00 00 22 08 CE 0D 00 00 0F 1E 
00 FF FF 00 22 0D 22 93 00 00 02 00 00 22 08 CF 0D 00 00 0E 72 
00 FF FF 00 22 0D 22 93 00 00 02 00 00 22 08 D0 0D 00 00 09 6E 
00 FF FF 00 22 0D 22 93 00 00 02 00 00 22 08 D1 0D 00 00 0A 77 
00 FF FF 00 22 0D 22 93 00 00 02 00 00 22 08 D2 0D 00 00 14 6A 
00 FF FF 00 22 0D 22 93 00 00 02 00 00 22 08 D3 0D 00 00 16 0D 
00 FF FF 00 22 0D 22 93 00 00 02 00 00 22 08 D4 0D 00 00 14 C2 
00 FF FF 00 22 0D 22 93 00 00 02 00 00 22 08 D5 0D 00 00 1B 07 
00 FF FF 00 22 0D 22 93 00 00 02 00 00 22 08 D6 0D 00 00 09 1D 
00 FF FF 00 22 0D 22 93 00 00 02 00 00 22 08 D7 0D 00 00 08 9C 
00 FF FF 00 22 0D 22 93 00 00 02 00 00 22 08 D8 0D 00 00 09 61 
00 FF FF 00 22 0D 22 93 00 00 02 00 00 22 08 D9 0D 00 00 0F 36 
00 FF FF 00 22 0D 22 93 00 00 02 00 00 22 08 DA 0D 00 00 13 BB 
00 FF FF 00 22 0D 22 93 00 00 02 00 00 22 08 DB 0D 00 00 0D BC 
00 FF FF 00 22 0D 22 93 00 00 02 00 00 22 08 DC 0D 00 00 0F 9A 
00 FF FF 00 22 0D 22 93 00 00 02 00 00 22 08 DD 0D 00 00 12 2C 
00 FF FF 00 22 0D 22 93 00 00 02 00 00 22 08 DE 0D 00 00 08 FF 
00 FF FF 00 22 0D 22 93 00 00 02 00 00 22 08 DF 0D 00 00 0C D4 
00 FF FF 00 22 0D 22 93 00 00 02 00 00 22 08 E0 0D 00 00 0C 0F 
00 FF FF 00 22 0D 22 93 00 00 02 00 00 22 08 E1 0D 00 00 09 36 
00 FF FF 00 22 0D 22 93 00 00 02 00 00 22 08 E2 0D 00 00 0B 28 
00 FF FF 00 22 0D 22 93 00 00 02 00 00 22 08 E3 0D 00 00 10 95 
00 FF FF 00 22 0D 22 93 00 00 02 00 00 22 08 E4 0D 00 00 19 BE 
00 FF FF 00 22 0D 22 93 00 00 02 00 00 22 08 E5 0D 00 00 13 D9 
00 FF FF 00 22 0D 22 93 00 00 02 00 00 22 08 E6 0D 00 00 08 B4 
00 FF FF 00 22 0D 22 93 00 00 02 00 00 22 08 E7 0D 00 00 09 0D 
00 FF FF 00 22 0D 22 93 00 00 02 00 00 22 08 E8 0D 00 00 08 3B 
00 FF FF 00 22 0D 22 93 00 00 02 00 00 22 08 E9 0D 00 00 09 A0 
00 FF FF 00 22 0D 22 93 00 00 02 00 00 22 08 EA 0D 00 00 0F 17 
00 FF FF 00 22 0D 22 93 00 00 02 00 00 22 08 EB 0D 00 00 18 BA 
00 FF FF 00 22 0D 22 93 00 00 02 00 00 22 08 EC 0D 00 00 18 F0 
00 FF FF 00 22 0D 22 93 00 00 02 00 00 22 08 ED 0D 00 00 0F 97 
00 FF FF 00 22 0D 22 93 00 00 02 00 00 22 08 EE 0D 00 00 0E BA 
00 FF FF 00 22 0D 22 93 00 00 02 00 00 22 08 EF 0D 00 00 10 DE 
00 FF FF 00 22 0D 22 93 00 00 02 00 00 22 08 F0 0D 00 00 0C 97 
00 FF FF 00 22 0D 22 93 00 00 02 00 00 22 08 F1 0D 00 00 0F 10 
00 FF FF 00 22 0D 22 93 00 00 02 00 00 22 08 F2 0D 00 00 18 91 
00 FF FF 00 22 0D 22 93 00 00 02 00 00 22 08 F3 0D 00 00 17 6B 
00 FF FF 00 22 0D 22 93 00 00 02 00 00 22 08 F4 0D 00 00 14 AD 
00 FF FF 00 22 0D 22 93 00 00 02 00 00 22 08 F5 0D 00 00 14 A3 
00 FF FF 00 22 0D 22 93 00 00 02 00 00 22 08 F6 0D 00 00 14 85 
00 FF FF 00 22 0D 22 93 00 00 02 00 00 22 08 F7 0D 00 00 09 19 
00 FF FF 00 22 0D 22 93 00 00 02 00 00 22 08 F8 0D 00 00 0F 59 
00 FF FF 00 22 0D 22 93 00 00 02 00 00 22 08 F9 0D 00 00 13 9C 
00 FF FF 00 22 0D 22 93 00 00 02 00 00 22 08 FA 0D 00 00 0D 23 
00 FF FF 00 22 0D 22 93 00 00 02 00 00 22 08 FB 0D 00 00 13 E7 
00 FF FF 00 22 0D 22 93 00 00 02 00 00 22 08 FC 0D 00 00 17 EE 
00 FF FF 00 22 0D 22 93 00 00 02 00 00 22 08 FD 0D 00 00 0C 64 
00 FF FF 00 22 0D 22 93 00 00 02 00 00 22 08 FE 0D 00 00 1B 14 
00 FF FF 00 22 0D 22 93 00 00 02 00 00 22 08 FF 0D 00 00 0A B3 
00 FF FF 00 22 0D 22 93 00 00 02 00 00 22 09 00 0D 00 00 09 EE 
00 FF FF 00 22 0D 22 93 00 00 02 00 00 22 09 01 0D 00 00 0C 17 
00 FF FF 00 22 0D 22 93 00 00 02 00 00 22 09 02 0D 00 00 13 FE 
00 FF FF 00 22 0D 22 93 00 00 02 00 00 22 09 03 0D 00 00 12 1A 
00 FF FF 00 22 0D 22 93 00 00 02 00 00 22 09 04 0D 00 00 10 4A 
00 FF FF 00 22 0D 22 93 00 00 02 00 00 22 09 05 0D 00 00 10 92 
00 FF FF 00 22 0D 22 93 00 00 02 00 00 22 09 06 0D 00 00 15 5B 
00 FF FF 00 22 0D 22 93 00 00 02 00 00 22 09 07 0D 00 00 12 0B 
00 FF FF 00 22 0D 22 93 00 00 02 00 00 22 09 08 0D 00 00 0B 15 
00 FF FF 00 22 0D 22 93 00 00 02 00 00 22 09 09 0D 00 00 15 73 
00 FF FF 00 22 0D 22 93 00 00 02 00 00 22 09 0A 0D 00 00 0D D0 
00 FF FF 00 22 0D 22 93 00 00 02 00 00 22 09 0B 0D 00 00 09 C8 
00 FF FF 00 22 0D 22 93 00 00 02 00 00 22 09 0C 0D 00 00 10 5D 
00 FF FF 00 22 0D 22 93 00 00 02 00 00 22 09 0D 0D 00 00 11 F1 
00 FF FF 00 22 0D 22 93 00 00 02 00 00 22 09 0E 0D 00 00 14 82 
00 FF FF 00 22 0D 22 93 00 00 02 00 00 22 09 0F 0D 00 00 0C 24 
00 FF FF 00 22 0D 22 93 00 00 02 00 00 22 09 10 0D 00 00 0E CE 
00 FF FF 00 22 0D 22 93 00 00 02 00 00 22 09 11 0D 00 00 0B EE 
00 FF FF 00 22 0D 22 93 00 00 02 00 00 22 09 12 0D 00 00 0A 6F 
00 FF FF 00 22 0D 22 93 00 00 02 00 00 22 09 13 0D 00 00 1B 5E 
00 FF FF 00 22 0D 22 93 00 00 02 00 00 22 09 14 0D 00 00 0B F1 
00 FF FF 00 22 0D 22 93 00 00 02 00 00 22 09 15 0D 00 00 15 0F 
00 FF FF 00 22 0D 22 93 00 00 02 00 00 22 09 16 0D 00 00 0B 0F 
00 FF FF 00 22 0D 22 93 00 00 02 00 00 22 09 17 0D 00 00 08 40 
00 FF FF 00 22 0D 22 93 00 00 02 00 00 22 09 18 0D 00 00 0A 0C 
00 FF FF 00 22 0D 22 93 00 00 02 00 00 22 09 19 0D 00 00 08 D9 
00 FF FF 00 22 0D 22 93 00 00 02 00 00 22 09 1A 0D 00 00 09 8E 
00 FF FF 00 22 0D 22 93 00 00 02 00 00 22 09 1B 0D 00 00 11 4A 
00 FF FF 00 22 0D 22 93 00 00 02 00 00 22 09 1C 0D 00 00 0B 05 
00 FF FF 00 22 0D 22 93 00 00 02 00 00 22 09 1D 0D 00 00 0C FA 
00 FF FF 00 22 0D 22 93 00 00 02 00 00 22 09 1E 0D 00 00 10 DF 
00 FF FF 00 22 0D 22 93 00 00 02 00 00 22 09 1F 0D 00 00 10 8E 
00 FF FF 00 22 0D 22 93 00 00 02 00 00 22 09 20 0D 00 00 16 52 
00 FF FF 00 22 0D 22 93 00 00 02 00 00 22 09 21 0D 00 00 1A C8 
00 FF FF 00 22 0D 22 93 00 00 02 00 00 22 09 22 0D 00 00 0F 27 
00 FF FF 00 22 0D 22 93 00 00 02 00 00 22 09 23 0D 00 00 08 0D 
00 FF FF 00 22 0D 22 93 00 00 02 00 00 22 09 24 0D 00 00 0A D6 
00 FF FF 00 22 0D 22 93 00 00 02 00 00 22 09 25 0D 00 00 0B 5F 
00 FF FF 00 22 0D 22 93 00 00 02 00 00 22 09 26 0D 00 00 0C 12 
00 FF FF 00 22 0D 22 93 00 00 02 00 00 22 09 27 0D 00 00 0C FD 
00 FF FF 00 22 0D 22 93 00 00 02 00 00 22 09 28 0D 00 00 14 31 
00 FF FF 00 22 0D 22 93 00 00 02 00 00 22 09 29 0D 00 00 0F 1D 
00 FF FF 00 22 0D 22 93 00 00 02 00 00 22 09 2A 0D 00 00 12 47 
00 FF FF 00 22 0D 22 93 00 00 02 00 00 22 09 2B 0D 00 00 0D D5 
00 FF FF 00 22 0D 22 93 00 00 02 00 00 22 09 2C 0D 00 00 0F 72 
00 FF FF 00 22 0D 22 93 00 00 02 00 00 22 09 2D 0D 00 00 0D C1 
00 FF FF 00 22 0D 22 93 00 00 02 00 00 22 09 2E 0D 00 00 0A E1 
00 FF FF 00 22 0D 22 93 00 00 02 00 00 22 09 2F 0D 00 00 0E 19 
00 FF FF 00 22 0D 22 93 00 00 02 00 00 22 09 30 0D 00 00 0F 77 
00 FF FF 00 22 0D 22 93 00 00 02 00 00 22 09 31 0D 00 00 0F 17 
00 FF FF 00 22 0D 22 93 00 00 02 00 00 22 09 32 0D 00 00 0F 6C 
00 FF FF 00 22 0D 22 93 00 00 02 00 00 22 09 33 0D 00 00 09 97 
00 FF FF 00 22 0D 22 93 00 00 02 00 00 22 09 34 0D 00 00 0B CD 
00 FF FF 00 22 0D 22 93 00 00 02 00 00 22 09 35 0D 00 00 0D DA 
00 FF FF 00 22 0D 22 93 00 00 02 00 00 22 09 36 0D 00 00 0C 15 
00 FF FF 00 22 0D 22 93 00 00 02 00 00 22 09 37 0D 00 00 1B 01 
00 FF FF 00 22 0D 22 93 00 00 02 00 00 22 09 38 0D 00 00 0B 46 
00 FF FF 00 22 0D 22 93 00 00 02 00 00 22 09 39 0D 00 00 1B 4B 
00 FF FF 00 22 0D 22 93 00 00 02 00 00 22 09 3A 0D 00 00 12 66 
00 FF FF 00 22 0D 22 93 00 00 02 00 00 22 09 3B 0D 00 00 12 47 
00 FF FF 00 22 0D 22 93 00 00 02 00 00 22 09 3C 0D 00 00 0A 65 
00 FF FF 00 22 0D 22 93 00 00 02 00 00 22 09 3D 0D 00 00 0E 28 
00 FF FF 00 22 0D 22 93 00 00 02 00 00 22 09 3E 0D 00 00 12 4D 
00 FF FF 00 22 0D 22 93 00 00 02 00 00 22 09 3F 0D 00 00 0D 89 
00 FF FF 00 22 0D 22 93 00 00 02 00 00 22 09 40 0D 00 00 0E EC 
00 FF FF 00 22 0D 22 93 00 00 02 00 00 22 09 41 0D 00 00 17 63 
00 FF FF 00 22 0D 22 93 00 00 02 00 00 22 09 42 0D 00 00 0A DC 
00 FF FF 00 22 0D 22 93 00 00 02 00 00 22 09 43 0D 00 00 11 6A 
00 FF FF 00 22 0D 22 93 00 00 02 00 00 22 09 44 0D 00 00 0A 5F 
00 FF FF 00 22 0D 22 93 00 00 02 00 00 22 09 45 0D 00 00 0B C2 
00 FF FF 00 22 0D 22 93 00 00 02 00 00 22 09 46 0D 00 00 09 F6 
00 FF FF 00 22 0D 22 93 00 00 02 00 00 22 09 47 0D 00 00 1B B8 
00 FF FF 00 22 0D 22 93 00 00 02 00 00 22 09 48 0D 00 00 0E 09 
00 FF FF 00 22 0D 22 93 00 00 02 00 00 22 09 49 0D 00 00 10 59 
00 FF FF 00 22 0D 22 93 00 00 02 00 00 22 09 4A 0D 00 00 0F F2 
00 FF FF 00 22 0D 22 93 00 00 02 00 00 22 09 4B 0D 00 00 0B A1 
00 FF FF 00 22 0D 22 93 00 00 02 00 00 22 09 4C 0D 00 00 10 A6 
00 FF FF 00 22 0D 22 93 00 00 02 00 00 22 09 4D 0D 00 00 09 7F 
00 FF FF 00 22 0D 22 93 00 00 02 00 00 22 09 4E 0D 00 00 0D DB 
00 FF FF 00 22 0D 22 93 00 00 02 00 00 22 09 4F 0D 00 00 10 54 
00 FF FF 00 22 0D 22 93 00 00 02 00 00 22 09 50 0D 00 00 08 98 
00 FF FF 00 22 0D 22 93 00 00 02 00 00 22 09 51 0D 00 00 0F 9F 
00 FF FF 00 22 0D 22 93 00 00 02 00 00 22 09 52 0D 00 00 0C 5D 
00 FF FF 00 22 0D 22 93 00 00 02 00 00 22 09 53 0D 00 00 0F 1B 
00 FF FF 00 22 0D 22 93 00 00 02 00 00 22 09 54 0D 00 00 12 5B 
00 FF FF 00 22 0D 22 93 00 00 02 00 00 22 09 55 0D 00 00 14 0D 
00 FF FF 00 22 0D 22 93 00 00 02 00 00 22 09 56 0D 00 00 0E B7 
00 FF FF 00 22 0D 22 93 00 00 02 00 00 22 09 57 0D 00 00 0F 4F 
00 FF FF 00 22 0D 22 93 00 00 02 00 00 22 09 58 0D 00 00 13 13 
00 FF FF 00 22 0D 22 93 00 00 02 00 00 22 09 59 0D 00 00 10 2E 
00 FF FF 00 22 0D 22 93 00 00 02 00 00 22 09 5A 0D 00 00 12 02 
00 FF FF 00 22 0D 22 93 00 00 02 00 00 22 09 5B 0D 00 00 0E 82 
00 FF FF 00 22 0D 22 93 00 00 02 00 00 22 09 5C 0D 00 00 0A 33 
00 FF FF 00 22 0D 22 93 00 00 02 00 00 22 09 5D 0D 00 00 14 A8 
00 FF FF 00 22 0D 22 93 00 00 02 00 00 22 09 5E 0D 00 00 09 F5 
00 FF FF 00 22 0D 22 93 00 00 02 00 00 22 09 5F 0D 00 00 0F 11 
00 FF FF 00 22 0D 22 93 00 00 02 00 00 22 09 60 0D 00 00 0E 55 
00 FF FF 00 22 0D 22 93 00 00 02 00 00 22 09 61 0D 00 00 0B 5D 
00 FF FF 00 22 0D 22 93 00 00 02 00 00 22 09 62 0D 00 00 0E 22 
00 FF FF 00 22 0D 22 93 00 00 02 00 00 22 09 63 0D 00 00 08 44 
00 FF FF 00 22 0D 22 93 00 00 02 00 00 22 09 64 0D 00 00 0A 66 
00 FF FF 00 22 0D 22 93 00 00 02 00 00 22 09 65 0D 00 00 12 5B 
00 FF FF 00 22 0D 22 93 00 00 02 00 00 22 09 66 0D 00 00 10 F7 
00 FF FF 00 22 0D 22 93 00 00 02 00 00 22 09 67 0D 00 00 0F 3E 
00 FF FF 00 22 0D 22 93 00 00 02 00 00 22 09 68 0D 00 00 0F 5E 
00 FF FF 00 22 0D 22 93 00 00 02 00 00 22 09 69 0D 00 00 0A D6 
00 FF FF 00 22 0D 22 93 00 00 02 00 00 22 09 6A 0D 00 00 15 00 
00 FF FF 00 22 0D 22 93 00 00 02 00 00 22 09 6B 0D 00 00 0E 4E 
00 FF FF 00 22 0D 22 93 00 00 02 00 00 22 09 6C 0D 00 00 11 88 
00 FF FF 00 22 0D 22 93 00 00 02 00 00 22 09 6D 0D 00 00 16 32 
00 FF FF 00 22 0D 22 93 00 00 02 00 00 22 09 6E 0D 00 00 0C 8B 
00 FF FF 00 22 0D 22 93 00 00 02 00 00 22 09 6F 0D 00 00 0D D0 
00 FF FF 00 22 0D 22 93 00 00 02 00 00 22 09 70 0D 00 00 11 BF 
00 FF FF 00 22 0D 22 93 00 00 02 00 00 22 09 71 0D 00 00 12 DF 
00 FF FF 00 22 0D 22 93 00 00 02 00 00 22 09 72 0D 00 00 10 DA 
00 FF FF 00 22 0D 22 93 00 00 02 00 00 22 09 73 0D 00 00 12 28 
00 FF FF 00 22 0D 22 93 00 00 02 00 00 22 09 74 0D 00 00 0E A8 
00 FF FF 00 22 0D 22 93 00 00 02 00 00 22 09 75 0D 00 00 10 B2 
00 FF FF 00 22 0D 22 93 00 00 02 00 00 22 09 76 0D 00 00 15 8A 
00 FF FF 00 22 0D 22 93 00 00 02 00 00 22 09 77 0D 00 00 10 84 
00 FF FF 00 22 0D 22 93 00 00 02 00 00 22 09 78 0D 00 00 10 9D 
00 FF FF 00 22 0D 22 93 00 00 02 00 00 22 09 79 0D 00 00 0B 2A 
00 FF FF 00 22 0D 22 93 00 00 02 00 00 22 09 7A 0D 00 00 0E EB 
00 FF FF 00 22 0D 22 93 00 00 02 00 00 22 09 7B 0D 00 00 0F 72 
00 FF FF 00 22 0D 22 93 00 00 02 00 00 22 09 7C 0D 00 00 10 DC 
00 FF FF 00 22 0D 22 93 00 00 02 00 00 22 09 7D 0D 00 00 10 34 
00 FF FF 00 22 0D 22 93 00 00 02 00 00 22 09 7E 0D 00 00 15 1E 
00 FF FF 00 22 0D 22 93 00 00 02 00 00 22 09 7F 0D 00 00 0B 8D 
00 FF FF 00 22 0D 22 93 00 00 02 00 00 22 09 80 0D 00 00 10 0A 
00 FF FF 00 22 0D 22 93 00 00 02 00 00 22 09 81 0D 00 00 0B 3C 
00 FF FF 00 22 0D 22 93 00 00 02 00 00 22 09 82 0D 00 00 0E A9 
00 FF FF 00 22 0D 22 93 00 00 02 00 00 22 09 83 0D 00 00 0D D7 
00 FF FF 00 22 0D 22 93 00 00 02 00 00 22 09 84 0D 00 00 0D 04 
00 FF FF 00 22 0D 22 93 00 00 02 00 00 22 09 85 0D 00 00 11 77 
00 FF FF 00 22 0D 22 93 00 00 02 00 00 22 09 86 0D 00 00 0E 24 
00 FF FF 00 22 0D 22 93 00 00 02 00 00 22 09 87 0D 00 00 10 C6 
00 FF FF 00 22 0D 22 93 00 00 02 00 00 22 09 88 0D 00 00 12 32 
00 FF FF 00 22 0D 22 93 00 00 02 00 00 22 09 89 0D 00 00 12 46 
00 FF FF 00 22 0D 22 93 00 00 02 00 00 22 09 8A 0D 00 00 0D 3E 
00 FF FF 00 22 0D 22 93 00 00 02 00 00 22 09 8B 0D 00 00 0D FE 
00 FF FF 00 22 0D 22 93 00 00 02 00 00 22 09 8C 0D 00 00 0B 6E 
00 FF FF 00 22 0D 22 93 00 00 02 00 00 22 09 8D 0D 00 00 0B 1B 
00 FF FF 00 22 0D 22 93 00 00 02 00 00 22 09 8E 0D 00 00 0D 7A 
00 FF FF 00 22 0D 22 93 00 00 02 00 00 22 09 8F 0D 00 00 12 47 
00 FF FF 00 22 0D 22 93 00 00 02 00 00 22 09 90 0D 00 00 12 9B 
00 FF FF 00 22 0D 22 93 00 00 02 00 00 22 09 91 0D 00 00 12 60 
00 FF FF 00 22 0D 22 93 00 00 02 00 00 22 09 92 0D 00 00 0C 92 
00 FF FF 00 22 0D 22 93 00 00 02 00 00 22 09 93 0D 00 00 0B 0A 
00 FF FF 00 22 0D 22 93 00 00 02 00 00 22 09 94 0D 00 00 0C BA 
00 FF FF 00 22 0D 22 93 00 00 02 00 00 22 09 95 0D 00 00 0C 95 
00 FF FF 00 22 0D 22 93 00 00 02 00 00 22 09 96 0D 00 00 0D F8 
00 FF FF 00 22 0D 22 93 00 00 02 00 00 22 09 97 0D 00 00 0F 34 
00 FF FF 00 22 0D 22 93 00 00 02 00 00 22 09 98 0D 00 00 11 06 
00 FF FF 00 22 0D 22 93 00 00 02 00 00 22 09 99 0D 00 00 13 82 
00 FF FF 00 22 0D 22 93 00 00 02 00 00 22 09 9A 0D 00 00 10 AF 
00 FF FF 00 22 0D 22 93 00 00 02 00 00 22 09 9B 0D 00 00 0D 53 
00 FF FF 00 22 0D 22 93 00 00 02 00 00 22 09 9C 0D 00 00 0D 3A 
00 FF FF 00 22 0D 22 93 00 00 02 00 00 22 09 9D 0D 00 00 0B 8F 
00 FF FF 00 22 0D 22 93 00 00 02 00 00 22 09 9E 0D 00 00 0D D5 
00 FF FF 00 22 0D 22 93 00 00 02 00 00 22 09 9F 0D 00 00 11 50 
00 FF FF 00 22 0D 22 93 00 00 02 00 00 22 09 A0 0D 00 00 15 20 
00 FF FF 00 22 0D 22 93 00 00 02 00 00 22 09 A1 0D 00 00 13 82 
00 FF FF 00 22 0D 22 93 00 00 02 00 00 22 09 A2 0D 00 00 13 86 
00 FF FF 00 22 0D 22 93 00 00 02 00 00 22 09 A3 0D 00 00 12 84 
00 FF FF 00 22 0D 22 93 00 00 02 00 00 22 09 A4 0D 00 00 0C 64 
00 FF FF 00 22 0D 22 93 00 00 02 00 00 22 09 A5 0D 00 00 07 FA 
00 FF FF 00 22 0D 22 93 00 00 02 00 00 22 09 A6 0D 00 00 0B 82 
00 FF FF 00 22 0D 22 93 00 00 02 00 00 22 09 A7 0D 00 00 09 CA 
00 FF FF 00 22 0D 22 93 00 00 02 00 00 22 09 A8 0D 00 00 10 1B 
00 FF FF 00 22 0D 22 93 00 00 02 00 00 22 09 A9 0D 00 00 13 CF 
00 FF FF 00 22 0D 22 93 00 00 02 00 00 22 09 AA 0D 00 00 14 66 
00 FF FF 00 22 0D 22 93 00 00 02 00 00 22 09 AB 0D 00 00 0A 82 
00 FF FF 00 22 0D 22 93 00 00 02 00 00 22 09 AC 0D 00 00 0D DB 
00 FF FF 00 22 0D 22 93 00 00 02 00 00 22 09 AD 0D 00 00 0D 86 
00 FF FF 00 22 0D 22 93 00 00 02 00 00 22 09 AE 0D 00 00 10 13 
00 FF FF 00 22 0D 22 93 00 00 02 00 00 22 09 AF 0D 00 00 26 9A 
00 FF FF 00 22 0D 22 93 00 00 02 00 00 22 09 B0 0D 00 00 12 9B 
00 FF FF 00 22 0D 22 93 00 00 02 00 00 22 09 B1 0D 00 00 10 9E 
00 FF FF 00 22 0D 22 93 00 00 02 00 00 22 09 B2 0D 00 00 17 55 
00 FF FF 00 22 0D 22 93 00 00 02 00 00 22 09 B3 0D 00 00 10 4E 
00 FF FF 00 22 0D 22 93 00 00 02 00 00 22 09 B4 0D 00 00 12 16 
00 FF FF 00 22 0D 22 93 00 00 02 00 00 22 09 B5 0D 00 00 10 FF 
00 FF FF 00 22 0D 22 93 00 00 02 00 00 22 09 B6 0D 00 00 09 AB 
00 FF FF 00 22 0D 22 93 00 00 02 00 00 22 09 B7 0D 00 00 16 38 
00 FF FF 00 22 0D 22 93 00 00 02 00 00 22 09 B8 0D 00 00 0F 5E 
00 FF FF 00 22 0D 22 93 00 00 02 00 00 22 09 B9 0D 00 00 14 C5 
00 FF FF 00 22 0D 22 93 00 00 02 00 00 22 09 BA 0D 00 00 15 4E 
00 FF FF 00 22 0D 22 93 00 00 02 00 00 22 09 BB 0D 00 00 0E 23 
00 FF FF 00 22 0D 22 93 00 00 02 00 00 22 09 BC 0D 00 00 14 A6 
00 FF FF 00 22 0D 22 93 00 00 02 00 00 22 09 BD 0D 00 00 0F 6E 
00 FF FF 00 22 0D 22 93 00 00 02 00 00 22 09 BE 0D 00 00 0D 37 
00 FF FF 00 22 0D 22 93 00 00 02 00 00 22 09 BF 0D 00 00 0E 9F 
00 FF FF 00 22 0D 22 93 00 00 02 00 00 22 09 C0 0D 00 00 0B CB 
00 FF FF 00 22 0D 22 93 00 00 02 00 00 22 09 C1 0D 00 00 19 E5 
00 FF FF 00 22 0D 22 93 00 00 02 00 00 22 09 C2 0D 00 00 18 06 
00 FF FF 00 22 0D 22 93 00 00 02 00 00 22 09 C3 0D 00 00 18 3B 
00 FF FF 00 22 0D 22 93 00 00 02 00 00 22 09 C4 0D 00 00 0C 85 
00 FF FF 00 22 0D 22 93 00 00 02 00 00 22 09 C5 0D 00 00 0F C6 
00 FF FF 00 22 0D 22 93 00 00 02 00 00 22 09 C6 0D 00 00 08 38 
00 FF FF 00 22 0D 22 93 00 00 02 00 00 22 09 C7 0D 00 00 10 43 
00 FF FF 00 22 0D 22 93 00 00 02 00 00 22 09 C8 0D 00 00 17 24 
00 FF FF 00 22 0D 22 93 00 00 02 00 00 22 09 C9 0D 00 00 13 41 
00 FF FF 00 22 0D 22 93 00 00 02 00 00 22 09 CA 0D 00 00 14 D6 
00 FF FF 00 22 0D 22 93 00 00 02 00 00 22 09 CB 0D 00 00 18 D4 
00 FF FF 00 22 0D 22 93 00 00 02 00 00 22 09 CC 0D 00 00 18 A8 
00 FF FF 00 22 0D 22 93 00 00 02 00 00 22 09 CD 0D 00 00 14 8B 
00 FF FF 00 22 0D 22 93 00 00 02 00 00 22 09 CE 0D 00 00 0C 14 
00 FF FF 00 22 0D 22 93 00 00 02 00 00 22 09 CF 0D 00 00 0B C6 
00 FF FF 00 22 0D 22 93 00 00 02 00 00 22 09 D0 0D 00 00 12 40 
00 FF FF 00 22 0D 22 93 00 00 02 00 00 22 09 D1 0D 00 00 18 AB 
00 FF FF 00 22 0D 22 93 00 00 02 00 00 22 09 D2 0D 00 00 0C D0 
00 FF FF 00 22 0D 22 93 00 00 02 00 00 22 09 D3 0D 00 00 14 DF 
00 FF FF 00 22 0D 22 93 00 00 02 00 00 22 09 D4 0D 00 00 1B CC 
00 FF FF 00 22 0D 22 93 00 00 02 00 00 22 09 D5 0D 00 00 19 15 
00 FF FF 00 22 0D 22 93 00 00 02 00 00 22 09 D6 0D 00 00 12 A4 
00 FF FF 00 22 0D 22 93 00 00 02 00 00 22 09 D7 0D 00 00 08 92 
00 FF FF 00 22 0D 22 93 00 00 02 00 00 22 09 D8 0D 00 00 0D 56 
00 FF FF 00 22 0D 22 93 00 00 02 00 00 22 09 D9 0D 00 00 17 76 
00 FF FF 00 22 0D 22 93 00 00 02 00 00 22 09 DA 0D 00 00 13 87 
00 FF FF 00 22 0D 22 93 00 00 02 00 00 22 09 DB 0D 00 00 17 7F 
00 FF FF 00 22 0D 22 93 00 00 02 00 00 22 09 DC 0D 00 00 1A 63 
00 FF FF 00 22 0D 22 93 00 00 02 00 00 22 09 DD 0D 00 00 1A 8B 
00 FF FF 00 22 0D 22 93 00 00 02 00 00 22 09 DE 0D 00 00 13 7B 
00 FF FF 00 22 0D 22 93 00 00 02 00 00 22 09 DF 0D 00 00 0B AA 
00 FF FF 00 22 0D 22 93 00 00 02 00 00 22 09 E0 0D 00 00 11 23 
00 FF FF 00 22 0D 22 93 00 00 02 00 00 22 09 E1 0D 00 00 14 70 
00 FF FF 00 22 0D 22 93 00 00 02 00 00 22 09 E2 0D 00 00 14 8A 
00 FF FF 00 22 0D 22 93 00 00 02 00 00 22 09 E3 0D 00 00 11 2B 
00 FF FF 00 22 0D 22 93 00 00 02 00 00 22 09 E4 0D 00 00 1C 1E 
00 FF FF 00 22 0D 22 93 00 00 02 00 00 22 09 E5 0D 00 00 17 56 
00 FF FF 00 22 0D 22 93 00 00 02 00 00 22 09 E6 0D 00 00 1B 8F 
00 FF FF 00 22 0D 22 93 00 00 02 00 00 22 09 E7 0D 00 00 09 B0 
00 FF FF 00 22 0D 22 93 00 00 02 00 00 22 09 E8 0D 00 00 10 2A 
00 FF FF 00 22 0D 22 93 00 00 02 00 00 22 09 E9 0D 00 00 10 F1 
00 FF FF 00 22 0D 22 93 00 00 02 00 00 22 09 EA 0D 00 00 12 60 
00 FF FF 00 22 0D 22 93 00 00 02 00 00 22 09 EB 0D 00 00 10 C1 
00 FF FF 00 22 0D 22 93 00 00 02 00 00 22 09 EC 0D 00 00 12 CE 
00 FF FF 00 22 0D 22 93 00 00 02 00 00 22 09 ED 0D 00 00 18 1A 
