00 FF FF 00 22 0D 22 93 00 00 02 00 00 22 10 1B 0D 00 00 0B 48 
00 FF FF 00 22 0D 22 93 00 00 02 00 00 22 10 1C 0D 00 00 08 32 
00 FF FF 00 22 0D 22 93 00 00 02 00 00 22 10 1D 0D 00 00 0A 2F 
00 FF FF 00 22 0D 22 93 00 00 02 00 00 22 10 1E 0D 00 00 08 03 
00 FF FF 00 22 0D 22 93 00 00 02 00 00 22 10 1F 0D 00 00 10 81 
00 FF FF 00 22 0D 22 93 00 00 02 00 00 22 10 20 0D 00 00 09 76 
00 FF FF 00 22 0D 22 93 00 00 02 00 00 22 10 21 0D 00 00 0B 5B 
00 FF FF 00 22 0D 22 93 00 00 02 00 00 22 10 22 0D 00 00 08 FE 
00 FF FF 00 22 0D 22 93 00 00 02 00 00 22 10 23 0D 00 00 08 FA 
00 FF FF 00 22 0D 22 93 00 00 02 00 00 22 10 24 0D 00 00 08 FB 
00 FF FF 00 22 0D 22 93 00 00 02 00 00 22 10 25 0D 00 00 0B F8 
00 FF FF 00 22 0D 22 93 00 00 02 00 00 22 10 26 0D 00 00 08 E9 
00 FF FF 00 22 0D 22 93 00 00 02 00 00 22 10 27 0D 00 00 08 CE 
00 FF FF 00 22 0D 22 93 00 00 02 00 00 22 10 28 0D 00 00 09 14 
00 FF FF 00 22 0D 22 93 00 00 02 00 00 22 10 29 0D 00 00 0A 8D 
00 FF FF 00 22 0D 22 93 00 00 02 00 00 22 10 2A 0D 00 00 11 2E 
00 FF FF 00 22 0D 22 93 00 00 02 00 00 22 10 2B 0D 00 00 08 4D 
00 FF FF 00 22 0D 22 93 00 00 02 00 00 22 10 2C 0D 00 00 0B 5C 
00 FF FF 00 22 0D 22 93 00 00 02 00 00 22 10 2D 0D 00 00 0C A8 
00 FF FF 00 22 0D 22 93 00 00 02 00 00 22 10 2E 0D 00 00 0D 83 
00 FF FF 00 22 0D 22 93 00 00 02 00 00 22 10 2F 0D 00 00 08 3F 
00 FF FF 00 22 0D 22 93 00 00 02 00 00 22 10 30 0D 00 00 0A 45 
00 FF FF 00 22 0D 22 93 00 00 02 00 00 22 10 31 0D 00 00 09 10 
00 FF FF 00 22 0D 22 93 00 00 02 00 00 22 10 32 0D 00 00 09 FC 
00 FF FF 00 22 0D 22 93 00 00 02 00 00 22 10 33 0D 00 00 08 36 
00 FF FF 00 22 0D 22 93 00 00 02 00 00 22 10 34 0D 00 00 08 A8 
00 FF FF 00 22 0D 22 93 00 00 02 00 00 22 10 35 0D 00 00 09 90 
00 FF FF 00 22 0D 22 93 00 00 02 00 00 22 10 36 0D 00 00 0A 96 
00 FF FF 00 22 0D 22 93 00 00 02 00 00 22 10 37 0D 00 00 09 97 
00 FF FF 00 22 0D 22 93 00 00 02 00 00 22 10 39 0D 00 00 0B 33 
00 FF FF 00 22 0D 22 93 00 00 02 00 00 22 10 3A 0D 00 00 09 02 
00 FF FF 00 22 0D 22 93 00 00 02 00 00 22 10 3B 0D 00 00 08 90 
00 FF FF 00 22 0D 22 93 00 00 02 00 00 22 10 3C 0D 00 00 0D 78 
00 FF FF 00 22 0D 22 93 00 00 02 00 00 22 10 3D 0D 00 00 08 6A 
00 FF FF 00 22 0D 22 93 00 00 02 00 00 22 10 3E 0D 00 00 08 DA 
00 FF FF 00 22 0D 22 93 00 00 02 00 00 22 10 3F 0D 00 00 09 E9 
00 FF FF 00 22 0D 22 93 00 00 02 00 00 22 10 40 0D 00 00 0D D7 
00 FF FF 00 22 0D 22 93 00 00 02 00 00 22 10 41 0D 00 00 0E 29 
00 FF FF 00 22 0D 22 93 00 00 02 00 00 22 10 42 0D 00 00 08 E2 
00 FF FF 00 22 0D 22 93 00 00 02 00 00 22 10 43 0D 00 00 08 70 
00 FF FF 00 22 0D 22 93 00 00 02 00 00 22 10 44 0D 00 00 0D 38 
00 FF FF 00 22 0D 22 93 00 00 02 00 00 22 10 45 0D 00 00 0A AC 
00 FF FF 00 22 0D 22 93 00 00 02 00 00 22 10 46 0D 00 00 0B 45 
00 FF FF 00 22 0D 22 93 00 00 02 00 00 22 10 47 0D 00 00 09 34 
00 FF FF 00 22 0D 22 93 00 00 02 00 00 22 10 48 0D 00 00 0B 76 
00 FF FF 00 22 0D 22 93 00 00 02 00 00 22 10 49 0D 00 00 0A 77 
00 FF FF 00 22 0D 22 93 00 00 02 00 00 22 10 4A 0D 00 00 0B 79 
00 FF FF 00 22 0D 22 93 00 00 02 00 00 22 10 4B 0D 00 00 0B 98 
00 FF FF 00 22 0D 22 93 00 00 02 00 00 22 10 4C 0D 00 00 0B B6 
00 FF FF 00 22 0D 22 93 00 00 02 00 00 22 10 4D 0D 00 00 08 74 
00 FF FF 00 22 0D 22 93 00 00 02 00 00 22 10 4E 0D 00 00 09 EB 
00 FF FF 00 22 0D 22 93 00 00 02 00 00 22 10 4F 0D 00 00 08 85 
00 FF FF 00 22 0D 22 93 00 00 02 00 00 22 10 50 0D 00 00 08 1C 
00 FF FF 00 22 0D 22 93 00 00 02 00 00 22 10 51 0D 00 00 08 0A 
00 FF FF 00 22 0D 22 93 00 00 02 00 00 22 10 52 0D 00 00 08 89 
00 FF FF 00 22 0D 22 93 00 00 02 00 00 22 10 53 0D 00 00 08 AE 
00 FF FF 00 22 0D 22 93 00 00 02 00 00 22 10 54 0D 00 00 08 F4 
00 FF FF 00 22 0D 22 93 00 00 02 00 00 22 10 55 0D 00 00 07 E3 
00 FF FF 00 22 0D 22 93 00 00 02 00 00 22 10 56 0D 00 00 07 E4 
00 FF FF 00 22 0D 22 93 00 00 02 00 00 22 10 57 0D 00 00 0A 79 
00 FF FF 00 22 0D 22 93 00 00 02 00 00 22 10 58 0D 00 00 09 99 
00 FF FF 00 22 0D 22 93 00 00 02 00 00 22 10 59 0D 00 00 0A 64 
00 FF FF 00 22 0D 22 93 00 00 02 00 00 22 10 5A 0D 00 00 08 C5 
00 FF FF 00 22 0D 22 93 00 00 02 00 00 22 10 5B 0D 00 00 08 18 
00 FF FF 00 22 0D 22 93 00 00 02 00 00 22 10 5C 0D 00 00 0A 04 
00 FF FF 00 22 0D 22 93 00 00 02 00 00 22 10 5D 0D 00 00 08 52 
00 FF FF 00 22 0D 22 93 00 00 02 00 00 22 10 5E 0D 00 00 08 1B 
00 FF FF 00 22 0D 22 93 00 00 02 00 00 22 10 5F 0D 00 00 08 DB 
00 FF FF 00 22 0D 22 93 00 00 02 00 00 22 10 60 0D 00 00 0A 4E 
00 FF FF 00 22 0D 22 93 00 00 02 00 00 22 10 62 0D 00 00 07 E6 
00 FF FF 00 22 0D 22 93 00 00 02 00 00 22 10 63 0D 00 00 08 B9 
00 FF FF 00 22 0D 22 93 00 00 02 00 00 22 10 64 0D 00 00 0A 45 
00 FF FF 00 22 0D 22 93 00 00 02 00 00 22 10 65 0D 00 00 0B 0C 
00 FF FF 00 22 0D 22 93 00 00 02 00 00 22 10 66 0D 00 00 09 05 
00 FF FF 00 22 0D 22 93 00 00 02 00 00 22 10 67 0D 00 00 0B 0D 
00 FF FF 00 22 0D 22 93 00 00 02 00 00 22 10 68 0D 00 00 08 87 
00 FF FF 00 22 0D 22 93 00 00 02 00 00 22 10 69 0D 00 00 08 5C 
00 FF FF 00 22 0D 22 93 00 00 02 00 00 22 10 6A 0D 00 00 08 12 
00 FF FF 00 22 0D 22 93 00 00 02 00 00 22 10 6B 0D 00 00 10 07 
00 FF FF 00 22 0D 22 93 00 00 02 00 00 22 10 6C 0D 00 00 08 F6 
00 FF FF 00 22 0D 22 93 00 00 02 00 00 22 10 6E 0D 00 00 0E 38 
00 FF FF 00 22 0D 22 93 00 00 02 00 00 22 10 6F 0D 00 00 08 CA 
00 FF FF 00 22 0D 22 93 00 00 02 00 00 22 10 70 0D 00 00 09 15 
00 FF FF 00 22 0D 22 93 00 00 02 00 00 22 10 71 0D 00 00 07 DB 
00 FF FF 00 22 0D 22 93 00 00 02 00 00 22 10 72 0D 00 00 09 4D 
00 FF FF 00 22 0D 22 93 00 00 02 00 00 22 10 73 0D 00 00 0A CE 
00 FF FF 00 22 0D 22 93 00 00 02 00 00 22 10 74 0D 00 00 09 B0 
00 FF FF 00 22 0D 22 93 00 00 02 00 00 22 10 75 0D 00 00 08 9C 
00 FF FF 00 22 0D 22 93 00 00 02 00 00 22 10 76 0D 00 00 0A 3C 
00 FF FF 00 22 0D 22 93 00 00 02 00 00 22 10 77 0D 00 00 0B 4F 
00 FF FF 00 22 0D 22 93 00 00 02 00 00 22 10 78 0D 00 00 08 6B 
00 FF FF 00 22 0D 22 93 00 00 02 00 00 22 10 79 0D 00 00 09 AA 
00 FF FF 00 22 0D 22 93 00 00 02 00 00 22 10 7A 0D 00 00 0C 62 
00 FF FF 00 22 0D 22 93 00 00 02 00 00 22 10 7B 0D 00 00 08 FC 
00 FF FF 00 22 0D 22 93 00 00 02 00 00 22 10 7C 0D 00 00 09 CF 
00 FF FF 00 22 0D 22 93 00 00 02 00 00 22 10 7D 0D 00 00 08 17 
00 FF FF 00 22 0D 22 93 00 00 02 00 00 22 10 7E 0D 00 00 08 35 
00 FF FF 00 22 0D 22 93 00 00 02 00 00 22 10 7F 0D 00 00 07 FA 
00 FF FF 00 22 0D 22 93 00 00 02 00 00 22 10 80 0D 00 00 08 48 
00 FF FF 00 22 0D 22 93 00 00 02 00 00 22 10 81 0D 00 00 08 64 
00 FF FF 00 22 0D 22 93 00 00 02 00 00 22 10 82 0D 00 00 09 17 
00 FF FF 00 22 0D 22 93 00 00 02 00 00 22 10 83 0D 00 00 08 A3 
00 FF FF 00 22 0D 22 93 00 00 02 00 00 22 10 84 0D 00 00 08 7C 
00 FF FF 00 22 0D 22 93 00 00 02 00 00 22 10 85 0D 00 00 07 E1 
00 FF FF 00 22 0D 22 93 00 00 02 00 00 22 10 86 0D 00 00 0B 59 
00 FF FF 00 22 0D 22 93 00 00 02 00 00 22 10 87 0D 00 00 08 33 
00 FF FF 00 22 0D 22 93 00 00 02 00 00 22 10 88 0D 00 00 08 51 
00 FF FF 00 22 0D 22 93 00 00 02 00 00 22 10 89 0D 00 00 11 57 
00 FF FF 00 22 0D 22 93 00 00 02 00 00 22 10 8A 0D 00 00 0B 06 
00 FF FF 00 22 0D 22 93 00 00 02 00 00 22 10 8B 0D 00 00 0A C6 
00 FF FF 00 22 0D 22 93 00 00 02 00 00 22 10 8C 0D 00 00 08 26 
00 FF FF 00 22 0D 22 93 00 00 02 00 00 22 10 8D 0D 00 00 0D 50 
00 FF FF 00 22 0D 22 93 00 00 02 00 00 22 10 8E 0D 00 00 09 99 
00 FF FF 00 22 0D 22 93 00 00 02 00 00 22 10 8F 0D 00 00 09 E3 
00 FF FF 00 22 0D 22 93 00 00 02 00 00 22 10 90 0D 00 00 08 2E 
00 FF FF 00 22 0D 22 93 00 00 02 00 00 22 10 91 0D 00 00 0B 49 
00 FF FF 00 22 0D 22 93 00 00 02 00 00 22 10 92 0D 00 00 0A 38 
00 FF FF 00 22 0D 22 93 00 00 02 00 00 22 10 93 0D 00 00 07 D0 
00 FF FF 00 22 0D 22 93 00 00 02 00 00 22 10 94 0D 00 00 08 E7 
00 FF FF 00 22 0D 22 93 00 00 02 00 00 22 10 95 0D 00 00 08 E7 
00 FF FF 00 22 0D 22 93 00 00 02 00 00 22 10 96 0D 00 00 08 13 
00 FF FF 00 22 0D 22 93 00 00 02 00 00 22 10 97 0D 00 00 09 B8 
00 FF FF 00 22 0D 22 93 00 00 02 00 00 22 10 98 0D 00 00 09 3E 
00 FF FF 00 22 0D 22 93 00 00 02 00 00 22 10 99 0D 00 00 07 F6 
00 FF FF 00 22 0D 22 93 00 00 02 00 00 22 10 9A 0D 00 00 07 D8 
00 FF FF 00 22 0D 22 93 00 00 02 00 00 22 10 9B 0D 00 00 08 76 
00 FF FF 00 22 0D 22 93 00 00 02 00 00 22 10 9C 0D 00 00 07 E0 
00 FF FF 00 22 0D 22 93 00 00 02 00 00 22 10 9D 0D 00 00 07 DD 
00 FF FF 00 22 0D 22 93 00 00 02 00 00 22 10 9E 0D 00 00 09 0B 
00 FF FF 00 22 0D 22 93 00 00 02 00 00 22 10 9F 0D 00 00 08 BB 
00 FF FF 00 22 0D 22 93 00 00 02 00 00 22 10 A0 0D 00 00 09 DB 
00 FF FF 00 22 0D 22 93 00 00 02 00 00 22 10 A1 0D 00 00 09 C4 
00 FF FF 00 22 0D 22 93 00 00 02 00 00 22 10 A2 0D 00 00 07 EC 
00 FF FF 00 22 0D 22 93 00 00 02 00 00 22 10 A3 0D 00 00 10 45 
00 FF FF 00 22 0D 22 93 00 00 02 00 00 22 10 A4 0D 00 00 09 31 
00 FF FF 00 22 0D 22 93 00 00 02 00 00 22 10 A5 0D 00 00 08 8E 
00 FF FF 00 22 0D 22 93 00 00 02 00 00 22 10 A6 0D 00 00 09 59 
00 FF FF 00 22 0D 22 93 00 00 02 00 00 22 10 A7 0D 00 00 09 4A 
00 FF FF 00 22 0D 22 93 00 00 02 00 00 22 10 A8 0D 00 00 0A FE 
00 FF FF 00 22 0D 22 93 00 00 02 00 00 22 10 A9 0D 00 00 0C 43 
00 FF FF 00 22 0D 22 93 00 00 02 00 00 22 10 AA 0D 00 00 08 A6 
00 FF FF 00 22 0D 22 93 00 00 02 00 00 22 10 AB 0D 00 00 08 CC 
00 FF FF 00 22 0D 22 93 00 00 02 00 00 22 10 AC 0D 00 00 08 F6 
00 FF FF 00 22 0D 22 93 00 00 02 00 00 22 10 AD 0D 00 00 08 34 
00 FF FF 00 22 0D 22 93 00 00 02 00 00 22 10 AE 0D 00 00 09 37 
00 FF FF 00 22 0D 22 93 00 00 02 00 00 22 10 AF 0D 00 00 09 CF 
00 FF FF 00 22 0D 22 93 00 00 02 00 00 22 10 B0 0D 00 00 0B AF 
00 FF FF 00 22 0D 22 93 00 00 02 00 00 22 10 B1 0D 00 00 0A 4B 
00 FF FF 00 22 0D 22 93 00 00 02 00 00 22 10 B2 0D 00 00 0A 3C 
00 FF FF 00 22 0D 22 93 00 00 02 00 00 22 10 B3 0D 00 00 09 2C 
00 FF FF 00 22 0D 22 93 00 00 02 00 00 22 10 B4 0D 00 00 0A 3D 
00 FF FF 00 22 0D 22 93 00 00 02 00 00 22 10 B5 0D 00 00 08 BF 
00 FF FF 00 22 0D 22 93 00 00 02 00 00 22 10 B6 0D 00 00 09 B4 
00 FF FF 00 22 0D 22 93 00 00 02 00 00 22 10 B7 0D 00 00 10 99 
00 FF FF 00 22 0D 22 93 00 00 02 00 00 22 10 B8 0D 00 00 0A D9 
00 FF FF 00 22 0D 22 93 00 00 02 00 00 22 10 B9 0D 00 00 09 F9 
00 FF FF 00 22 0D 22 93 00 00 02 00 00 22 10 BA 0D 00 00 09 24 
00 FF FF 00 22 0D 22 93 00 00 02 00 00 22 10 BB 0D 00 00 0B 55 
00 FF FF 00 22 0D 22 93 00 00 02 00 00 22 10 BC 0D 00 00 08 40 
00 FF FF 00 22 0D 22 93 00 00 02 00 00 22 10 BD 0D 00 00 09 CA 
00 FF FF 00 22 0D 22 93 00 00 02 00 00 22 10 BE 0D 00 00 09 EB 
00 FF FF 00 22 0D 22 93 00 00 02 00 00 22 10 BF 0D 00 00 0A B6 
00 FF FF 00 22 0D 22 93 00 00 02 00 00 22 10 C0 0D 00 00 08 12 
00 FF FF 00 22 0D 22 93 00 00 02 00 00 22 10 C2 0D 00 00 0B 42 
00 FF FF 00 22 0D 22 93 00 00 02 00 00 22 10 C3 0D 00 00 08 4B 
00 FF FF 00 22 0D 22 93 00 00 02 00 00 22 10 C4 0D 00 00 08 98 
00 FF FF 00 22 0D 22 93 00 00 02 00 00 22 10 C5 0D 00 00 08 EF 
00 FF FF 00 22 0D 22 93 00 00 02 00 00 22 10 C6 0D 00 00 0A 07 
00 FF FF 00 22 0D 22 93 00 00 02 00 00 22 10 C7 0D 00 00 0B 5D 
00 FF FF 00 22 0D 22 93 00 00 02 00 00 22 10 C8 0D 00 00 08 39 
00 FF FF 00 22 0D 22 93 00 00 02 00 00 22 10 C9 0D 00 00 09 B1 
00 FF FF 00 22 0D 22 93 00 00 02 00 00 22 10 CA 0D 00 00 09 E6 
00 FF FF 00 22 0D 22 93 00 00 02 00 00 22 10 CB 0D 00 00 0D 23 
00 FF FF 00 22 0D 22 93 00 00 02 00 00 22 10 CD 0D 00 00 0F 10 
00 FF FF 00 22 0D 22 93 00 00 02 00 00 22 10 CE 0D 00 00 0C 0F 
00 FF FF 00 22 0D 22 93 00 00 02 00 00 22 10 CF 0D 00 00 0C 29 
00 FF FF 00 22 0D 22 93 00 00 02 00 00 22 10 D0 0D 00 00 0E 49 
00 FF FF 00 22 0D 22 93 00 00 02 00 00 22 10 D1 0D 00 00 0A CF 
00 FF FF 00 22 0D 22 93 00 00 02 00 00 22 10 D2 0D 00 00 09 B3 
00 FF FF 00 22 0D 22 93 00 00 02 00 00 22 10 D3 0D 00 00 0A 8A 
00 FF FF 00 22 0D 22 93 00 00 02 00 00 22 10 D4 0D 00 00 0C B1 
00 FF FF 00 22 0D 22 93 00 00 02 00 00 22 10 D5 0D 00 00 0B 9E 
00 FF FF 00 22 0D 22 93 00 00 02 00 00 22 10 D6 0D 00 00 0B 7F 
00 FF FF 00 22 0D 22 93 00 00 02 00 00 22 10 D7 0D 00 00 08 89 
00 FF FF 00 22 0D 22 93 00 00 02 00 00 22 10 D8 0D 00 00 08 97 
00 FF FF 00 22 0D 22 93 00 00 02 00 00 22 10 D9 0D 00 00 08 E0 
00 FF FF 00 22 0D 22 93 00 00 02 00 00 22 10 DA 0D 00 00 08 D4 
00 FF FF 00 22 0D 22 93 00 00 02 00 00 22 10 DB 0D 00 00 08 A5 
00 FF FF 00 22 0D 22 93 00 00 02 00 00 22 10 DC 0D 00 00 10 A5 
00 FF FF 00 22 0D 22 93 00 00 02 00 00 22 10 DD 0D 00 00 08 B4 
00 FF FF 00 22 0D 22 93 00 00 02 00 00 22 10 DE 0D 00 00 08 62 
00 FF FF 00 22 0D 22 93 00 00 02 00 00 22 10 DF 0D 00 00 0A E2 
00 FF FF 00 22 0D 22 93 00 00 02 00 00 22 10 E0 0D 00 00 08 EF 
00 FF FF 00 22 0D 22 93 00 00 02 00 00 22 10 E1 0D 00 00 09 74 
00 FF FF 00 22 0D 22 93 00 00 02 00 00 22 10 E2 0D 00 00 09 90 
00 FF FF 00 22 0D 22 93 00 00 02 00 00 22 10 E3 0D 00 00 09 91 
00 FF FF 00 22 0D 22 93 00 00 02 00 00 22 10 E5 0D 00 00 0B 50 
00 FF FF 00 22 0D 22 93 00 00 02 00 00 22 10 E6 0D 00 00 08 1F 
00 FF FF 00 22 0D 22 93 00 00 02 00 00 22 10 E7 0D 00 00 09 00 
00 FF FF 00 22 0D 22 93 00 00 02 00 00 22 10 E9 0D 00 00 0A 14 
00 FF FF 00 22 0D 22 93 00 00 02 00 00 22 10 EA 0D 00 00 08 94 
00 FF FF 00 22 0D 22 93 00 00 02 00 00 22 10 EB 0D 00 00 09 D8 
00 FF FF 00 22 0D 22 93 00 00 02 00 00 22 10 EC 0D 00 00 0B 31 
00 FF FF 00 22 0D 22 93 00 00 02 00 00 22 10 ED 0D 00 00 0D ED 
00 FF FF 00 22 0D 22 93 00 00 02 00 00 22 10 EE 0D 00 00 09 03 
00 FF FF 00 22 0D 22 93 00 00 02 00 00 22 10 EF 0D 00 00 07 F3 
00 FF FF 00 22 0D 22 93 00 00 02 00 00 22 10 F0 0D 00 00 09 88 
00 FF FF 00 22 0D 22 93 00 00 02 00 00 22 10 F1 0D 00 00 09 59 
00 FF FF 00 22 0D 22 93 00 00 02 00 00 22 10 F2 0D 00 00 0A 4E 
00 FF FF 00 22 0D 22 93 00 00 02 00 00 22 10 F3 0D 00 00 0A A7 
00 FF FF 00 22 0D 22 93 00 00 02 00 00 22 10 F4 0D 00 00 07 E1 
00 FF FF 00 22 0D 22 93 00 00 02 00 00 22 10 F5 0D 00 00 0A 54 
00 FF FF 00 22 0D 22 93 00 00 02 00 00 22 10 F6 0D 00 00 09 9C 
00 FF FF 00 22 0D 22 93 00 00 02 00 00 22 10 F7 0D 00 00 08 91 
00 FF FF 00 22 0D 22 93 00 00 02 00 00 22 10 F8 0D 00 00 0A 52 
00 FF FF 00 22 0D 22 93 00 00 02 00 00 22 10 F9 0D 00 00 0A 75 
00 FF FF 00 22 0D 22 93 00 00 02 00 00 22 10 FB 0D 00 00 08 72 
00 FF FF 00 22 0D 22 93 00 00 02 00 00 22 10 FC 0D 00 00 09 BE 
00 FF FF 00 22 0D 22 93 00 00 02 00 00 22 10 FD 0D 00 00 08 AE 
00 FF FF 00 22 0D 22 93 00 00 02 00 00 22 10 FE 0D 00 00 0A D8 
00 FF FF 00 22 0D 22 93 00 00 02 00 00 22 10 FF 0D 00 00 08 F4 
00 FF FF 00 22 0D 22 93 00 00 02 00 00 22 11 00 0D 00 00 09 23 
00 FF FF 00 22 0D 22 93 00 00 02 00 00 22 11 01 0D 00 00 08 35 
00 FF FF 00 22 0D 22 93 00 00 02 00 00 22 11 02 0D 00 00 0C B9 
00 FF FF 00 22 0D 22 93 00 00 02 00 00 22 11 03 0D 00 00 07 D7 
00 FF FF 00 22 0D 22 93 00 00 02 00 00 22 11 04 0D 00 00 0B EA 
00 FF FF 00 22 0D 22 93 00 00 02 00 00 22 11 05 0D 00 00 08 9A 
00 FF FF 00 22 0D 22 93 00 00 02 00 00 22 11 06 0D 00 00 08 F4 
00 FF FF 00 22 0D 22 93 00 00 02 00 00 22 11 07 0D 00 00 09 82 
00 FF FF 00 22 0D 22 93 00 00 02 00 00 22 11 08 0D 00 00 0B 36 
00 FF FF 00 22 0D 22 93 00 00 02 00 00 22 11 09 0D 00 00 0E 1E 
00 FF FF 00 22 0D 22 93 00 00 02 00 00 22 11 0A 0D 00 00 08 E3 
00 FF FF 00 22 0D 22 93 00 00 02 00 00 22 11 0B 0D 00 00 0C CC 
00 FF FF 00 22 0D 22 93 00 00 02 00 00 22 11 0C 0D 00 00 08 44 
00 FF FF 00 22 0D 22 93 00 00 02 00 00 22 11 0D 0D 00 00 0A D1 
00 FF FF 00 22 0D 22 93 00 00 02 00 00 22 11 0E 0D 00 00 08 5F 
00 FF FF 00 22 0D 22 93 00 00 02 00 00 22 11 0F 0D 00 00 09 35 
00 FF FF 00 22 0D 22 93 00 00 02 00 00 22 11 10 0D 00 00 08 B4 
00 FF FF 00 22 0D 22 93 00 00 02 00 00 22 11 11 0D 00 00 08 08 
00 FF FF 00 22 0D 22 93 00 00 02 00 00 22 11 12 0D 00 00 07 FE 
00 FF FF 00 22 0D 22 93 00 00 02 00 00 22 11 13 0D 00 00 08 66 
00 FF FF 00 22 0D 22 93 00 00 02 00 00 22 11 14 0D 00 00 0C 70 
00 FF FF 00 22 0D 22 93 00 00 02 00 00 22 11 15 0D 00 00 09 00 
00 FF FF 00 22 0D 22 93 00 00 02 00 00 22 11 16 0D 00 00 09 F1 
00 FF FF 00 22 0D 22 93 00 00 02 00 00 22 11 18 0D 00 00 0B 14 
00 FF FF 00 22 0D 22 93 00 00 02 00 00 22 11 19 0D 00 00 09 35 
00 FF FF 00 22 0D 22 93 00 00 02 00 00 22 11 1A 0D 00 00 09 4C 
00 FF FF 00 22 0D 22 93 00 00 02 00 00 22 11 1B 0D 00 00 0F F5 
00 FF FF 00 22 0D 22 93 00 00 02 00 00 22 11 1C 0D 00 00 07 D4 
00 FF FF 00 22 0D 22 93 00 00 02 00 00 22 11 1D 0D 00 00 0A 5A 
00 FF FF 00 22 0D 22 93 00 00 02 00 00 22 11 1E 0D 00 00 0B 6F 
00 FF FF 00 22 0D 22 93 00 00 02 00 00 22 11 1F 0D 00 00 09 94 
00 FF FF 00 22 0D 22 93 00 00 02 00 00 22 11 20 0D 00 00 07 FA 
00 FF FF 00 22 0D 22 93 00 00 02 00 00 22 11 21 0D 00 00 09 23 
00 FF FF 00 22 0D 22 93 00 00 02 00 00 22 11 22 0D 00 00 0A 3E 
00 FF FF 00 22 0D 22 93 00 00 02 00 00 22 11 23 0D 00 00 09 09 
00 FF FF 00 22 0D 22 93 00 00 02 00 00 22 11 25 0D 00 00 08 5C 
00 FF FF 00 22 0D 22 93 00 00 02 00 00 22 11 26 0D 00 00 09 3D 
00 FF FF 00 22 0D 22 93 00 00 02 00 00 22 11 27 0D 00 00 09 BD 
00 FF FF 00 22 0D 22 93 00 00 02 00 00 22 11 28 0D 00 00 08 D8 
00 FF FF 00 22 0D 22 93 00 00 02 00 00 22 11 2A 0D 00 00 0A 21 
00 FF FF 00 22 0D 22 93 00 00 02 00 00 22 11 2B 0D 00 00 08 1C 
00 FF FF 00 22 0D 22 93 00 00 02 00 00 22 11 2C 0D 00 00 09 29 
00 FF FF 00 22 0D 22 93 00 00 02 00 00 22 11 2D 0D 00 00 07 D3 
00 FF FF 00 22 0D 22 93 00 00 02 00 00 22 11 2E 0D 00 00 08 97 
00 FF FF 00 22 0D 22 93 00 00 02 00 00 22 11 2F 0D 00 00 08 C9 
00 FF FF 00 22 0D 22 93 00 00 02 00 00 22 11 30 0D 00 00 09 BF 
00 FF FF 00 22 0D 22 93 00 00 02 00 00 22 11 31 0D 00 00 09 C0 
00 FF FF 00 22 0D 22 93 00 00 02 00 00 22 11 32 0D 00 00 08 10 
00 FF FF 00 22 0D 22 93 00 00 02 00 00 22 11 33 0D 00 00 09 6A 
00 FF FF 00 22 0D 22 93 00 00 02 00 00 22 11 34 0D 00 00 07 F6 
00 FF FF 00 22 0D 22 93 00 00 02 00 00 22 11 35 0D 00 00 09 E5 
00 FF FF 00 22 0D 22 93 00 00 02 00 00 22 11 36 0D 00 00 0A 93 
00 FF FF 00 22 0D 22 93 00 00 02 00 00 22 11 37 0D 00 00 0E B1 
00 FF FF 00 22 0D 22 93 00 00 02 00 00 22 11 38 0D 00 00 0A 91 
00 FF FF 00 22 0D 22 93 00 00 02 00 00 22 11 39 0D 00 00 08 6B 
00 FF FF 00 22 0D 22 93 00 00 02 00 00 22 11 3A 0D 00 00 08 90 
00 FF FF 00 22 0D 22 93 00 00 02 00 00 22 11 3B 0D 00 00 0F A1 
00 FF FF 00 22 0D 22 93 00 00 02 00 00 22 11 3C 0D 00 00 08 29 
00 FF FF 00 22 0D 22 93 00 00 02 00 00 22 11 3D 0D 00 00 0B 74 
00 FF FF 00 22 0D 22 93 00 00 02 00 00 22 11 3E 0D 00 00 08 4A 
00 FF FF 00 22 0D 22 93 00 00 02 00 00 22 11 3F 0D 00 00 08 32 
00 FF FF 00 22 0D 22 93 00 00 02 00 00 22 11 40 0D 00 00 08 CA 
00 FF FF 00 22 0D 22 93 00 00 02 00 00 22 11 41 0D 00 00 08 94 
00 FF FF 00 22 0D 22 93 00 00 02 00 00 22 11 42 0D 00 00 0C 26 
00 FF FF 00 22 0D 22 93 00 00 02 00 00 22 11 43 0D 00 00 0E A2 
00 FF FF 00 22 0D 22 93 00 00 02 00 00 22 11 44 0D 00 00 0B 49 
00 FF FF 00 22 0D 22 93 00 00 02 00 00 22 11 45 0D 00 00 09 FC 
00 FF FF 00 22 0D 22 93 00 00 02 00 00 22 11 46 0D 00 00 07 FA 
00 FF FF 00 22 0D 22 93 00 00 02 00 00 22 11 47 0D 00 00 10 D2 
00 FF FF 00 22 0D 22 93 00 00 02 00 00 22 11 48 0D 00 00 08 94 
00 FF FF 00 22 0D 22 93 00 00 02 00 00 22 11 49 0D 00 00 0D D5 
00 FF FF 00 22 0D 22 93 00 00 02 00 00 22 11 4A 0D 00 00 0A 2E 
00 FF FF 00 22 0D 22 93 00 00 02 00 00 22 11 4B 0D 00 00 0F DD 
00 FF FF 00 22 0D 22 93 00 00 02 00 00 22 11 4C 0D 00 00 08 DD 
00 FF FF 00 22 0D 22 93 00 00 02 00 00 22 11 4D 0D 00 00 0E 90 
00 FF FF 00 22 0D 22 93 00 00 02 00 00 22 11 4E 0D 00 00 09 35 
00 FF FF 00 22 0D 22 93 00 00 02 00 00 22 11 4F 0D 00 00 08 E3 
00 FF FF 00 22 0D 22 93 00 00 02 00 00 22 11 50 0D 00 00 08 4F 
00 FF FF 00 22 0D 22 93 00 00 02 00 00 22 11 51 0D 00 00 09 92 
00 FF FF 00 22 0D 22 93 00 00 02 00 00 22 11 52 0D 00 00 08 35 
00 FF FF 00 22 0D 22 93 00 00 02 00 00 22 11 53 0D 00 00 08 7D 
00 FF FF 00 22 0D 22 93 00 00 02 00 00 22 11 54 0D 00 00 0A 6A 
00 FF FF 00 22 0D 22 93 00 00 02 00 00 22 11 55 0D 00 00 07 FC 
00 FF FF 00 22 0D 22 93 00 00 02 00 00 22 11 56 0D 00 00 09 C0 
00 FF FF 00 22 0D 22 93 00 00 02 00 00 22 11 57 0D 00 00 0B 03 
00 FF FF 00 22 0D 22 93 00 00 02 00 00 22 11 58 0D 00 00 07 E2 
00 FF FF 00 22 0D 22 93 00 00 02 00 00 22 11 59 0D 00 00 0E C9 
00 FF FF 00 22 0D 22 93 00 00 02 00 00 22 11 5A 0D 00 00 08 2D 
00 FF FF 00 22 0D 22 93 00 00 02 00 00 22 11 5B 0D 00 00 09 6D 
00 FF FF 00 22 0D 22 93 00 00 02 00 00 22 11 5C 0D 00 00 0D E1 
00 FF FF 00 22 0D 22 93 00 00 02 00 00 22 11 5D 0D 00 00 07 D2 
00 FF FF 00 22 0D 22 93 00 00 02 00 00 22 11 5E 0D 00 00 08 48 
00 FF FF 00 22 0D 22 93 00 00 02 00 00 22 11 5F 0D 00 00 08 71 
00 FF FF 00 22 0D 22 93 00 00 02 00 00 22 11 60 0D 00 00 0D 32 
00 FF FF 00 22 0D 22 93 00 00 02 00 00 22 11 61 0D 00 00 0A 78 
00 FF FF 00 22 0D 22 93 00 00 02 00 00 22 11 62 0D 00 00 0A 4E 
00 FF FF 00 22 0D 22 93 00 00 02 00 00 22 11 63 0D 00 00 09 14 
00 FF FF 00 22 0D 22 93 00 00 02 00 00 22 11 64 0D 00 00 08 48 
00 FF FF 00 22 0D 22 93 00 00 02 00 00 22 11 65 0D 00 00 08 C2 
00 FF FF 00 22 0D 22 93 00 00 02 00 00 22 11 66 0D 00 00 0A 64 
00 FF FF 00 22 0D 22 93 00 00 02 00 00 22 11 67 0D 00 00 08 EB 
00 FF FF 00 22 0D 22 93 00 00 02 00 00 22 11 68 0D 00 00 0F 5B 
00 FF FF 00 22 0D 22 93 00 00 02 00 00 22 11 69 0D 00 00 08 B7 
00 FF FF 00 22 0D 22 93 00 00 02 00 00 22 11 6A 0D 00 00 07 E7 
00 FF FF 00 22 0D 22 93 00 00 02 00 00 22 11 6B 0D 00 00 08 D5 
00 FF FF 00 22 0D 22 93 00 00 02 00 00 22 11 6C 0D 00 00 09 E0 
00 FF FF 00 22 0D 22 93 00 00 02 00 00 22 11 6D 0D 00 00 0A C8 
00 FF FF 00 22 0D 22 93 00 00 02 00 00 22 11 6E 0D 00 00 0F 9D 
00 FF FF 00 22 0D 22 93 00 00 02 00 00 22 11 6F 0D 00 00 07 D4 
00 FF FF 00 22 0D 22 93 00 00 02 00 00 22 11 70 0D 00 00 09 A5 
00 FF FF 00 22 0D 22 93 00 00 02 00 00 22 11 72 0D 00 00 08 C5 
00 FF FF 00 22 0D 22 93 00 00 02 00 00 22 11 73 0D 00 00 09 EA 
00 FF FF 00 22 0D 22 93 00 00 02 00 00 22 11 74 0D 00 00 08 20 
00 FF FF 00 22 0D 22 93 00 00 02 00 00 22 11 75 0D 00 00 08 D4 
00 FF FF 00 22 0D 22 93 00 00 02 00 00 22 11 76 0D 00 00 0C E7 
00 FF FF 00 22 0D 22 93 00 00 02 00 00 22 11 77 0D 00 00 08 4D 
00 FF FF 00 22 0D 22 93 00 00 02 00 00 22 11 79 0D 00 00 0C 64 
00 FF FF 00 22 0D 22 93 00 00 02 00 00 22 11 7A 0D 00 00 09 4C 
00 FF FF 00 22 0D 22 93 00 00 02 00 00 22 11 7B 0D 00 00 08 B5 
00 FF FF 00 22 0D 22 93 00 00 02 00 00 22 11 7C 0D 00 00 08 FE 
00 FF FF 00 22 0D 22 93 00 00 02 00 00 22 11 7D 0D 00 00 09 B4 
00 FF FF 00 22 0D 22 93 00 00 02 00 00 22 11 7E 0D 00 00 08 1A 
00 FF FF 00 22 0D 22 93 00 00 02 00 00 22 11 7F 0D 00 00 09 20 
00 FF FF 00 22 0D 22 93 00 00 02 00 00 22 11 80 0D 00 00 08 1B 
00 FF FF 00 22 0D 22 93 00 00 02 00 00 22 11 81 0D 00 00 08 77 
00 FF FF 00 22 0D 22 93 00 00 02 00 00 22 11 82 0D 00 00 0A C6 
00 FF FF 00 22 0D 22 93 00 00 02 00 00 22 11 83 0D 00 00 08 F4 
00 FF FF 00 22 0D 22 93 00 00 02 00 00 22 11 84 0D 00 00 09 10 
00 FF FF 00 22 0D 22 93 00 00 02 00 00 22 11 85 0D 00 00 09 28 
00 FF FF 00 22 0D 22 93 00 00 02 00 00 22 11 86 0D 00 00 10 50 
00 FF FF 00 22 0D 22 93 00 00 02 00 00 22 11 87 0D 00 00 08 CF 
00 FF FF 00 22 0D 22 93 00 00 02 00 00 22 11 88 0D 00 00 0C CF 
00 FF FF 00 22 0D 22 93 00 00 02 00 00 22 11 89 0D 00 00 0E 9A 
00 FF FF 00 22 0D 22 93 00 00 02 00 00 22 11 8A 0D 00 00 0B F9 
00 FF FF 00 22 0D 22 93 00 00 02 00 00 22 11 8B 0D 00 00 0C F9 
00 FF FF 00 22 0D 22 93 00 00 02 00 00 22 11 8C 0D 00 00 0D DC 
00 FF FF 00 22 0D 22 93 00 00 02 00 00 22 11 8D 0D 00 00 08 A7 
00 FF FF 00 22 0D 22 93 00 00 02 00 00 22 11 8E 0D 00 00 0A F9 
00 FF FF 00 22 0D 22 93 00 00 02 00 00 22 11 8F 0D 00 00 08 79 
00 FF FF 00 22 0D 22 93 00 00 02 00 00 22 11 90 0D 00 00 0A BB 
00 FF FF 00 22 0D 22 93 00 00 02 00 00 22 11 91 0D 00 00 10 AF 
00 FF FF 00 22 0D 22 93 00 00 02 00 00 22 11 92 0D 00 00 08 95 
00 FF FF 00 22 0D 22 93 00 00 02 00 00 22 11 93 0D 00 00 08 1A 
00 FF FF 00 22 0D 22 93 00 00 02 00 00 22 11 94 0D 00 00 0B AC 
00 FF FF 00 22 0D 22 93 00 00 02 00 00 22 11 95 0D 00 00 09 16 
00 FF FF 00 22 0D 22 93 00 00 02 00 00 22 11 96 0D 00 00 09 D6 
00 FF FF 00 22 0D 22 93 00 00 02 00 00 22 11 97 0D 00 00 08 8E 
00 FF FF 00 22 0D 22 93 00 00 02 00 00 22 11 98 0D 00 00 07 FD 
00 FF FF 00 22 0D 22 93 00 00 02 00 00 22 11 99 0D 00 00 09 40 
00 FF FF 00 22 0D 22 93 00 00 02 00 00 22 11 9A 0D 00 00 08 D1 
00 FF FF 00 22 0D 22 93 00 00 02 00 00 22 11 9B 0D 00 00 08 9C 
00 FF FF 00 22 0D 22 93 00 00 02 00 00 22 11 9C 0D 00 00 0A DD 
00 FF FF 00 22 0D 22 93 00 00 02 00 00 22 11 9D 0D 00 00 0C 54 
00 FF FF 00 22 0D 22 93 00 00 02 00 00 22 11 9E 0D 00 00 08 6C 
00 FF FF 00 22 0D 22 93 00 00 02 00 00 22 11 9F 0D 00 00 0A F1 
00 FF FF 00 22 0D 22 93 00 00 02 00 00 22 11 A1 0D 00 00 08 2F 
00 FF FF 00 22 0D 22 93 00 00 02 00 00 22 11 A2 0D 00 00 0E DD 
00 FF FF 00 22 0D 22 93 00 00 02 00 00 22 11 A3 0D 00 00 09 D1 
00 FF FF 00 22 0D 22 93 00 00 02 00 00 22 11 A4 0D 00 00 08 3C 
00 FF FF 00 22 0D 22 93 00 00 02 00 00 22 11 A5 0D 00 00 0A 99 
00 FF FF 00 22 0D 22 93 00 00 02 00 00 22 11 A6 0D 00 00 0B 31 
00 FF FF 00 22 0D 22 93 00 00 02 00 00 22 11 A7 0D 00 00 0A CB 
00 FF FF 00 22 0D 22 93 00 00 02 00 00 22 11 A8 0D 00 00 07 FA 
00 FF FF 00 22 0D 22 93 00 00 02 00 00 22 11 A9 0D 00 00 08 A3 
00 FF FF 00 22 0D 22 93 00 00 02 00 00 22 11 AA 0D 00 00 09 3D 
00 FF FF 00 22 0D 22 93 00 00 02 00 00 22 11 AB 0D 00 00 0B D4 
00 FF FF 00 22 0D 22 93 00 00 02 00 00 22 11 AC 0D 00 00 09 CB 
00 FF FF 00 22 0D 22 93 00 00 02 00 00 22 11 AD 0D 00 00 0C 49 
00 FF FF 00 22 0D 22 93 00 00 02 00 00 22 11 AE 0D 00 00 0A FC 
00 FF FF 00 22 0D 22 93 00 00 02 00 00 22 11 AF 0D 00 00 07 F9 
00 FF FF 00 22 0D 22 93 00 00 02 00 00 22 11 B0 0D 00 00 08 F4 
00 FF FF 00 22 0D 22 93 00 00 02 00 00 22 11 B1 0D 00 00 0A 92 
00 FF FF 00 22 0D 22 93 00 00 02 00 00 22 11 B2 0D 00 00 08 43 
00 FF FF 00 22 0D 22 93 00 00 02 00 00 22 11 B3 0D 00 00 0E 35 
00 FF FF 00 22 0D 22 93 00 00 02 00 00 22 11 B4 0D 00 00 09 37 
00 FF FF 00 22 0D 22 93 00 00 02 00 00 22 11 B5 0D 00 00 09 09 
00 FF FF 00 22 0D 22 93 00 00 02 00 00 22 11 B6 0D 00 00 08 47 
00 FF FF 00 22 0D 22 93 00 00 02 00 00 22 11 B7 0D 00 00 0A 3D 
00 FF FF 00 22 0D 22 93 00 00 02 00 00 22 11 B8 0D 00 00 09 0B 
00 FF FF 00 22 0D 22 93 00 00 02 00 00 22 11 B9 0D 00 00 09 71 
00 FF FF 00 22 0D 22 93 00 00 02 00 00 22 11 BA 0D 00 00 08 B9 
00 FF FF 00 22 0D 22 93 00 00 02 00 00 22 11 BB 0D 00 00 08 F6 
00 FF FF 00 22 0D 22 93 00 00 02 00 00 22 11 BC 0D 00 00 09 F4 
00 FF FF 00 22 0D 22 93 00 00 02 00 00 22 11 BD 0D 00 00 09 3E 
00 FF FF 00 22 0D 22 93 00 00 02 00 00 22 11 BE 0D 00 00 0C AD 
00 FF FF 00 22 0D 22 93 00 00 02 00 00 22 11 BF 0D 00 00 0B F0 
00 FF FF 00 22 0D 22 93 00 00 02 00 00 22 11 C0 0D 00 00 09 35 
00 FF FF 00 22 0D 22 93 00 00 02 00 00 22 11 C1 0D 00 00 08 19 
00 FF FF 00 22 0D 22 93 00 00 02 00 00 22 11 C2 0D 00 00 08 F1 
00 FF FF 00 22 0D 22 93 00 00 02 00 00 22 11 C3 0D 00 00 09 70 
00 FF FF 00 22 0D 22 93 00 00 02 00 00 22 11 C4 0D 00 00 10 1E 
00 FF FF 00 22 0D 22 93 00 00 02 00 00 22 11 C5 0D 00 00 08 EF 
00 FF FF 00 22 0D 22 93 00 00 02 00 00 22 11 C6 0D 00 00 08 FB 
00 FF FF 00 22 0D 22 93 00 00 02 00 00 22 11 C7 0D 00 00 0B 56 
00 FF FF 00 22 0D 22 93 00 00 02 00 00 22 11 C8 0D 00 00 08 F6 
00 FF FF 00 22 0D 22 93 00 00 02 00 00 22 11 C9 0D 00 00 09 25 
00 FF FF 00 22 0D 22 93 00 00 02 00 00 22 11 CA 0D 00 00 07 E1 
00 FF FF 00 22 0D 22 93 00 00 02 00 00 22 11 CB 0D 00 00 07 FC 
00 FF FF 00 22 0D 22 93 00 00 02 00 00 22 11 CC 0D 00 00 0A AF 
00 FF FF 00 22 0D 22 93 00 00 02 00 00 22 11 CD 0D 00 00 07 F1 
00 FF FF 00 22 0D 22 93 00 00 02 00 00 22 11 CE 0D 00 00 09 D6 
00 FF FF 00 22 0D 22 93 00 00 02 00 00 22 11 CF 0D 00 00 08 66 
00 FF FF 00 22 0D 22 93 00 00 02 00 00 22 11 D0 0D 00 00 0A 8C 
00 FF FF 00 22 0D 22 93 00 00 02 00 00 22 11 D1 0D 00 00 08 CE 
00 FF FF 00 22 0D 22 93 00 00 02 00 00 22 11 D2 0D 00 00 0A E6 
00 FF FF 00 22 0D 22 93 00 00 02 00 00 22 11 D3 0D 00 00 09 74 
00 FF FF 00 22 0D 22 93 00 00 02 00 00 22 11 D4 0D 00 00 08 4B 
00 FF FF 00 22 0D 22 93 00 00 02 00 00 22 11 D5 0D 00 00 0A F3 
00 FF FF 00 22 0D 22 93 00 00 02 00 00 22 11 D6 0D 00 00 09 18 
00 FF FF 00 22 0D 22 93 00 00 02 00 00 22 11 D7 0D 00 00 08 65 
00 FF FF 00 22 0D 22 93 00 00 02 00 00 22 11 D8 0D 00 00 07 DE 
00 FF FF 00 22 0D 22 93 00 00 02 00 00 22 11 D9 0D 00 00 0B 3C 
00 FF FF 00 22 0D 22 93 00 00 02 00 00 22 11 DB 0D 00 00 08 BF 
00 FF FF 00 22 0D 22 93 00 00 02 00 00 22 11 DD 0D 00 00 08 C8 
00 FF FF 00 22 0D 22 93 00 00 02 00 00 22 11 DE 0D 00 00 08 2A 
00 FF FF 00 22 0D 22 93 00 00 02 00 00 22 11 DF 0D 00 00 07 E1 
00 FF FF 00 22 0D 22 93 00 00 02 00 00 22 11 E1 0D 00 00 09 D4 
00 FF FF 00 22 0D 22 93 00 00 02 00 00 22 11 E2 0D 00 00 07 DB 
00 FF FF 00 22 0D 22 93 00 00 02 00 00 22 11 E3 0D 00 00 08 05 
00 FF FF 00 22 0D 22 93 00 00 02 00 00 22 11 E4 0D 00 00 08 BD 
00 FF FF 00 22 0D 22 93 00 00 02 00 00 22 11 E5 0D 00 00 09 A4 
00 FF FF 00 22 0D 22 93 00 00 02 00 00 22 11 E6 0D 00 00 09 3B 
00 FF FF 00 22 0D 22 93 00 00 02 00 00 22 11 E7 0D 00 00 08 1B 
00 FF FF 00 22 0D 22 93 00 00 02 00 00 22 11 E8 0D 00 00 0D E3 
00 FF FF 00 22 0D 22 93 00 00 02 00 00 22 11 E9 0D 00 00 08 40 
00 FF FF 00 22 0D 22 93 00 00 02 00 00 22 11 EA 0D 00 00 08 4A 
00 FF FF 00 22 0D 22 93 00 00 02 00 00 22 11 EB 0D 00 00 0B 0B 
00 FF FF 00 22 0D 22 93 00 00 02 00 00 22 11 EC 0D 00 00 08 32 
00 FF FF 00 22 0D 22 93 00 00 02 00 00 22 11 ED 0D 00 00 09 29 
00 FF FF 00 22 0D 22 93 00 00 02 00 00 22 11 EE 0D 00 00 08 D2 
00 FF FF 00 22 0D 22 93 00 00 02 00 00 22 11 EF 0D 00 00 0A 00 
00 FF FF 00 22 0D 22 93 00 00 02 00 00 22 11 F0 0D 00 00 08 5A 
00 FF FF 00 22 0D 22 93 00 00 02 00 00 22 11 F1 0D 00 00 07 F5 
00 FF FF 00 22 0D 22 93 00 00 02 00 00 22 11 F2 0D 00 00 0A 29 
00 FF FF 00 22 0D 22 93 00 00 02 00 00 22 11 F3 0D 00 00 0A C8 
00 FF FF 00 22 0D 22 93 00 00 02 00 00 22 11 F4 0D 00 00 0C 52 
00 FF FF 00 22 0D 22 93 00 00 02 00 00 22 11 F5 0D 00 00 09 09 
00 FF FF 00 22 0D 22 93 00 00 02 00 00 22 11 F6 0D 00 00 0F 2C 
00 FF FF 00 22 0D 22 93 00 00 02 00 00 22 11 F7 0D 00 00 09 AE 
00 FF FF 00 22 0D 22 93 00 00 02 00 00 22 11 F8 0D 00 00 08 FB 
00 FF FF 00 22 0D 22 93 00 00 02 00 00 22 11 F9 0D 00 00 07 EB 
00 FF FF 00 22 0D 22 93 00 00 02 00 00 22 11 FA 0D 00 00 07 F4 
00 FF FF 00 22 0D 22 93 00 00 02 00 00 22 11 FB 0D 00 00 09 75 
00 FF FF 00 22 0D 22 93 00 00 02 00 00 22 11 FC 0D 00 00 0A F5 
00 FF FF 00 22 0D 22 93 00 00 02 00 00 22 11 FD 0D 00 00 08 06 
00 FF FF 00 22 0D 22 93 00 00 02 00 00 22 11 FE 0D 00 00 09 80 
00 FF FF 00 22 0D 22 93 00 00 02 00 00 22 11 FF 0D 00 00 08 35 
00 FF FF 00 22 0D 22 93 00 00 02 00 00 22 12 00 0D 00 00 08 75 
00 FF FF 00 22 0D 22 93 00 00 02 00 00 22 12 01 0D 00 00 09 6F 
00 FF FF 00 22 0D 22 93 00 00 02 00 00 22 12 02 0D 00 00 0C 8E 
00 FF FF 00 22 0D 22 93 00 00 02 00 00 22 12 03 0D 00 00 08 17 
00 FF FF 00 22 0D 22 93 00 00 02 00 00 22 12 04 0D 00 00 09 83 
00 FF FF 00 22 0D 22 93 00 00 02 00 00 22 12 05 0D 00 00 0A B9 
00 FF FF 00 22 0D 22 93 00 00 02 00 00 22 12 06 0D 00 00 08 06 
00 FF FF 00 22 0D 22 93 00 00 02 00 00 22 12 07 0D 00 00 0C 92 
00 FF FF 00 22 0D 22 93 00 00 02 00 00 22 12 08 0D 00 00 0A 4A 
00 FF FF 00 22 0D 22 93 00 00 02 00 00 22 12 09 0D 00 00 0A 6E 
00 FF FF 00 22 0D 22 93 00 00 02 00 00 22 12 0A 0D 00 00 08 55 
00 FF FF 00 22 0D 22 93 00 00 02 00 00 22 12 0B 0D 00 00 0C 39 
00 FF FF 00 22 0D 22 93 00 00 02 00 00 22 12 0C 0D 00 00 09 F0 
00 FF FF 00 22 0D 22 93 00 00 02 00 00 22 12 0D 0D 00 00 0E D9 
00 FF FF 00 22 0D 22 93 00 00 02 00 00 22 12 0E 0D 00 00 09 2B 
00 FF FF 00 22 0D 22 93 00 00 02 00 00 22 12 0F 0D 00 00 08 03 
00 FF FF 00 22 0D 22 93 00 00 02 00 00 22 12 10 0D 00 00 08 17 
00 FF FF 00 22 0D 22 93 00 00 02 00 00 22 12 11 0D 00 00 0B 73 
00 FF FF 00 22 0D 22 93 00 00 02 00 00 22 12 12 0D 00 00 07 EB 
00 FF FF 00 22 0D 22 93 00 00 02 00 00 22 12 13 0D 00 00 08 C8 
00 FF FF 00 22 0D 22 93 00 00 02 00 00 22 12 14 0D 00 00 0B 50 
00 FF FF 00 22 0D 22 93 00 00 02 00 00 22 12 15 0D 00 00 08 82 
00 FF FF 00 22 0D 22 93 00 00 02 00 00 22 12 16 0D 00 00 08 40 
00 FF FF 00 22 0D 22 93 00 00 02 00 00 22 12 17 0D 00 00 0A 27 
00 FF FF 00 22 0D 22 93 00 00 02 00 00 22 12 18 0D 00 00 07 DB 
00 FF FF 00 22 0D 22 93 00 00 02 00 00 22 12 19 0D 00 00 07 D9 
00 FF FF 00 22 0D 22 93 00 00 02 00 00 22 12 1A 0D 00 00 09 08 
00 FF FF 00 22 0D 22 93 00 00 02 00 00 22 12 1B 0D 00 00 08 68 
00 FF FF 00 22 0D 22 93 00 00 02 00 00 22 12 1C 0D 00 00 08 AD 
00 FF FF 00 22 0D 22 93 00 00 02 00 00 22 12 1D 0D 00 00 08 16 
00 FF FF 00 22 0D 22 93 00 00 02 00 00 22 12 1E 0D 00 00 09 B4 
00 FF FF 00 22 0D 22 93 00 00 02 00 00 22 12 1F 0D 00 00 08 CC 
00 FF FF 00 22 0D 22 93 00 00 02 00 00 22 12 20 0D 00 00 09 5F 
00 FF FF 00 22 0D 22 93 00 00 02 00 00 22 12 21 0D 00 00 09 58 
00 FF FF 00 22 0D 22 93 00 00 02 00 00 22 12 23 0D 00 00 08 85 
00 FF FF 00 22 0D 22 93 00 00 02 00 00 22 12 24 0D 00 00 08 DC 
00 FF FF 00 22 0D 22 93 00 00 02 00 00 22 12 25 0D 00 00 0B 12 
00 FF FF 00 22 0D 22 93 00 00 02 00 00 22 12 26 0D 00 00 09 C1 
00 FF FF 00 22 0D 22 93 00 00 02 00 00 22 12 27 0D 00 00 09 E0 
00 FF FF 00 22 0D 22 93 00 00 02 00 00 22 12 28 0D 00 00 0F 44 
00 FF FF 00 22 0D 22 93 00 00 02 00 00 22 12 2A 0D 00 00 08 10 
00 FF FF 00 22 0D 22 93 00 00 02 00 00 22 12 2B 0D 00 00 09 27 
00 FF FF 00 22 0D 22 93 00 00 02 00 00 22 12 2C 0D 00 00 0D 2D 
00 FF FF 00 22 0D 22 93 00 00 02 00 00 22 12 2D 0D 00 00 0A 3F 
00 FF FF 00 22 0D 22 93 00 00 02 00 00 22 12 2F 0D 00 00 09 C1 
00 FF FF 00 22 0D 22 93 00 00 02 00 00 22 12 30 0D 00 00 08 CD 
00 FF FF 00 22 0D 22 93 00 00 02 00 00 22 12 31 0D 00 00 0B B4 
00 FF FF 00 22 0D 22 93 00 00 02 00 00 22 12 32 0D 00 00 07 F8 
00 FF FF 00 22 0D 22 93 00 00 02 00 00 22 12 34 0D 00 00 08 D8 
00 FF FF 00 22 0D 22 93 00 00 02 00 00 22 12 35 0D 00 00 0B 6D 
00 FF FF 00 22 0D 22 93 00 00 02 00 00 22 12 36 0D 00 00 0A 1A 
00 FF FF 00 22 0D 22 93 00 00 02 00 00 22 12 37 0D 00 00 07 DD 
00 FF FF 00 22 0D 22 93 00 00 02 00 00 22 12 38 0D 00 00 11 C7 
00 FF FF 00 22 0D 22 93 00 00 02 00 00 22 12 39 0D 00 00 09 8D 
00 FF FF 00 22 0D 22 93 00 00 02 00 00 22 12 3A 0D 00 00 07 F9 
00 FF FF 00 22 0D 22 93 00 00 02 00 00 22 12 3B 0D 00 00 09 4C 
00 FF FF 00 22 0D 22 93 00 00 02 00 00 22 12 3C 0D 00 00 08 78 
00 FF FF 00 22 0D 22 93 00 00 02 00 00 22 12 3D 0D 00 00 09 01 
00 FF FF 00 22 0D 22 93 00 00 02 00 00 22 12 3E 0D 00 00 0A 64 
00 FF FF 00 22 0D 22 93 00 00 02 00 00 22 12 3F 0D 00 00 0A E2 
00 FF FF 00 22 0D 22 93 00 00 02 00 00 22 12 40 0D 00 00 08 19 
00 FF FF 00 22 0D 22 93 00 00 02 00 00 22 12 41 0D 00 00 09 18 
00 FF FF 00 22 0D 22 93 00 00 02 00 00 22 12 42 0D 00 00 08 2E 
00 FF FF 00 22 0D 22 93 00 00 02 00 00 22 12 43 0D 00 00 08 F3 
00 FF FF 00 22 0D 22 93 00 00 02 00 00 22 12 44 0D 00 00 0B 97 
00 FF FF 00 22 0D 22 93 00 00 02 00 00 22 12 45 0D 00 00 08 9B 
00 FF FF 00 22 0D 22 93 00 00 02 00 00 22 12 46 0D 00 00 0B 9E 
00 FF FF 00 22 0D 22 93 00 00 02 00 00 22 12 47 0D 00 00 08 86 
00 FF FF 00 22 0D 22 93 00 00 02 00 00 22 12 48 0D 00 00 07 F4 
00 FF FF 00 22 0D 22 93 00 00 02 00 00 22 12 49 0D 00 00 0A 43 
00 FF FF 00 22 0D 22 93 00 00 02 00 00 22 12 4A 0D 00 00 07 D9 
00 FF FF 00 22 0D 22 93 00 00 02 00 00 22 12 4B 0D 00 00 09 25 
00 FF FF 00 22 0D 22 93 00 00 02 00 00 22 12 4C 0D 00 00 09 75 
00 FF FF 00 22 0D 22 93 00 00 02 00 00 22 12 4D 0D 00 00 09 73 
00 FF FF 00 22 0D 22 93 00 00 02 00 00 22 12 4E 0D 00 00 08 E8 
00 FF FF 00 22 0D 22 93 00 00 02 00 00 22 12 4F 0D 00 00 0C 0F 
00 FF FF 00 22 0D 22 93 00 00 02 00 00 22 12 50 0D 00 00 0B E0 
00 FF FF 00 22 0D 22 93 00 00 02 00 00 22 12 51 0D 00 00 08 23 
00 FF FF 00 22 0D 22 93 00 00 02 00 00 22 12 52 0D 00 00 0C 95 
00 FF FF 00 22 0D 22 93 00 00 02 00 00 22 12 53 0D 00 00 0D 5A 
00 FF FF 00 22 0D 22 93 00 00 02 00 00 22 12 54 0D 00 00 09 2C 
00 FF FF 00 22 0D 22 93 00 00 02 00 00 22 12 55 0D 00 00 08 31 
00 FF FF 00 22 0D 22 93 00 00 02 00 00 22 12 56 0D 00 00 0B 0A 
