00 FF FF 00 22 0D 22 93 00 00 02 00 00 22 01 4D 0D 00 00 08 2C 
00 FF FF 00 22 0D 22 93 00 00 02 00 00 22 01 4E 0D 00 00 09 F7 
00 FF FF 00 22 0D 22 93 00 00 02 00 00 22 01 4F 0D 00 00 07 F8 
00 FF FF 00 22 0D 22 93 00 00 02 00 00 22 01 50 0D 00 00 09 38 
00 FF FF 00 22 0D 22 93 00 00 02 00 00 22 01 51 0D 00 00 0B 7B 
00 FF FF 00 22 0D 22 93 00 00 02 00 00 22 01 52 0D 00 00 0B BF 
00 FF FF 00 22 0D 22 93 00 00 02 00 00 22 01 53 0D 00 00 09 93 
00 FF FF 00 22 0D 22 93 00 00 02 00 00 22 01 54 0D 00 00 09 B3 
00 FF FF 00 22 0D 22 93 00 00 02 00 00 22 01 55 0D 00 00 08 F8 
00 FF FF 00 22 0D 22 93 00 00 02 00 00 22 01 56 0D 00 00 08 C8 
00 FF FF 00 22 0D 22 93 00 00 02 00 00 22 01 57 0D 00 00 08 C5 
00 FF FF 00 22 0D 22 93 00 00 02 00 00 22 01 58 0D 00 00 0D 83 
00 FF FF 00 22 0D 22 93 00 00 02 00 00 22 01 59 0D 00 00 0B 74 
00 FF FF 00 22 0D 22 93 00 00 02 00 00 22 01 5A 0D 00 00 08 F6 
00 FF FF 00 22 0D 22 93 00 00 02 00 00 22 01 5B 0D 00 00 0A B9 
00 FF FF 00 22 0D 22 93 00 00 02 00 00 22 01 5C 0D 00 00 08 1E 
00 FF FF 00 22 0D 22 93 00 00 02 00 00 22 01 5D 0D 00 00 08 1C 
00 FF FF 00 22 0D 22 93 00 00 02 00 00 22 01 5E 0D 00 00 0A EA 
00 FF FF 00 22 0D 22 93 00 00 02 00 00 22 01 5F 0D 00 00 09 75 
00 FF FF 00 22 0D 22 93 00 00 02 00 00 22 01 60 0D 00 00 07 D7 
00 FF FF 00 22 0D 22 93 00 00 02 00 00 22 01 61 0D 00 00 08 6D 
00 FF FF 00 22 0D 22 93 00 00 02 00 00 22 01 62 0D 00 00 08 D5 
00 FF FF 00 22 0D 22 93 00 00 02 00 00 22 01 63 0D 00 00 09 C6 
00 FF FF 00 22 0D 22 93 00 00 02 00 00 22 01 64 0D 00 00 08 CD 
00 FF FF 00 22 0D 22 93 00 00 02 00 00 22 01 65 0D 00 00 0B AF 
00 FF FF 00 22 0D 22 93 00 00 02 00 00 22 01 66 0D 00 00 08 87 
00 FF FF 00 22 0D 22 93 00 00 02 00 00 22 01 67 0D 00 00 08 E0 
00 FF FF 00 22 0D 22 93 00 00 02 00 00 22 01 68 0D 00 00 09 71 
00 FF FF 00 22 0D 22 93 00 00 02 00 00 22 01 69 0D 00 00 09 68 
00 FF FF 00 22 0D 22 93 00 00 02 00 00 22 01 6A 0D 00 00 09 FD 
00 FF FF 00 22 0D 22 93 00 00 02 00 00 22 01 6B 0D 00 00 0B A7 
00 FF FF 00 22 0D 22 93 00 00 02 00 00 22 01 6C 0D 00 00 08 BF 
00 FF FF 00 22 0D 22 93 00 00 02 00 00 22 01 6D 0D 00 00 09 8A 
00 FF FF 00 22 0D 22 93 00 00 02 00 00 22 01 6E 0D 00 00 08 39 
00 FF FF 00 22 0D 22 93 00 00 02 00 00 22 01 6F 0D 00 00 0A 49 
00 FF FF 00 22 0D 22 93 00 00 02 00 00 22 01 70 0D 00 00 08 4D 
00 FF FF 00 22 0D 22 93 00 00 02 00 00 22 01 71 0D 00 00 08 82 
00 FF FF 00 22 0D 22 93 00 00 02 00 00 22 01 72 0D 00 00 08 B0 
00 FF FF 00 22 0D 22 93 00 00 02 00 00 22 01 73 0D 00 00 09 06 
00 FF FF 00 22 0D 22 93 00 00 02 00 00 22 01 74 0D 00 00 09 32 
00 FF FF 00 22 0D 22 93 00 00 02 00 00 22 01 75 0D 00 00 09 FC 
00 FF FF 00 22 0D 22 93 00 00 02 00 00 22 01 76 0D 00 00 08 F6 
00 FF FF 00 22 0D 22 93 00 00 02 00 00 22 01 77 0D 00 00 0A F9 
00 FF FF 00 22 0D 22 93 00 00 02 00 00 22 01 78 0D 00 00 0B B8 
00 FF FF 00 22 0D 22 93 00 00 02 00 00 22 01 79 0D 00 00 08 EB 
00 FF FF 00 22 0D 22 93 00 00 02 00 00 22 01 7A 0D 00 00 08 6E 
00 FF FF 00 22 0D 22 93 00 00 02 00 00 22 01 7B 0D 00 00 08 01 
00 FF FF 00 22 0D 22 93 00 00 02 00 00 22 01 7C 0D 00 00 0A A0 
00 FF FF 00 22 0D 22 93 00 00 02 00 00 22 01 7D 0D 00 00 0A EC 
00 FF FF 00 22 0D 22 93 00 00 02 00 00 22 01 7E 0D 00 00 09 A7 
00 FF FF 00 22 0D 22 93 00 00 02 00 00 22 01 7F 0D 00 00 09 4D 
00 FF FF 00 22 0D 22 93 00 00 02 00 00 22 01 80 0D 00 00 0A 42 
00 FF FF 00 22 0D 22 93 00 00 02 00 00 22 01 81 0D 00 00 0B 56 
00 FF FF 00 22 0D 22 93 00 00 02 00 00 22 01 82 0D 00 00 09 D5 
00 FF FF 00 22 0D 22 93 00 00 02 00 00 22 01 83 0D 00 00 08 3A 
00 FF FF 00 22 0D 22 93 00 00 02 00 00 22 01 84 0D 00 00 0C 15 
00 FF FF 00 22 0D 22 93 00 00 02 00 00 22 01 85 0D 00 00 0C C8 
00 FF FF 00 22 0D 22 93 00 00 02 00 00 22 01 86 0D 00 00 0A AB 
00 FF FF 00 22 0D 22 93 00 00 02 00 00 22 01 87 0D 00 00 08 5E 
00 FF FF 00 22 0D 22 93 00 00 02 00 00 22 01 88 0D 00 00 07 E1 
00 FF FF 00 22 0D 22 93 00 00 02 00 00 22 01 89 0D 00 00 09 1E 
00 FF FF 00 22 0D 22 93 00 00 02 00 00 22 01 8A 0D 00 00 09 35 
00 FF FF 00 22 0D 22 93 00 00 02 00 00 22 01 8B 0D 00 00 0A 39 
00 FF FF 00 22 0D 22 93 00 00 02 00 00 22 01 8D 0D 00 00 0A 84 
00 FF FF 00 22 0D 22 93 00 00 02 00 00 22 01 8E 0D 00 00 08 ED 
00 FF FF 00 22 0D 22 93 00 00 02 00 00 22 01 8F 0D 00 00 0A 96 
00 FF FF 00 22 0D 22 93 00 00 02 00 00 22 01 90 0D 00 00 0B 66 
00 FF FF 00 22 0D 22 93 00 00 02 00 00 22 01 91 0D 00 00 0D C7 
00 FF FF 00 22 0D 22 93 00 00 02 00 00 22 01 92 0D 00 00 07 F7 
00 FF FF 00 22 0D 22 93 00 00 02 00 00 22 01 94 0D 00 00 08 46 
00 FF FF 00 22 0D 22 93 00 00 02 00 00 22 01 95 0D 00 00 0F 99 
00 FF FF 00 22 0D 22 93 00 00 02 00 00 22 01 96 0D 00 00 0A 67 
00 FF FF 00 22 0D 22 93 00 00 02 00 00 22 01 97 0D 00 00 0B 6D 
00 FF FF 00 22 0D 22 93 00 00 02 00 00 22 01 98 0D 00 00 0A 1E 
00 FF FF 00 22 0D 22 93 00 00 02 00 00 22 01 99 0D 00 00 08 7A 
00 FF FF 00 22 0D 22 93 00 00 02 00 00 22 01 9A 0D 00 00 08 24 
00 FF FF 00 22 0D 22 93 00 00 02 00 00 22 01 9B 0D 00 00 08 1C 
00 FF FF 00 22 0D 22 93 00 00 02 00 00 22 01 9C 0D 00 00 0B 12 
00 FF FF 00 22 0D 22 93 00 00 02 00 00 22 01 9D 0D 00 00 08 0A 
00 FF FF 00 22 0D 22 93 00 00 02 00 00 22 01 9E 0D 00 00 0B 62 
00 FF FF 00 22 0D 22 93 00 00 02 00 00 22 01 9F 0D 00 00 0B 1A 
00 FF FF 00 22 0D 22 93 00 00 02 00 00 22 01 A0 0D 00 00 09 51 
00 FF FF 00 22 0D 22 93 00 00 02 00 00 22 01 A1 0D 00 00 08 E4 
00 FF FF 00 22 0D 22 93 00 00 02 00 00 22 01 A2 0D 00 00 09 CF 
00 FF FF 00 22 0D 22 93 00 00 02 00 00 22 01 A3 0D 00 00 0A 6F 
00 FF FF 00 22 0D 22 93 00 00 02 00 00 22 01 A4 0D 00 00 0A 82 
00 FF FF 00 22 0D 22 93 00 00 02 00 00 22 01 A5 0D 00 00 0C B0 
00 FF FF 00 22 0D 22 93 00 00 02 00 00 22 01 A6 0D 00 00 0B 0E 
00 FF FF 00 22 0D 22 93 00 00 02 00 00 22 01 A7 0D 00 00 09 3B 
00 FF FF 00 22 0D 22 93 00 00 02 00 00 22 01 A8 0D 00 00 08 36 
00 FF FF 00 22 0D 22 93 00 00 02 00 00 22 01 A9 0D 00 00 09 65 
00 FF FF 00 22 0D 22 93 00 00 02 00 00 22 01 AA 0D 00 00 0B 5E 
00 FF FF 00 22 0D 22 93 00 00 02 00 00 22 01 AB 0D 00 00 08 4B 
00 FF FF 00 22 0D 22 93 00 00 02 00 00 22 01 AC 0D 00 00 13 00 
00 FF FF 00 22 0D 22 93 00 00 02 00 00 22 01 AD 0D 00 00 0C 08 
00 FF FF 00 22 0D 22 93 00 00 02 00 00 22 01 AE 0D 00 00 0A 00 
00 FF FF 00 22 0D 22 93 00 00 02 00 00 22 01 AF 0D 00 00 0D B6 
00 FF FF 00 22 0D 22 93 00 00 02 00 00 22 01 B0 0D 00 00 08 1A 
00 FF FF 00 22 0D 22 93 00 00 02 00 00 22 01 B1 0D 00 00 0F 0B 
00 FF FF 00 22 0D 22 93 00 00 02 00 00 22 01 B2 0D 00 00 08 AA 
00 FF FF 00 22 0D 22 93 00 00 02 00 00 22 01 B3 0D 00 00 08 9C 
00 FF FF 00 22 0D 22 93 00 00 02 00 00 22 01 B4 0D 00 00 0A 1B 
00 FF FF 00 22 0D 22 93 00 00 02 00 00 22 01 B5 0D 00 00 0A 61 
00 FF FF 00 22 0D 22 93 00 00 02 00 00 22 01 B6 0D 00 00 09 A7 
00 FF FF 00 22 0D 22 93 00 00 02 00 00 22 01 B7 0D 00 00 0B 69 
00 FF FF 00 22 0D 22 93 00 00 02 00 00 22 01 B8 0D 00 00 0A BC 
00 FF FF 00 22 0D 22 93 00 00 02 00 00 22 01 B9 0D 00 00 09 C9 
00 FF FF 00 22 0D 22 93 00 00 02 00 00 22 01 BA 0D 00 00 08 8F 
00 FF FF 00 22 0D 22 93 00 00 02 00 00 22 01 BB 0D 00 00 08 7F 
00 FF FF 00 22 0D 22 93 00 00 02 00 00 22 01 BC 0D 00 00 0C F1 
00 FF FF 00 22 0D 22 93 00 00 02 00 00 22 01 BD 0D 00 00 09 76 
00 FF FF 00 22 0D 22 93 00 00 02 00 00 22 01 BE 0D 00 00 09 36 
00 FF FF 00 22 0D 22 93 00 00 02 00 00 22 01 BF 0D 00 00 09 EC 
00 FF FF 00 22 0D 22 93 00 00 02 00 00 22 01 C0 0D 00 00 07 F6 
00 FF FF 00 22 0D 22 93 00 00 02 00 00 22 01 C1 0D 00 00 0A C7 
00 FF FF 00 22 0D 22 93 00 00 02 00 00 22 01 C2 0D 00 00 09 FB 
00 FF FF 00 22 0D 22 93 00 00 02 00 00 22 01 C3 0D 00 00 0F 5B 
00 FF FF 00 22 0D 22 93 00 00 02 00 00 22 01 C4 0D 00 00 0F 1E 
00 FF FF 00 22 0D 22 93 00 00 02 00 00 22 01 C5 0D 00 00 07 F2 
00 FF FF 00 22 0D 22 93 00 00 02 00 00 22 01 C6 0D 00 00 08 35 
00 FF FF 00 22 0D 22 93 00 00 02 00 00 22 01 C7 0D 00 00 08 A1 
00 FF FF 00 22 0D 22 93 00 00 02 00 00 22 01 C8 0D 00 00 08 F4 
00 FF FF 00 22 0D 22 93 00 00 02 00 00 22 01 C9 0D 00 00 08 1F 
00 FF FF 00 22 0D 22 93 00 00 02 00 00 22 01 CA 0D 00 00 08 AE 
00 FF FF 00 22 0D 22 93 00 00 02 00 00 22 01 CB 0D 00 00 08 20 
00 FF FF 00 22 0D 22 93 00 00 02 00 00 22 01 CC 0D 00 00 09 ED 
00 FF FF 00 22 0D 22 93 00 00 02 00 00 22 01 CD 0D 00 00 0C 76 
00 FF FF 00 22 0D 22 93 00 00 02 00 00 22 01 CE 0D 00 00 08 65 
00 FF FF 00 22 0D 22 93 00 00 02 00 00 22 01 CF 0D 00 00 09 F6 
00 FF FF 00 22 0D 22 93 00 00 02 00 00 22 01 D0 0D 00 00 0A 19 
00 FF FF 00 22 0D 22 93 00 00 02 00 00 22 01 D1 0D 00 00 0A 95 
00 FF FF 00 22 0D 22 93 00 00 02 00 00 22 01 D2 0D 00 00 08 76 
00 FF FF 00 22 0D 22 93 00 00 02 00 00 22 01 D3 0D 00 00 09 61 
00 FF FF 00 22 0D 22 93 00 00 02 00 00 22 01 D4 0D 00 00 0C 7D 
00 FF FF 00 22 0D 22 93 00 00 02 00 00 22 01 D5 0D 00 00 0C 26 
00 FF FF 00 22 0D 22 93 00 00 02 00 00 22 01 D6 0D 00 00 0B 98 
00 FF FF 00 22 0D 22 93 00 00 02 00 00 22 01 D7 0D 00 00 09 69 
00 FF FF 00 22 0D 22 93 00 00 02 00 00 22 01 D8 0D 00 00 08 01 
00 FF FF 00 22 0D 22 93 00 00 02 00 00 22 01 D9 0D 00 00 08 E1 
00 FF FF 00 22 0D 22 93 00 00 02 00 00 22 01 DA 0D 00 00 08 0F 
00 FF FF 00 22 0D 22 93 00 00 02 00 00 22 01 DB 0D 00 00 09 82 
00 FF FF 00 22 0D 22 93 00 00 02 00 00 22 01 DC 0D 00 00 08 38 
00 FF FF 00 22 0D 22 93 00 00 02 00 00 22 01 DD 0D 00 00 0A E7 
00 FF FF 00 22 0D 22 93 00 00 02 00 00 22 01 DE 0D 00 00 08 90 
00 FF FF 00 22 0D 22 93 00 00 02 00 00 22 01 DF 0D 00 00 0C ED 
00 FF FF 00 22 0D 22 93 00 00 02 00 00 22 01 E0 0D 00 00 08 02 
00 FF FF 00 22 0D 22 93 00 00 02 00 00 22 01 E1 0D 00 00 08 97 
00 FF FF 00 22 0D 22 93 00 00 02 00 00 22 01 E2 0D 00 00 08 4C 
00 FF FF 00 22 0D 22 93 00 00 02 00 00 22 01 E3 0D 00 00 0A B7 
00 FF FF 00 22 0D 22 93 00 00 02 00 00 22 01 E4 0D 00 00 07 FD 
00 FF FF 00 22 0D 22 93 00 00 02 00 00 22 01 E5 0D 00 00 08 23 
00 FF FF 00 22 0D 22 93 00 00 02 00 00 22 01 E6 0D 00 00 07 DC 
00 FF FF 00 22 0D 22 93 00 00 02 00 00 22 01 E7 0D 00 00 08 6E 
00 FF FF 00 22 0D 22 93 00 00 02 00 00 22 01 E8 0D 00 00 09 A9 
00 FF FF 00 22 0D 22 93 00 00 02 00 00 22 01 E9 0D 00 00 08 70 
00 FF FF 00 22 0D 22 93 00 00 02 00 00 22 01 EA 0D 00 00 0A EA 
00 FF FF 00 22 0D 22 93 00 00 02 00 00 22 01 EB 0D 00 00 0B 95 
00 FF FF 00 22 0D 22 93 00 00 02 00 00 22 01 EC 0D 00 00 09 1D 
00 FF FF 00 22 0D 22 93 00 00 02 00 00 22 01 ED 0D 00 00 09 3B 
00 FF FF 00 22 0D 22 93 00 00 02 00 00 22 01 EE 0D 00 00 0C 3F 
00 FF FF 00 22 0D 22 93 00 00 02 00 00 22 01 EF 0D 00 00 0F 1D 
00 FF FF 00 22 0D 22 93 00 00 02 00 00 22 01 F0 0D 00 00 08 B6 
00 FF FF 00 22 0D 22 93 00 00 02 00 00 22 01 F1 0D 00 00 09 FD 
00 FF FF 00 22 0D 22 93 00 00 02 00 00 22 01 F2 0D 00 00 08 38 
00 FF FF 00 22 0D 22 93 00 00 02 00 00 22 01 F3 0D 00 00 0A 92 
00 FF FF 00 22 0D 22 93 00 00 02 00 00 22 01 F4 0D 00 00 10 3E 
00 FF FF 00 22 0D 22 93 00 00 02 00 00 22 01 F5 0D 00 00 0B 57 
00 FF FF 00 22 0D 22 93 00 00 02 00 00 22 01 F6 0D 00 00 08 62 
00 FF FF 00 22 0D 22 93 00 00 02 00 00 22 01 F7 0D 00 00 09 B1 
00 FF FF 00 22 0D 22 93 00 00 02 00 00 22 01 F8 0D 00 00 08 E6 
00 FF FF 00 22 0D 22 93 00 00 02 00 00 22 01 F9 0D 00 00 09 4A 
00 FF FF 00 22 0D 22 93 00 00 02 00 00 22 01 FA 0D 00 00 09 82 
00 FF FF 00 22 0D 22 93 00 00 02 00 00 22 01 FB 0D 00 00 08 5F 
00 FF FF 00 22 0D 22 93 00 00 02 00 00 22 01 FC 0D 00 00 08 EE 
00 FF FF 00 22 0D 22 93 00 00 02 00 00 22 01 FD 0D 00 00 0A D6 
00 FF FF 00 22 0D 22 93 00 00 02 00 00 22 01 FE 0D 00 00 08 2B 
00 FF FF 00 22 0D 22 93 00 00 02 00 00 22 01 FF 0D 00 00 08 52 
00 FF FF 00 22 0D 22 93 00 00 02 00 00 22 02 00 0D 00 00 08 0D 
00 FF FF 00 22 0D 22 93 00 00 02 00 00 22 02 01 0D 00 00 08 48 
00 FF FF 00 22 0D 22 93 00 00 02 00 00 22 02 02 0D 00 00 0A 13 
00 FF FF 00 22 0D 22 93 00 00 02 00 00 22 02 03 0D 00 00 09 0B 
00 FF FF 00 22 0D 22 93 00 00 02 00 00 22 02 04 0D 00 00 09 88 
00 FF FF 00 22 0D 22 93 00 00 02 00 00 22 02 05 0D 00 00 09 23 
00 FF FF 00 22 0D 22 93 00 00 02 00 00 22 02 06 0D 00 00 07 E9 
00 FF FF 00 22 0D 22 93 00 00 02 00 00 22 02 07 0D 00 00 08 97 
00 FF FF 00 22 0D 22 93 00 00 02 00 00 22 02 08 0D 00 00 09 B4 
00 FF FF 00 22 0D 22 93 00 00 02 00 00 22 02 09 0D 00 00 0A 30 
00 FF FF 00 22 0D 22 93 00 00 02 00 00 22 02 0A 0D 00 00 15 D0 
00 FF FF 00 22 0D 22 93 00 00 02 00 00 22 02 0B 0D 00 00 09 2E 
00 FF FF 00 22 0D 22 93 00 00 02 00 00 22 02 0C 0D 00 00 0A E6 
00 FF FF 00 22 0D 22 93 00 00 02 00 00 22 02 0D 0D 00 00 10 5A 
00 FF FF 00 22 0D 22 93 00 00 02 00 00 22 02 0E 0D 00 00 0A 6F 
00 FF FF 00 22 0D 22 93 00 00 02 00 00 22 02 0F 0D 00 00 09 C0 
00 FF FF 00 22 0D 22 93 00 00 02 00 00 22 02 10 0D 00 00 08 3D 
00 FF FF 00 22 0D 22 93 00 00 02 00 00 22 02 11 0D 00 00 0E 83 
00 FF FF 00 22 0D 22 93 00 00 02 00 00 22 02 12 0D 00 00 08 D2 
00 FF FF 00 22 0D 22 93 00 00 02 00 00 22 02 13 0D 00 00 0B 34 
00 FF FF 00 22 0D 22 93 00 00 02 00 00 22 02 14 0D 00 00 0B F4 
00 FF FF 00 22 0D 22 93 00 00 02 00 00 22 02 15 0D 00 00 0B 9F 
00 FF FF 00 22 0D 22 93 00 00 02 00 00 22 02 16 0D 00 00 08 E8 
00 FF FF 00 22 0D 22 93 00 00 02 00 00 22 02 17 0D 00 00 0A 93 
00 FF FF 00 22 0D 22 93 00 00 02 00 00 22 02 18 0D 00 00 09 FF 
00 FF FF 00 22 0D 22 93 00 00 02 00 00 22 02 19 0D 00 00 0A C6 
00 FF FF 00 22 0D 22 93 00 00 02 00 00 22 02 1A 0D 00 00 07 ED 
00 FF FF 00 22 0D 22 93 00 00 02 00 00 22 02 1B 0D 00 00 0B C0 
00 FF FF 00 22 0D 22 93 00 00 02 00 00 22 02 1C 0D 00 00 09 26 
00 FF FF 00 22 0D 22 93 00 00 02 00 00 22 02 1D 0D 00 00 09 09 
00 FF FF 00 22 0D 22 93 00 00 02 00 00 22 02 1E 0D 00 00 0F E4 
00 FF FF 00 22 0D 22 93 00 00 02 00 00 22 02 1F 0D 00 00 09 B4 
00 FF FF 00 22 0D 22 93 00 00 02 00 00 22 02 20 0D 00 00 0B 31 
00 FF FF 00 22 0D 22 93 00 00 02 00 00 22 02 21 0D 00 00 09 12 
00 FF FF 00 22 0D 22 93 00 00 02 00 00 22 02 22 0D 00 00 0A 1E 
00 FF FF 00 22 0D 22 93 00 00 02 00 00 22 02 23 0D 00 00 08 C2 
00 FF FF 00 22 0D 22 93 00 00 02 00 00 22 02 24 0D 00 00 0E A1 
00 FF FF 00 22 0D 22 93 00 00 02 00 00 22 02 25 0D 00 00 13 F2 
00 FF FF 00 22 0D 22 93 00 00 02 00 00 22 02 26 0D 00 00 09 B9 
00 FF FF 00 22 0D 22 93 00 00 02 00 00 22 02 27 0D 00 00 0A 63 
00 FF FF 00 22 0D 22 93 00 00 02 00 00 22 02 28 0D 00 00 08 E6 
00 FF FF 00 22 0D 22 93 00 00 02 00 00 22 02 29 0D 00 00 0B E8 
00 FF FF 00 22 0D 22 93 00 00 02 00 00 22 02 2A 0D 00 00 08 BE 
00 FF FF 00 22 0D 22 93 00 00 02 00 00 22 02 2B 0D 00 00 08 C0 
00 FF FF 00 22 0D 22 93 00 00 02 00 00 22 02 2C 0D 00 00 0C 36 
00 FF FF 00 22 0D 22 93 00 00 02 00 00 22 02 2D 0D 00 00 0F B2 
00 FF FF 00 22 0D 22 93 00 00 02 00 00 22 02 2E 0D 00 00 0B 1A 
00 FF FF 00 22 0D 22 93 00 00 02 00 00 22 02 2F 0D 00 00 09 05 
00 FF FF 00 22 0D 22 93 00 00 02 00 00 22 02 30 0D 00 00 0B 6F 
00 FF FF 00 22 0D 22 93 00 00 02 00 00 22 02 31 0D 00 00 08 4E 
00 FF FF 00 22 0D 22 93 00 00 02 00 00 22 02 32 0D 00 00 0B 46 
00 FF FF 00 22 0D 22 93 00 00 02 00 00 22 02 33 0D 00 00 0A B0 
00 FF FF 00 22 0D 22 93 00 00 02 00 00 22 02 34 0D 00 00 08 61 
00 FF FF 00 22 0D 22 93 00 00 02 00 00 22 02 35 0D 00 00 08 0E 
00 FF FF 00 22 0D 22 93 00 00 02 00 00 22 02 36 0D 00 00 08 D6 
00 FF FF 00 22 0D 22 93 00 00 02 00 00 22 02 37 0D 00 00 08 8E 
00 FF FF 00 22 0D 22 93 00 00 02 00 00 22 02 38 0D 00 00 08 34 
00 FF FF 00 22 0D 22 93 00 00 02 00 00 22 02 39 0D 00 00 0D 94 
00 FF FF 00 22 0D 22 93 00 00 02 00 00 22 02 3A 0D 00 00 08 16 
00 FF FF 00 22 0D 22 93 00 00 02 00 00 22 02 3B 0D 00 00 09 1C 
00 FF FF 00 22 0D 22 93 00 00 02 00 00 22 02 3C 0D 00 00 0C 13 
00 FF FF 00 22 0D 22 93 00 00 02 00 00 22 02 3D 0D 00 00 0A AF 
00 FF FF 00 22 0D 22 93 00 00 02 00 00 22 02 3E 0D 00 00 0E 6D 
00 FF FF 00 22 0D 22 93 00 00 02 00 00 22 02 3F 0D 00 00 09 A0 
00 FF FF 00 22 0D 22 93 00 00 02 00 00 22 02 40 0D 00 00 07 F3 
00 FF FF 00 22 0D 22 93 00 00 02 00 00 22 02 41 0D 00 00 0C 96 
00 FF FF 00 22 0D 22 93 00 00 02 00 00 22 02 42 0D 00 00 0A 38 
00 FF FF 00 22 0D 22 93 00 00 02 00 00 22 02 43 0D 00 00 08 7E 
00 FF FF 00 22 0D 22 93 00 00 02 00 00 22 02 44 0D 00 00 08 4E 
00 FF FF 00 22 0D 22 93 00 00 02 00 00 22 02 45 0D 00 00 08 41 
00 FF FF 00 22 0D 22 93 00 00 02 00 00 22 02 46 0D 00 00 0A C7 
00 FF FF 00 22 0D 22 93 00 00 02 00 00 22 02 47 0D 00 00 0E 8A 
00 FF FF 00 22 0D 22 93 00 00 02 00 00 22 02 48 0D 00 00 0B F8 
00 FF FF 00 22 0D 22 93 00 00 02 00 00 22 02 49 0D 00 00 09 7D 
00 FF FF 00 22 0D 22 93 00 00 02 00 00 22 02 4A 0D 00 00 09 DF 
00 FF FF 00 22 0D 22 93 00 00 02 00 00 22 02 4B 0D 00 00 08 C1 
00 FF FF 00 22 0D 22 93 00 00 02 00 00 22 02 4C 0D 00 00 0B 07 
00 FF FF 00 22 0D 22 93 00 00 02 00 00 22 02 4D 0D 00 00 0B 36 
00 FF FF 00 22 0D 22 93 00 00 02 00 00 22 02 4E 0D 00 00 09 C2 
00 FF FF 00 22 0D 22 93 00 00 02 00 00 22 02 4F 0D 00 00 07 E6 
00 FF FF 00 22 0D 22 93 00 00 02 00 00 22 02 50 0D 00 00 0E CD 
00 FF FF 00 22 0D 22 93 00 00 02 00 00 22 02 51 0D 00 00 09 7E 
00 FF FF 00 22 0D 22 93 00 00 02 00 00 22 02 52 0D 00 00 0D 15 
00 FF FF 00 22 0D 22 93 00 00 02 00 00 22 02 53 0D 00 00 0C E2 
00 FF FF 00 22 0D 22 93 00 00 02 00 00 22 02 54 0D 00 00 0D DB 
00 FF FF 00 22 0D 22 93 00 00 02 00 00 22 02 55 0D 00 00 09 39 
00 FF FF 00 22 0D 22 93 00 00 02 00 00 22 02 56 0D 00 00 08 81 
00 FF FF 00 22 0D 22 93 00 00 02 00 00 22 02 57 0D 00 00 0A F2 
00 FF FF 00 22 0D 22 93 00 00 02 00 00 22 02 58 0D 00 00 0A 8F 
00 FF FF 00 22 0D 22 93 00 00 02 00 00 22 02 59 0D 00 00 0B 3D 
00 FF FF 00 22 0D 22 93 00 00 02 00 00 22 02 5A 0D 00 00 08 64 
00 FF FF 00 22 0D 22 93 00 00 02 00 00 22 02 5B 0D 00 00 09 B3 
00 FF FF 00 22 0D 22 93 00 00 02 00 00 22 02 5C 0D 00 00 0D 34 
00 FF FF 00 22 0D 22 93 00 00 02 00 00 22 02 5D 0D 00 00 08 41 
00 FF FF 00 22 0D 22 93 00 00 02 00 00 22 02 5E 0D 00 00 09 3B 
00 FF FF 00 22 0D 22 93 00 00 02 00 00 22 02 5F 0D 00 00 08 63 
00 FF FF 00 22 0D 22 93 00 00 02 00 00 22 02 60 0D 00 00 07 E8 
00 FF FF 00 22 0D 22 93 00 00 02 00 00 22 02 61 0D 00 00 0A B7 
00 FF FF 00 22 0D 22 93 00 00 02 00 00 22 02 62 0D 00 00 0A B3 
00 FF FF 00 22 0D 22 93 00 00 02 00 00 22 02 63 0D 00 00 0D 67 
00 FF FF 00 22 0D 22 93 00 00 02 00 00 22 02 64 0D 00 00 08 8F 
00 FF FF 00 22 0D 22 93 00 00 02 00 00 22 02 65 0D 00 00 12 12 
00 FF FF 00 22 0D 22 93 00 00 02 00 00 22 02 66 0D 00 00 0B EA 
00 FF FF 00 22 0D 22 93 00 00 02 00 00 22 02 67 0D 00 00 09 85 
00 FF FF 00 22 0D 22 93 00 00 02 00 00 22 02 68 0D 00 00 08 F7 
00 FF FF 00 22 0D 22 93 00 00 02 00 00 22 02 69 0D 00 00 0A 76 
00 FF FF 00 22 0D 22 93 00 00 02 00 00 22 02 6A 0D 00 00 08 BA 
00 FF FF 00 22 0D 22 93 00 00 02 00 00 22 02 6B 0D 00 00 0C 16 
00 FF FF 00 22 0D 22 93 00 00 02 00 00 22 02 6C 0D 00 00 09 1B 
00 FF FF 00 22 0D 22 93 00 00 02 00 00 22 02 6D 0D 00 00 11 17 
00 FF FF 00 22 0D 22 93 00 00 02 00 00 22 02 6E 0D 00 00 0E 67 
00 FF FF 00 22 0D 22 93 00 00 02 00 00 22 02 6F 0D 00 00 07 D8 
00 FF FF 00 22 0D 22 93 00 00 02 00 00 22 02 70 0D 00 00 08 AD 
00 FF FF 00 22 0D 22 93 00 00 02 00 00 22 02 71 0D 00 00 09 B6 
00 FF FF 00 22 0D 22 93 00 00 02 00 00 22 02 72 0D 00 00 0E E4 
00 FF FF 00 22 0D 22 93 00 00 02 00 00 22 02 73 0D 00 00 08 D3 
00 FF FF 00 22 0D 22 93 00 00 02 00 00 22 02 74 0D 00 00 0E CD 
00 FF FF 00 22 0D 22 93 00 00 02 00 00 22 02 75 0D 00 00 0D 5A 
00 FF FF 00 22 0D 22 93 00 00 02 00 00 22 02 76 0D 00 00 0A 30 
00 FF FF 00 22 0D 22 93 00 00 02 00 00 22 02 77 0D 00 00 0F B3 
00 FF FF 00 22 0D 22 93 00 00 02 00 00 22 02 78 0D 00 00 14 0B 
00 FF FF 00 22 0D 22 93 00 00 02 00 00 22 02 79 0D 00 00 0B 82 
00 FF FF 00 22 0D 22 93 00 00 02 00 00 22 02 7A 0D 00 00 08 66 
00 FF FF 00 22 0D 22 93 00 00 02 00 00 22 02 7B 0D 00 00 0B 46 
00 FF FF 00 22 0D 22 93 00 00 02 00 00 22 02 7C 0D 00 00 0B 02 
00 FF FF 00 22 0D 22 93 00 00 02 00 00 22 02 7D 0D 00 00 08 0D 
00 FF FF 00 22 0D 22 93 00 00 02 00 00 22 02 7E 0D 00 00 08 69 
00 FF FF 00 22 0D 22 93 00 00 02 00 00 22 02 7F 0D 00 00 0B 38 
00 FF FF 00 22 0D 22 93 00 00 02 00 00 22 02 80 0D 00 00 10 4A 
00 FF FF 00 22 0D 22 93 00 00 02 00 00 22 02 81 0D 00 00 0B FE 
00 FF FF 00 22 0D 22 93 00 00 02 00 00 22 02 82 0D 00 00 0E E5 
00 FF FF 00 22 0D 22 93 00 00 02 00 00 22 02 83 0D 00 00 09 A1 
00 FF FF 00 22 0D 22 93 00 00 02 00 00 22 02 84 0D 00 00 0D 46 
00 FF FF 00 22 0D 22 93 00 00 02 00 00 22 02 85 0D 00 00 1D 6B 
00 FF FF 00 22 0D 22 93 00 00 02 00 00 22 02 86 0D 00 00 0B F5 
00 FF FF 00 22 0D 22 93 00 00 02 00 00 22 02 87 0D 00 00 11 74 
00 FF FF 00 22 0D 22 93 00 00 02 00 00 22 02 88 0D 00 00 08 BC 
00 FF FF 00 22 0D 22 93 00 00 02 00 00 22 02 89 0D 00 00 0B 9A 
00 FF FF 00 22 0D 22 93 00 00 02 00 00 22 02 8A 0D 00 00 09 73 
00 FF FF 00 22 0D 22 93 00 00 02 00 00 22 02 8B 0D 00 00 09 42 
00 FF FF 00 22 0D 22 93 00 00 02 00 00 22 02 8C 0D 00 00 0F A0 
00 FF FF 00 22 0D 22 93 00 00 02 00 00 22 02 8D 0D 00 00 09 78 
00 FF FF 00 22 0D 22 93 00 00 02 00 00 22 02 8E 0D 00 00 07 D3 
00 FF FF 00 22 0D 22 93 00 00 02 00 00 22 02 8F 0D 00 00 0A B2 
00 FF FF 00 22 0D 22 93 00 00 02 00 00 22 02 90 0D 00 00 0A 81 
00 FF FF 00 22 0D 22 93 00 00 02 00 00 22 02 91 0D 00 00 08 9A 
00 FF FF 00 22 0D 22 93 00 00 02 00 00 22 02 92 0D 00 00 08 96 
00 FF FF 00 22 0D 22 93 00 00 02 00 00 22 02 93 0D 00 00 07 EB 
00 FF FF 00 22 0D 22 93 00 00 02 00 00 22 02 94 0D 00 00 11 28 
00 FF FF 00 22 0D 22 93 00 00 02 00 00 22 02 95 0D 00 00 08 87 
00 FF FF 00 22 0D 22 93 00 00 02 00 00 22 02 96 0D 00 00 1D D1 
00 FF FF 00 22 0D 22 93 00 00 02 00 00 22 02 97 0D 00 00 08 38 
00 FF FF 00 22 0D 22 93 00 00 02 00 00 22 02 98 0D 00 00 0A 0F 
00 FF FF 00 22 0D 22 93 00 00 02 00 00 22 02 99 0D 00 00 0C 48 
00 FF FF 00 22 0D 22 93 00 00 02 00 00 22 02 9A 0D 00 00 1B CC 
00 FF FF 00 22 0D 22 93 00 00 02 00 00 22 02 9B 0D 00 00 09 43 
00 FF FF 00 22 0D 22 93 00 00 02 00 00 22 02 9C 0D 00 00 08 C4 
00 FF FF 00 22 0D 22 93 00 00 02 00 00 22 02 9D 0D 00 00 18 F4 
00 FF FF 00 22 0D 22 93 00 00 02 00 00 22 02 9E 0D 00 00 0B C8 
00 FF FF 00 22 0D 22 93 00 00 02 00 00 22 02 9F 0D 00 00 09 23 
00 FF FF 00 22 0D 22 93 00 00 02 00 00 22 02 A0 0D 00 00 08 42 
00 FF FF 00 22 0D 22 93 00 00 02 00 00 22 02 A1 0D 00 00 17 A6 
00 FF FF 00 22 0D 22 93 00 00 02 00 00 22 02 A2 0D 00 00 09 DC 
00 FF FF 00 22 0D 22 93 00 00 02 00 00 22 02 A3 0D 00 00 12 A9 
00 FF FF 00 22 0D 22 93 00 00 02 00 00 22 02 A4 0D 00 00 08 C1 
00 FF FF 00 22 0D 22 93 00 00 02 00 00 22 02 A5 0D 00 00 09 AE 
00 FF FF 00 22 0D 22 93 00 00 02 00 00 22 02 A6 0D 00 00 0A 80 
00 FF FF 00 22 0D 22 93 00 00 02 00 00 22 02 A7 0D 00 00 09 48 
00 FF FF 00 22 0D 22 93 00 00 02 00 00 22 02 A8 0D 00 00 0C FD 
00 FF FF 00 22 0D 22 93 00 00 02 00 00 22 02 A9 0D 00 00 09 19 
00 FF FF 00 22 0D 22 93 00 00 02 00 00 22 02 AA 0D 00 00 10 04 
00 FF FF 00 22 0D 22 93 00 00 02 00 00 22 02 AB 0D 00 00 08 75 
00 FF FF 00 22 0D 22 93 00 00 02 00 00 22 02 AC 0D 00 00 08 87 
00 FF FF 00 22 0D 22 93 00 00 02 00 00 22 02 AD 0D 00 00 0B C0 
00 FF FF 00 22 0D 22 93 00 00 02 00 00 22 02 AE 0D 00 00 0D B3 
00 FF FF 00 22 0D 22 93 00 00 02 00 00 22 02 AF 0D 00 00 0C 30 
00 FF FF 00 22 0D 22 93 00 00 02 00 00 22 02 B0 0D 00 00 08 8F 
00 FF FF 00 22 0D 22 93 00 00 02 00 00 22 02 B1 0D 00 00 09 1C 
00 FF FF 00 22 0D 22 93 00 00 02 00 00 22 02 B2 0D 00 00 0A EA 
00 FF FF 00 22 0D 22 93 00 00 02 00 00 22 02 B3 0D 00 00 09 F6 
00 FF FF 00 22 0D 22 93 00 00 02 00 00 22 02 B4 0D 00 00 14 05 
00 FF FF 00 22 0D 22 93 00 00 02 00 00 22 02 B5 0D 00 00 0B AF 
00 FF FF 00 22 0D 22 93 00 00 02 00 00 22 02 B6 0D 00 00 09 61 
00 FF FF 00 22 0D 22 93 00 00 02 00 00 22 02 B7 0D 00 00 09 B1 
00 FF FF 00 22 0D 22 93 00 00 02 00 00 22 02 B8 0D 00 00 08 53 
00 FF FF 00 22 0D 22 93 00 00 02 00 00 22 02 B9 0D 00 00 07 DF 
00 FF FF 00 22 0D 22 93 00 00 02 00 00 22 02 BA 0D 00 00 13 7C 
00 FF FF 00 22 0D 22 93 00 00 02 00 00 22 02 BB 0D 00 00 13 A6 
00 FF FF 00 22 0D 22 93 00 00 02 00 00 22 02 BC 0D 00 00 0C 60 
00 FF FF 00 22 0D 22 93 00 00 02 00 00 22 02 BD 0D 00 00 07 EA 
00 FF FF 00 22 0D 22 93 00 00 02 00 00 22 02 BE 0D 00 00 09 E4 
00 FF FF 00 22 0D 22 93 00 00 02 00 00 22 02 BF 0D 00 00 07 DC 
00 FF FF 00 22 0D 22 93 00 00 02 00 00 22 02 C0 0D 00 00 09 35 
00 FF FF 00 22 0D 22 93 00 00 02 00 00 22 02 C1 0D 00 00 0C 8B 
00 FF FF 00 22 0D 22 93 00 00 02 00 00 22 02 C2 0D 00 00 08 0D 
00 FF FF 00 22 0D 22 93 00 00 02 00 00 22 02 C3 0D 00 00 0A 62 
00 FF FF 00 22 0D 22 93 00 00 02 00 00 22 02 C4 0D 00 00 08 2A 
00 FF FF 00 22 0D 22 93 00 00 02 00 00 22 02 C5 0D 00 00 0A C1 
00 FF FF 00 22 0D 22 93 00 00 02 00 00 22 02 C6 0D 00 00 0A E8 
00 FF FF 00 22 0D 22 93 00 00 02 00 00 22 02 C7 0D 00 00 0D 28 
00 FF FF 00 22 0D 22 93 00 00 02 00 00 22 02 C8 0D 00 00 0A CB 
00 FF FF 00 22 0D 22 93 00 00 02 00 00 22 02 C9 0D 00 00 09 2C 
00 FF FF 00 22 0D 22 93 00 00 02 00 00 22 02 CA 0D 00 00 0B 3B 
00 FF FF 00 22 0D 22 93 00 00 02 00 00 22 02 CB 0D 00 00 0D 9A 
00 FF FF 00 22 0D 22 93 00 00 02 00 00 22 02 CC 0D 00 00 07 EA 
00 FF FF 00 22 0D 22 93 00 00 02 00 00 22 02 CD 0D 00 00 08 88 
00 FF FF 00 22 0D 22 93 00 00 02 00 00 22 02 CF 0D 00 00 08 E9 
00 FF FF 00 22 0D 22 93 00 00 02 00 00 22 02 D0 0D 00 00 0E 6E 
00 FF FF 00 22 0D 22 93 00 00 02 00 00 22 02 D1 0D 00 00 08 98 
00 FF FF 00 22 0D 22 93 00 00 02 00 00 22 02 D2 0D 00 00 07 DE 
00 FF FF 00 22 0D 22 93 00 00 02 00 00 22 02 D3 0D 00 00 0A 25 
00 FF FF 00 22 0D 22 93 00 00 02 00 00 22 02 D4 0D 00 00 08 CC 
00 FF FF 00 22 0D 22 93 00 00 02 00 00 22 02 D5 0D 00 00 09 38 
00 FF FF 00 22 0D 22 93 00 00 02 00 00 22 02 D6 0D 00 00 09 04 
00 FF FF 00 22 0D 22 93 00 00 02 00 00 22 02 D7 0D 00 00 0D 73 
00 FF FF 00 22 0D 22 93 00 00 02 00 00 22 02 D8 0D 00 00 0F 81 
00 FF FF 00 22 0D 22 93 00 00 02 00 00 22 02 D9 0D 00 00 09 54 
00 FF FF 00 22 0D 22 93 00 00 02 00 00 22 02 DA 0D 00 00 08 5A 
00 FF FF 00 22 0D 22 93 00 00 02 00 00 22 02 DB 0D 00 00 09 13 
00 FF FF 00 22 0D 22 93 00 00 02 00 00 22 02 DC 0D 00 00 08 04 
00 FF FF 00 22 0D 22 93 00 00 02 00 00 22 02 DD 0D 00 00 09 37 
00 FF FF 00 22 0D 22 93 00 00 02 00 00 22 02 DE 0D 00 00 0A C6 
00 FF FF 00 22 0D 22 93 00 00 02 00 00 22 02 E0 0D 00 00 0A 8B 
00 FF FF 00 22 0D 22 93 00 00 02 00 00 22 02 E1 0D 00 00 09 4F 
00 FF FF 00 22 0D 22 93 00 00 02 00 00 22 02 E2 0D 00 00 0A 94 
00 FF FF 00 22 0D 22 93 00 00 02 00 00 22 02 E3 0D 00 00 09 0E 
00 FF FF 00 22 0D 22 93 00 00 02 00 00 22 02 E4 0D 00 00 09 34 
00 FF FF 00 22 0D 22 93 00 00 02 00 00 22 02 E5 0D 00 00 0B D0 
00 FF FF 00 22 0D 22 93 00 00 02 00 00 22 02 E6 0D 00 00 0E A0 
00 FF FF 00 22 0D 22 93 00 00 02 00 00 22 02 E7 0D 00 00 11 3A 
00 FF FF 00 22 0D 22 93 00 00 02 00 00 22 02 E8 0D 00 00 08 D8 
00 FF FF 00 22 0D 22 93 00 00 02 00 00 22 02 EA 0D 00 00 07 D3 
00 FF FF 00 22 0D 22 93 00 00 02 00 00 22 02 EB 0D 00 00 08 B0 
00 FF FF 00 22 0D 22 93 00 00 02 00 00 22 02 EC 0D 00 00 0E 3B 
00 FF FF 00 22 0D 22 93 00 00 02 00 00 22 02 ED 0D 00 00 0A 5A 
00 FF FF 00 22 0D 22 93 00 00 02 00 00 22 02 EE 0D 00 00 0A F3 
00 FF FF 00 22 0D 22 93 00 00 02 00 00 22 02 EF 0D 00 00 08 C4 
00 FF FF 00 22 0D 22 93 00 00 02 00 00 22 02 F0 0D 00 00 13 35 
00 FF FF 00 22 0D 22 93 00 00 02 00 00 22 02 F1 0D 00 00 0B DA 
00 FF FF 00 22 0D 22 93 00 00 02 00 00 22 02 F2 0D 00 00 08 8A 
00 FF FF 00 22 0D 22 93 00 00 02 00 00 22 02 F3 0D 00 00 0E D6 
00 FF FF 00 22 0D 22 93 00 00 02 00 00 22 02 F4 0D 00 00 0C 08 
00 FF FF 00 22 0D 22 93 00 00 02 00 00 22 02 F5 0D 00 00 0A D6 
00 FF FF 00 22 0D 22 93 00 00 02 00 00 22 02 F6 0D 00 00 09 61 
00 FF FF 00 22 0D 22 93 00 00 02 00 00 22 02 F7 0D 00 00 08 39 
00 FF FF 00 22 0D 22 93 00 00 02 00 00 22 02 F8 0D 00 00 0F AA 
00 FF FF 00 22 0D 22 93 00 00 02 00 00 22 02 F9 0D 00 00 0B B0 
00 FF FF 00 22 0D 22 93 00 00 02 00 00 22 02 FA 0D 00 00 09 19 
00 FF FF 00 22 0D 22 93 00 00 02 00 00 22 02 FB 0D 00 00 08 98 
00 FF FF 00 22 0D 22 93 00 00 02 00 00 22 02 FC 0D 00 00 08 70 
00 FF FF 00 22 0D 22 93 00 00 02 00 00 22 02 FD 0D 00 00 0E 7F 
00 FF FF 00 22 0D 22 93 00 00 02 00 00 22 02 FE 0D 00 00 0D 1C 
00 FF FF 00 22 0D 22 93 00 00 02 00 00 22 02 FF 0D 00 00 08 1A 
00 FF FF 00 22 0D 22 93 00 00 02 00 00 22 03 00 0D 00 00 08 5B 
00 FF FF 00 22 0D 22 93 00 00 02 00 00 22 03 01 0D 00 00 09 EB 
00 FF FF 00 22 0D 22 93 00 00 02 00 00 22 03 02 0D 00 00 10 10 
00 FF FF 00 22 0D 22 93 00 00 02 00 00 22 03 03 0D 00 00 08 86 
00 FF FF 00 22 0D 22 93 00 00 02 00 00 22 03 04 0D 00 00 17 6A 
00 FF FF 00 22 0D 22 93 00 00 02 00 00 22 03 05 0D 00 00 0A 4A 
00 FF FF 00 22 0D 22 93 00 00 02 00 00 22 03 06 0D 00 00 09 B4 
00 FF FF 00 22 0D 22 93 00 00 02 00 00 22 03 07 0D 00 00 0D 72 
00 FF FF 00 22 0D 22 93 00 00 02 00 00 22 03 08 0D 00 00 08 D1 
00 FF FF 00 22 0D 22 93 00 00 02 00 00 22 03 09 0D 00 00 19 E0 
00 FF FF 00 22 0D 22 93 00 00 02 00 00 22 03 0A 0D 00 00 09 F5 
00 FF FF 00 22 0D 22 93 00 00 02 00 00 22 03 0B 0D 00 00 08 9E 
00 FF FF 00 22 0D 22 93 00 00 02 00 00 22 03 0C 0D 00 00 08 1A 
00 FF FF 00 22 0D 22 93 00 00 02 00 00 22 03 0D 0D 00 00 08 A9 
00 FF FF 00 22 0D 22 93 00 00 02 00 00 22 03 0E 0D 00 00 10 6E 
00 FF FF 00 22 0D 22 93 00 00 02 00 00 22 03 0F 0D 00 00 09 49 
00 FF FF 00 22 0D 22 93 00 00 02 00 00 22 03 10 0D 00 00 0D 83 
00 FF FF 00 22 0D 22 93 00 00 02 00 00 22 03 11 0D 00 00 09 9D 
00 FF FF 00 22 0D 22 93 00 00 02 00 00 22 03 12 0D 00 00 09 53 
00 FF FF 00 22 0D 22 93 00 00 02 00 00 22 03 13 0D 00 00 09 32 
00 FF FF 00 22 0D 22 93 00 00 02 00 00 22 03 14 0D 00 00 0E CB 
00 FF FF 00 22 0D 22 93 00 00 02 00 00 22 03 15 0D 00 00 08 C7 
00 FF FF 00 22 0D 22 93 00 00 02 00 00 22 03 16 0D 00 00 08 BA 
00 FF FF 00 22 0D 22 93 00 00 02 00 00 22 03 17 0D 00 00 08 DF 
00 FF FF 00 22 0D 22 93 00 00 02 00 00 22 03 18 0D 00 00 12 72 
00 FF FF 00 22 0D 22 93 00 00 02 00 00 22 03 19 0D 00 00 09 A4 
