00 FF FF 00 22 0D 22 93 00 00 02 00 00 22 05 47 0D 00 00 0F D1 
00 FF FF 00 22 0D 22 93 00 00 02 00 00 22 05 48 0D 00 00 0A A6 
00 FF FF 00 22 0D 22 93 00 00 02 00 00 22 05 49 0D 00 00 0B ED 
00 FF FF 00 22 0D 22 93 00 00 02 00 00 22 05 4A 0D 00 00 08 06 
00 FF FF 00 22 0D 22 93 00 00 02 00 00 22 05 4C 0D 00 00 21 B6 
00 FF FF 00 22 0D 22 93 00 00 02 00 00 22 05 4D 0D 00 00 08 EB 
00 FF FF 00 22 0D 22 93 00 00 02 00 00 22 05 4E 0D 00 00 09 5D 
00 FF FF 00 22 0D 22 93 00 00 02 00 00 22 05 4F 0D 00 00 0F 49 
00 FF FF 00 22 0D 22 93 00 00 02 00 00 22 05 50 0D 00 00 0A 3B 
00 FF FF 00 22 0D 22 93 00 00 02 00 00 22 05 51 0D 00 00 08 27 
00 FF FF 00 22 0D 22 93 00 00 02 00 00 22 05 52 0D 00 00 0F 11 
00 FF FF 00 22 0D 22 93 00 00 02 00 00 22 05 54 0D 00 00 09 32 
00 FF FF 00 22 0D 22 93 00 00 02 00 00 22 05 55 0D 00 00 0C AF 
00 FF FF 00 22 0D 22 93 00 00 02 00 00 22 05 56 0D 00 00 08 BD 
00 FF FF 00 22 0D 22 93 00 00 02 00 00 22 05 57 0D 00 00 09 8F 
00 FF FF 00 22 0D 22 93 00 00 02 00 00 22 05 58 0D 00 00 08 9E 
00 FF FF 00 22 0D 22 93 00 00 02 00 00 22 05 59 0D 00 00 0A 2A 
00 FF FF 00 22 0D 22 93 00 00 02 00 00 22 05 5A 0D 00 00 21 1B 
00 FF FF 00 22 0D 22 93 00 00 02 00 00 22 05 5C 0D 00 00 0F 72 
00 FF FF 00 22 0D 22 93 00 00 02 00 00 22 05 5D 0D 00 00 0A 80 
00 FF FF 00 22 0D 22 93 00 00 02 00 00 22 05 5E 0D 00 00 0B 5A 
00 FF FF 00 22 0D 22 93 00 00 02 00 00 22 05 5F 0D 00 00 0A FB 
00 FF FF 00 22 0D 22 93 00 00 02 00 00 22 05 60 0D 00 00 1B 68 
00 FF FF 00 22 0D 22 93 00 00 02 00 00 22 05 61 0D 00 00 08 AA 
00 FF FF 00 22 0D 22 93 00 00 02 00 00 22 05 62 0D 00 00 13 8A 
00 FF FF 00 22 0D 22 93 00 00 02 00 00 22 05 63 0D 00 00 10 A6 
00 FF FF 00 22 0D 22 93 00 00 02 00 00 22 05 64 0D 00 00 09 F5 
00 FF FF 00 22 0D 22 93 00 00 02 00 00 22 05 65 0D 00 00 09 66 
00 FF FF 00 22 0D 22 93 00 00 02 00 00 22 05 66 0D 00 00 10 FB 
00 FF FF 00 22 0D 22 93 00 00 02 00 00 22 05 67 0D 00 00 09 FF 
00 FF FF 00 22 0D 22 93 00 00 02 00 00 22 05 68 0D 00 00 0F 90 
00 FF FF 00 22 0D 22 93 00 00 02 00 00 22 05 69 0D 00 00 09 89 
00 FF FF 00 22 0D 22 93 00 00 02 00 00 22 05 6A 0D 00 00 08 E1 
00 FF FF 00 22 0D 22 93 00 00 02 00 00 22 05 6B 0D 00 00 09 04 
00 FF FF 00 22 0D 22 93 00 00 02 00 00 22 05 6C 0D 00 00 0B 8B 
00 FF FF 00 22 0D 22 93 00 00 02 00 00 22 05 6D 0D 00 00 23 26 
00 FF FF 00 22 0D 22 93 00 00 02 00 00 22 05 6E 0D 00 00 0A C4 
00 FF FF 00 22 0D 22 93 00 00 02 00 00 22 05 6F 0D 00 00 0A 92 
00 FF FF 00 22 0D 22 93 00 00 02 00 00 22 05 70 0D 00 00 11 97 
00 FF FF 00 22 0D 22 93 00 00 02 00 00 22 05 71 0D 00 00 08 E3 
00 FF FF 00 22 0D 22 93 00 00 02 00 00 22 05 72 0D 00 00 12 95 
00 FF FF 00 22 0D 22 93 00 00 02 00 00 22 05 73 0D 00 00 0D A9 
00 FF FF 00 22 0D 22 93 00 00 02 00 00 22 05 74 0D 00 00 0B A2 
00 FF FF 00 22 0D 22 93 00 00 02 00 00 22 05 75 0D 00 00 0A 22 
00 FF FF 00 22 0D 22 93 00 00 02 00 00 22 05 76 0D 00 00 13 26 
00 FF FF 00 22 0D 22 93 00 00 02 00 00 22 05 77 0D 00 00 09 2B 
00 FF FF 00 22 0D 22 93 00 00 02 00 00 22 05 78 0D 00 00 0D 29 
00 FF FF 00 22 0D 22 93 00 00 02 00 00 22 05 79 0D 00 00 08 DE 
00 FF FF 00 22 0D 22 93 00 00 02 00 00 22 05 7A 0D 00 00 0A E4 
00 FF FF 00 22 0D 22 93 00 00 02 00 00 22 05 7B 0D 00 00 0B 81 
00 FF FF 00 22 0D 22 93 00 00 02 00 00 22 05 7C 0D 00 00 0A 84 
00 FF FF 00 22 0D 22 93 00 00 02 00 00 22 05 7D 0D 00 00 08 13 
00 FF FF 00 22 0D 22 93 00 00 02 00 00 22 05 7E 0D 00 00 1F BB 
00 FF FF 00 22 0D 22 93 00 00 02 00 00 22 05 7F 0D 00 00 0A 5C 
00 FF FF 00 22 0D 22 93 00 00 02 00 00 22 05 80 0D 00 00 0A A6 
00 FF FF 00 22 0D 22 93 00 00 02 00 00 22 05 81 0D 00 00 08 9A 
00 FF FF 00 22 0D 22 93 00 00 02 00 00 22 05 82 0D 00 00 0E 97 
00 FF FF 00 22 0D 22 93 00 00 02 00 00 22 05 83 0D 00 00 1B F5 
00 FF FF 00 22 0D 22 93 00 00 02 00 00 22 05 84 0D 00 00 0F 12 
00 FF FF 00 22 0D 22 93 00 00 02 00 00 22 05 85 0D 00 00 08 BA 
00 FF FF 00 22 0D 22 93 00 00 02 00 00 22 05 86 0D 00 00 0A 11 
00 FF FF 00 22 0D 22 93 00 00 02 00 00 22 05 87 0D 00 00 12 75 
00 FF FF 00 22 0D 22 93 00 00 02 00 00 22 05 88 0D 00 00 0C FE 
00 FF FF 00 22 0D 22 93 00 00 02 00 00 22 05 89 0D 00 00 1A 0C 
00 FF FF 00 22 0D 22 93 00 00 02 00 00 22 05 8A 0D 00 00 0A 11 
00 FF FF 00 22 0D 22 93 00 00 02 00 00 22 05 8B 0D 00 00 0A 2E 
00 FF FF 00 22 0D 22 93 00 00 02 00 00 22 05 8C 0D 00 00 0A 60 
00 FF FF 00 22 0D 22 93 00 00 02 00 00 22 05 8D 0D 00 00 12 5E 
00 FF FF 00 22 0D 22 93 00 00 02 00 00 22 05 8E 0D 00 00 0D 82 
00 FF FF 00 22 0D 22 93 00 00 02 00 00 22 05 8F 0D 00 00 10 4B 
00 FF FF 00 22 0D 22 93 00 00 02 00 00 22 05 90 0D 00 00 09 EA 
00 FF FF 00 22 0D 22 93 00 00 02 00 00 22 05 91 0D 00 00 09 7D 
00 FF FF 00 22 0D 22 93 00 00 02 00 00 22 05 92 0D 00 00 0A A1 
00 FF FF 00 22 0D 22 93 00 00 02 00 00 22 05 93 0D 00 00 0D 20 
00 FF FF 00 22 0D 22 93 00 00 02 00 00 22 05 94 0D 00 00 0D E1 
00 FF FF 00 22 0D 22 93 00 00 02 00 00 22 05 95 0D 00 00 0A ED 
00 FF FF 00 22 0D 22 93 00 00 02 00 00 22 05 96 0D 00 00 09 42 
00 FF FF 00 22 0D 22 93 00 00 02 00 00 22 05 97 0D 00 00 0A 1E 
00 FF FF 00 22 0D 22 93 00 00 02 00 00 22 05 98 0D 00 00 0C 38 
00 FF FF 00 22 0D 22 93 00 00 02 00 00 22 05 99 0D 00 00 08 E9 
00 FF FF 00 22 0D 22 93 00 00 02 00 00 22 05 9A 0D 00 00 13 6C 
00 FF FF 00 22 0D 22 93 00 00 02 00 00 22 05 9B 0D 00 00 0B 35 
00 FF FF 00 22 0D 22 93 00 00 02 00 00 22 05 9C 0D 00 00 08 26 
00 FF FF 00 22 0D 22 93 00 00 02 00 00 22 05 9D 0D 00 00 0C AE 
00 FF FF 00 22 0D 22 93 00 00 02 00 00 22 05 9E 0D 00 00 09 35 
00 FF FF 00 22 0D 22 93 00 00 02 00 00 22 05 9F 0D 00 00 0B 10 
00 FF FF 00 22 0D 22 93 00 00 02 00 00 22 05 A0 0D 00 00 08 92 
00 FF FF 00 22 0D 22 93 00 00 02 00 00 22 05 A1 0D 00 00 08 42 
00 FF FF 00 22 0D 22 93 00 00 02 00 00 22 05 A2 0D 00 00 0E 0F 
00 FF FF 00 22 0D 22 93 00 00 02 00 00 22 05 A3 0D 00 00 08 2F 
00 FF FF 00 22 0D 22 93 00 00 02 00 00 22 05 A4 0D 00 00 08 C5 
00 FF FF 00 22 0D 22 93 00 00 02 00 00 22 05 A5 0D 00 00 0A 27 
00 FF FF 00 22 0D 22 93 00 00 02 00 00 22 05 A6 0D 00 00 0A FD 
00 FF FF 00 22 0D 22 93 00 00 02 00 00 22 05 A7 0D 00 00 09 4B 
00 FF FF 00 22 0D 22 93 00 00 02 00 00 22 05 A8 0D 00 00 0D B9 
00 FF FF 00 22 0D 22 93 00 00 02 00 00 22 05 A9 0D 00 00 0B 55 
00 FF FF 00 22 0D 22 93 00 00 02 00 00 22 05 AA 0D 00 00 0E FC 
00 FF FF 00 22 0D 22 93 00 00 02 00 00 22 05 AB 0D 00 00 0C D8 
00 FF FF 00 22 0D 22 93 00 00 02 00 00 22 05 AC 0D 00 00 0C 58 
00 FF FF 00 22 0D 22 93 00 00 02 00 00 22 05 AD 0D 00 00 0F F6 
00 FF FF 00 22 0D 22 93 00 00 02 00 00 22 05 AE 0D 00 00 0A 51 
00 FF FF 00 22 0D 22 93 00 00 02 00 00 22 05 AF 0D 00 00 08 FB 
00 FF FF 00 22 0D 22 93 00 00 02 00 00 22 05 B0 0D 00 00 0A D6 
00 FF FF 00 22 0D 22 93 00 00 02 00 00 22 05 B1 0D 00 00 0B FE 
00 FF FF 00 22 0D 22 93 00 00 02 00 00 22 05 B2 0D 00 00 0D C2 
00 FF FF 00 22 0D 22 93 00 00 02 00 00 22 05 B3 0D 00 00 0C D4 
00 FF FF 00 22 0D 22 93 00 00 02 00 00 22 05 B4 0D 00 00 09 20 
00 FF FF 00 22 0D 22 93 00 00 02 00 00 22 05 B5 0D 00 00 0F F3 
00 FF FF 00 22 0D 22 93 00 00 02 00 00 22 05 B6 0D 00 00 0C 90 
00 FF FF 00 22 0D 22 93 00 00 02 00 00 22 05 B7 0D 00 00 09 18 
00 FF FF 00 22 0D 22 93 00 00 02 00 00 22 05 B8 0D 00 00 0D 08 
00 FF FF 00 22 0D 22 93 00 00 02 00 00 22 05 B9 0D 00 00 0B C7 
00 FF FF 00 22 0D 22 93 00 00 02 00 00 22 05 BA 0D 00 00 12 0E 
00 FF FF 00 22 0D 22 93 00 00 02 00 00 22 05 BB 0D 00 00 08 BD 
00 FF FF 00 22 0D 22 93 00 00 02 00 00 22 05 BC 0D 00 00 08 23 
00 FF FF 00 22 0D 22 93 00 00 02 00 00 22 05 BD 0D 00 00 0B A1 
00 FF FF 00 22 0D 22 93 00 00 02 00 00 22 05 BE 0D 00 00 0B D4 
00 FF FF 00 22 0D 22 93 00 00 02 00 00 22 05 BF 0D 00 00 08 3E 
00 FF FF 00 22 0D 22 93 00 00 02 00 00 22 05 C0 0D 00 00 0A 30 
00 FF FF 00 22 0D 22 93 00 00 02 00 00 22 05 C1 0D 00 00 0D C8 
00 FF FF 00 22 0D 22 93 00 00 02 00 00 22 05 C2 0D 00 00 12 2C 
00 FF FF 00 22 0D 22 93 00 00 02 00 00 22 05 C3 0D 00 00 0A B7 
00 FF FF 00 22 0D 22 93 00 00 02 00 00 22 05 C4 0D 00 00 09 09 
00 FF FF 00 22 0D 22 93 00 00 02 00 00 22 05 C5 0D 00 00 0E E1 
00 FF FF 00 22 0D 22 93 00 00 02 00 00 22 05 C6 0D 00 00 0A AC 
00 FF FF 00 22 0D 22 93 00 00 02 00 00 22 05 C7 0D 00 00 0A 9E 
00 FF FF 00 22 0D 22 93 00 00 02 00 00 22 05 C8 0D 00 00 08 90 
00 FF FF 00 22 0D 22 93 00 00 02 00 00 22 05 C9 0D 00 00 09 5E 
00 FF FF 00 22 0D 22 93 00 00 02 00 00 22 05 CA 0D 00 00 0E 4F 
00 FF FF 00 22 0D 22 93 00 00 02 00 00 22 05 CB 0D 00 00 08 98 
00 FF FF 00 22 0D 22 93 00 00 02 00 00 22 05 CC 0D 00 00 0F D9 
00 FF FF 00 22 0D 22 93 00 00 02 00 00 22 05 CD 0D 00 00 09 75 
00 FF FF 00 22 0D 22 93 00 00 02 00 00 22 05 CE 0D 00 00 0D C7 
00 FF FF 00 22 0D 22 93 00 00 02 00 00 22 05 CF 0D 00 00 0A 06 
00 FF FF 00 22 0D 22 93 00 00 02 00 00 22 05 D0 0D 00 00 07 F5 
00 FF FF 00 22 0D 22 93 00 00 02 00 00 22 05 D1 0D 00 00 0B 63 
00 FF FF 00 22 0D 22 93 00 00 02 00 00 22 05 D2 0D 00 00 09 5A 
00 FF FF 00 22 0D 22 93 00 00 02 00 00 22 05 D3 0D 00 00 08 79 
00 FF FF 00 22 0D 22 93 00 00 02 00 00 22 05 D4 0D 00 00 0A 59 
00 FF FF 00 22 0D 22 93 00 00 02 00 00 22 05 D5 0D 00 00 0A B1 
00 FF FF 00 22 0D 22 93 00 00 02 00 00 22 05 D6 0D 00 00 0B 20 
00 FF FF 00 22 0D 22 93 00 00 02 00 00 22 05 D8 0D 00 00 0E 24 
00 FF FF 00 22 0D 22 93 00 00 02 00 00 22 05 D9 0D 00 00 16 B7 
00 FF FF 00 22 0D 22 93 00 00 02 00 00 22 05 DA 0D 00 00 0B 8F 
00 FF FF 00 22 0D 22 93 00 00 02 00 00 22 05 DB 0D 00 00 0C D9 
00 FF FF 00 22 0D 22 93 00 00 02 00 00 22 05 DC 0D 00 00 09 B4 
00 FF FF 00 22 0D 22 93 00 00 02 00 00 22 05 DD 0D 00 00 11 A2 
00 FF FF 00 22 0D 22 93 00 00 02 00 00 22 05 DE 0D 00 00 12 C7 
00 FF FF 00 22 0D 22 93 00 00 02 00 00 22 05 DF 0D 00 00 0A 71 
00 FF FF 00 22 0D 22 93 00 00 02 00 00 22 05 E0 0D 00 00 0D 40 
00 FF FF 00 22 0D 22 93 00 00 02 00 00 22 05 E1 0D 00 00 08 C1 
00 FF FF 00 22 0D 22 93 00 00 02 00 00 22 05 E2 0D 00 00 09 E7 
00 FF FF 00 22 0D 22 93 00 00 02 00 00 22 05 E3 0D 00 00 09 EF 
00 FF FF 00 22 0D 22 93 00 00 02 00 00 22 05 E4 0D 00 00 12 1B 
00 FF FF 00 22 0D 22 93 00 00 02 00 00 22 05 E5 0D 00 00 1E 2F 
00 FF FF 00 22 0D 22 93 00 00 02 00 00 22 05 E6 0D 00 00 0F A9 
00 FF FF 00 22 0D 22 93 00 00 02 00 00 22 05 E7 0D 00 00 0E C9 
00 FF FF 00 22 0D 22 93 00 00 02 00 00 22 05 E8 0D 00 00 0B BA 
00 FF FF 00 22 0D 22 93 00 00 02 00 00 22 05 E9 0D 00 00 08 7E 
00 FF FF 00 22 0D 22 93 00 00 02 00 00 22 05 EA 0D 00 00 08 84 
00 FF FF 00 22 0D 22 93 00 00 02 00 00 22 05 EB 0D 00 00 1A F7 
00 FF FF 00 22 0D 22 93 00 00 02 00 00 22 05 EC 0D 00 00 0E 81 
00 FF FF 00 22 0D 22 93 00 00 02 00 00 22 05 ED 0D 00 00 0D 9E 
00 FF FF 00 22 0D 22 93 00 00 02 00 00 22 05 EF 0D 00 00 07 EA 
00 FF FF 00 22 0D 22 93 00 00 02 00 00 22 05 F1 0D 00 00 08 A2 
00 FF FF 00 22 0D 22 93 00 00 02 00 00 22 05 F3 0D 00 00 0C 7E 
00 FF FF 00 22 0D 22 93 00 00 02 00 00 22 05 F4 0D 00 00 09 A6 
00 FF FF 00 22 0D 22 93 00 00 02 00 00 22 05 F5 0D 00 00 12 5D 
00 FF FF 00 22 0D 22 93 00 00 02 00 00 22 05 F6 0D 00 00 0E B1 
00 FF FF 00 22 0D 22 93 00 00 02 00 00 22 05 F7 0D 00 00 0F 53 
00 FF FF 00 22 0D 22 93 00 00 02 00 00 22 05 F8 0D 00 00 0C 55 
00 FF FF 00 22 0D 22 93 00 00 02 00 00 22 05 F9 0D 00 00 09 3B 
00 FF FF 00 22 0D 22 93 00 00 02 00 00 22 05 FA 0D 00 00 08 37 
00 FF FF 00 22 0D 22 93 00 00 02 00 00 22 05 FC 0D 00 00 0A 48 
00 FF FF 00 22 0D 22 93 00 00 02 00 00 22 05 FD 0D 00 00 0A 14 
00 FF FF 00 22 0D 22 93 00 00 02 00 00 22 05 FE 0D 00 00 0E F4 
00 FF FF 00 22 0D 22 93 00 00 02 00 00 22 05 FF 0D 00 00 09 3A 
00 FF FF 00 22 0D 22 93 00 00 02 00 00 22 06 00 0D 00 00 0A 56 
00 FF FF 00 22 0D 22 93 00 00 02 00 00 22 06 01 0D 00 00 0A 69 
00 FF FF 00 22 0D 22 93 00 00 02 00 00 22 06 02 0D 00 00 09 C0 
00 FF FF 00 22 0D 22 93 00 00 02 00 00 22 06 03 0D 00 00 0A 44 
00 FF FF 00 22 0D 22 93 00 00 02 00 00 22 06 04 0D 00 00 09 E5 
00 FF FF 00 22 0D 22 93 00 00 02 00 00 22 06 05 0D 00 00 1A BC 
00 FF FF 00 22 0D 22 93 00 00 02 00 00 22 06 06 0D 00 00 09 B5 
00 FF FF 00 22 0D 22 93 00 00 02 00 00 22 06 07 0D 00 00 09 B9 
00 FF FF 00 22 0D 22 93 00 00 02 00 00 22 06 08 0D 00 00 0A 59 
00 FF FF 00 22 0D 22 93 00 00 02 00 00 22 06 09 0D 00 00 08 A1 
00 FF FF 00 22 0D 22 93 00 00 02 00 00 22 06 0A 0D 00 00 10 5F 
00 FF FF 00 22 0D 22 93 00 00 02 00 00 22 06 0B 0D 00 00 18 18 
00 FF FF 00 22 0D 22 93 00 00 02 00 00 22 06 0C 0D 00 00 10 31 
00 FF FF 00 22 0D 22 93 00 00 02 00 00 22 06 0D 0D 00 00 0F 4B 
00 FF FF 00 22 0D 22 93 00 00 02 00 00 22 06 0E 0D 00 00 08 F1 
00 FF FF 00 22 0D 22 93 00 00 02 00 00 22 06 0F 0D 00 00 12 0E 
00 FF FF 00 22 0D 22 93 00 00 02 00 00 22 06 10 0D 00 00 0C 61 
00 FF FF 00 22 0D 22 93 00 00 02 00 00 22 06 11 0D 00 00 1E 39 
00 FF FF 00 22 0D 22 93 00 00 02 00 00 22 06 12 0D 00 00 09 25 
00 FF FF 00 22 0D 22 93 00 00 02 00 00 22 06 13 0D 00 00 09 4B 
00 FF FF 00 22 0D 22 93 00 00 02 00 00 22 06 14 0D 00 00 0C 35 
00 FF FF 00 22 0D 22 93 00 00 02 00 00 22 06 15 0D 00 00 11 4F 
00 FF FF 00 22 0D 22 93 00 00 02 00 00 22 06 16 0D 00 00 0C E9 
00 FF FF 00 22 0D 22 93 00 00 02 00 00 22 06 17 0D 00 00 08 EB 
00 FF FF 00 22 0D 22 93 00 00 02 00 00 22 06 18 0D 00 00 12 2A 
00 FF FF 00 22 0D 22 93 00 00 02 00 00 22 06 19 0D 00 00 0A F0 
00 FF FF 00 22 0D 22 93 00 00 02 00 00 22 06 1A 0D 00 00 0F 25 
00 FF FF 00 22 0D 22 93 00 00 02 00 00 22 06 1B 0D 00 00 0C F0 
00 FF FF 00 22 0D 22 93 00 00 02 00 00 22 06 1C 0D 00 00 0A 8C 
00 FF FF 00 22 0D 22 93 00 00 02 00 00 22 06 1D 0D 00 00 0F B6 
00 FF FF 00 22 0D 22 93 00 00 02 00 00 22 06 1E 0D 00 00 26 BC 
00 FF FF 00 22 0D 22 93 00 00 02 00 00 22 06 1F 0D 00 00 08 DE 
00 FF FF 00 22 0D 22 93 00 00 02 00 00 22 06 20 0D 00 00 0A 15 
00 FF FF 00 22 0D 22 93 00 00 02 00 00 22 06 21 0D 00 00 0D AB 
00 FF FF 00 22 0D 22 93 00 00 02 00 00 22 06 22 0D 00 00 0A 14 
00 FF FF 00 22 0D 22 93 00 00 02 00 00 22 06 23 0D 00 00 0C 8C 
00 FF FF 00 22 0D 22 93 00 00 02 00 00 22 06 24 0D 00 00 17 F4 
00 FF FF 00 22 0D 22 93 00 00 02 00 00 22 06 25 0D 00 00 0F CF 
00 FF FF 00 22 0D 22 93 00 00 02 00 00 22 06 26 0D 00 00 08 59 
00 FF FF 00 22 0D 22 93 00 00 02 00 00 22 06 27 0D 00 00 09 9D 
00 FF FF 00 22 0D 22 93 00 00 02 00 00 22 06 28 0D 00 00 0B C4 
00 FF FF 00 22 0D 22 93 00 00 02 00 00 22 06 29 0D 00 00 0A 4E 
00 FF FF 00 22 0D 22 93 00 00 02 00 00 22 06 2A 0D 00 00 0A 54 
00 FF FF 00 22 0D 22 93 00 00 02 00 00 22 06 2B 0D 00 00 11 26 
00 FF FF 00 22 0D 22 93 00 00 02 00 00 22 06 2C 0D 00 00 0A A5 
00 FF FF 00 22 0D 22 93 00 00 02 00 00 22 06 2D 0D 00 00 09 AE 
00 FF FF 00 22 0D 22 93 00 00 02 00 00 22 06 2E 0D 00 00 0B 52 
00 FF FF 00 22 0D 22 93 00 00 02 00 00 22 06 2F 0D 00 00 0B AF 
00 FF FF 00 22 0D 22 93 00 00 02 00 00 22 06 30 0D 00 00 0C 3F 
00 FF FF 00 22 0D 22 93 00 00 02 00 00 22 06 31 0D 00 00 10 66 
00 FF FF 00 22 0D 22 93 00 00 02 00 00 22 06 32 0D 00 00 14 BB 
00 FF FF 00 22 0D 22 93 00 00 02 00 00 22 06 34 0D 00 00 0A 74 
00 FF FF 00 22 0D 22 93 00 00 02 00 00 22 06 35 0D 00 00 09 F1 
00 FF FF 00 22 0D 22 93 00 00 02 00 00 22 06 36 0D 00 00 0D 52 
00 FF FF 00 22 0D 22 93 00 00 02 00 00 22 06 37 0D 00 00 0F 59 
00 FF FF 00 22 0D 22 93 00 00 02 00 00 22 06 38 0D 00 00 13 DF 
00 FF FF 00 22 0D 22 93 00 00 02 00 00 22 06 39 0D 00 00 09 A8 
00 FF FF 00 22 0D 22 93 00 00 02 00 00 22 06 3A 0D 00 00 0F C0 
00 FF FF 00 22 0D 22 93 00 00 02 00 00 22 06 3B 0D 00 00 0A B8 
00 FF FF 00 22 0D 22 93 00 00 02 00 00 22 06 3C 0D 00 00 0E FB 
00 FF FF 00 22 0D 22 93 00 00 02 00 00 22 06 3D 0D 00 00 1B 14 
00 FF FF 00 22 0D 22 93 00 00 02 00 00 22 06 3E 0D 00 00 0D DB 
00 FF FF 00 22 0D 22 93 00 00 02 00 00 22 06 3F 0D 00 00 0E E1 
00 FF FF 00 22 0D 22 93 00 00 02 00 00 22 06 40 0D 00 00 08 28 
00 FF FF 00 22 0D 22 93 00 00 02 00 00 22 06 41 0D 00 00 0B 90 
00 FF FF 00 22 0D 22 93 00 00 02 00 00 22 06 42 0D 00 00 12 A8 
00 FF FF 00 22 0D 22 93 00 00 02 00 00 22 06 43 0D 00 00 10 DE 
00 FF FF 00 22 0D 22 93 00 00 02 00 00 22 06 44 0D 00 00 0C 17 
00 FF FF 00 22 0D 22 93 00 00 02 00 00 22 06 45 0D 00 00 0B 23 
00 FF FF 00 22 0D 22 93 00 00 02 00 00 22 06 46 0D 00 00 08 78 
00 FF FF 00 22 0D 22 93 00 00 02 00 00 22 06 47 0D 00 00 0B 37 
00 FF FF 00 22 0D 22 93 00 00 02 00 00 22 06 48 0D 00 00 26 71 
00 FF FF 00 22 0D 22 93 00 00 02 00 00 22 06 49 0D 00 00 12 4A 
00 FF FF 00 22 0D 22 93 00 00 02 00 00 22 06 4A 0D 00 00 0A F5 
00 FF FF 00 22 0D 22 93 00 00 02 00 00 22 06 4B 0D 00 00 09 71 
00 FF FF 00 22 0D 22 93 00 00 02 00 00 22 06 4C 0D 00 00 0B 57 
00 FF FF 00 22 0D 22 93 00 00 02 00 00 22 06 4D 0D 00 00 09 AC 
00 FF FF 00 22 0D 22 93 00 00 02 00 00 22 06 4E 0D 00 00 0E 25 
00 FF FF 00 22 0D 22 93 00 00 02 00 00 22 06 4F 0D 00 00 0D 0D 
00 FF FF 00 22 0D 22 93 00 00 02 00 00 22 06 50 0D 00 00 0F F0 
00 FF FF 00 22 0D 22 93 00 00 02 00 00 22 06 51 0D 00 00 0A AC 
00 FF FF 00 22 0D 22 93 00 00 02 00 00 22 06 52 0D 00 00 08 DB 
00 FF FF 00 22 0D 22 93 00 00 02 00 00 22 06 53 0D 00 00 0F 64 
00 FF FF 00 22 0D 22 93 00 00 02 00 00 22 06 54 0D 00 00 13 D8 
00 FF FF 00 22 0D 22 93 00 00 02 00 00 22 06 55 0D 00 00 0D DE 
00 FF FF 00 22 0D 22 93 00 00 02 00 00 22 06 56 0D 00 00 0D CC 
00 FF FF 00 22 0D 22 93 00 00 02 00 00 22 06 58 0D 00 00 0A 1A 
00 FF FF 00 22 0D 22 93 00 00 02 00 00 22 06 59 0D 00 00 08 15 
00 FF FF 00 22 0D 22 93 00 00 02 00 00 22 06 5A 0D 00 00 09 1C 
00 FF FF 00 22 0D 22 93 00 00 02 00 00 22 06 5B 0D 00 00 0C 8B 
00 FF FF 00 22 0D 22 93 00 00 02 00 00 22 06 5C 0D 00 00 18 97 
00 FF FF 00 22 0D 22 93 00 00 02 00 00 22 06 5D 0D 00 00 0D 21 
00 FF FF 00 22 0D 22 93 00 00 02 00 00 22 06 5E 0D 00 00 0C 61 
00 FF FF 00 22 0D 22 93 00 00 02 00 00 22 06 5F 0D 00 00 08 73 
00 FF FF 00 22 0D 22 93 00 00 02 00 00 22 06 60 0D 00 00 0A F6 
00 FF FF 00 22 0D 22 93 00 00 02 00 00 22 06 61 0D 00 00 08 AC 
00 FF FF 00 22 0D 22 93 00 00 02 00 00 22 06 62 0D 00 00 11 02 
00 FF FF 00 22 0D 22 93 00 00 02 00 00 22 06 63 0D 00 00 13 5A 
00 FF FF 00 22 0D 22 93 00 00 02 00 00 22 06 64 0D 00 00 0F 25 
00 FF FF 00 22 0D 22 93 00 00 02 00 00 22 06 66 0D 00 00 0A 8F 
00 FF FF 00 22 0D 22 93 00 00 02 00 00 22 06 67 0D 00 00 08 FF 
00 FF FF 00 22 0D 22 93 00 00 02 00 00 22 06 68 0D 00 00 08 F4 
00 FF FF 00 22 0D 22 93 00 00 02 00 00 22 06 69 0D 00 00 0A 1C 
00 FF FF 00 22 0D 22 93 00 00 02 00 00 22 06 6A 0D 00 00 0B E5 
00 FF FF 00 22 0D 22 93 00 00 02 00 00 22 06 6B 0D 00 00 09 FF 
00 FF FF 00 22 0D 22 93 00 00 02 00 00 22 06 6C 0D 00 00 0C D3 
00 FF FF 00 22 0D 22 93 00 00 02 00 00 22 06 6D 0D 00 00 09 B8 
00 FF FF 00 22 0D 22 93 00 00 02 00 00 22 06 6E 0D 00 00 07 D5 
00 FF FF 00 22 0D 22 93 00 00 02 00 00 22 06 6F 0D 00 00 09 FB 
00 FF FF 00 22 0D 22 93 00 00 02 00 00 22 06 70 0D 00 00 08 69 
00 FF FF 00 22 0D 22 93 00 00 02 00 00 22 06 71 0D 00 00 11 14 
00 FF FF 00 22 0D 22 93 00 00 02 00 00 22 06 72 0D 00 00 0F C3 
00 FF FF 00 22 0D 22 93 00 00 02 00 00 22 06 74 0D 00 00 0B 29 
00 FF FF 00 22 0D 22 93 00 00 02 00 00 22 06 75 0D 00 00 0B 45 
00 FF FF 00 22 0D 22 93 00 00 02 00 00 22 06 76 0D 00 00 0A FF 
00 FF FF 00 22 0D 22 93 00 00 02 00 00 22 06 77 0D 00 00 20 7A 
00 FF FF 00 22 0D 22 93 00 00 02 00 00 22 06 78 0D 00 00 0C 56 
00 FF FF 00 22 0D 22 93 00 00 02 00 00 22 06 79 0D 00 00 0F 41 
00 FF FF 00 22 0D 22 93 00 00 02 00 00 22 06 7A 0D 00 00 08 D2 
00 FF FF 00 22 0D 22 93 00 00 02 00 00 22 06 7B 0D 00 00 0D 5B 
00 FF FF 00 22 0D 22 93 00 00 02 00 00 22 06 7C 0D 00 00 08 CD 
00 FF FF 00 22 0D 22 93 00 00 02 00 00 22 06 7D 0D 00 00 08 3D 
00 FF FF 00 22 0D 22 93 00 00 02 00 00 22 06 7E 0D 00 00 09 B7 
00 FF FF 00 22 0D 22 93 00 00 02 00 00 22 06 7F 0D 00 00 1C 89 
00 FF FF 00 22 0D 22 93 00 00 02 00 00 22 06 80 0D 00 00 11 75 
00 FF FF 00 22 0D 22 93 00 00 02 00 00 22 06 81 0D 00 00 08 26 
00 FF FF 00 22 0D 22 93 00 00 02 00 00 22 06 82 0D 00 00 0E 0F 
00 FF FF 00 22 0D 22 93 00 00 02 00 00 22 06 83 0D 00 00 11 FE 
00 FF FF 00 22 0D 22 93 00 00 02 00 00 22 06 84 0D 00 00 0A AF 
00 FF FF 00 22 0D 22 93 00 00 02 00 00 22 06 85 0D 00 00 08 F8 
00 FF FF 00 22 0D 22 93 00 00 02 00 00 22 06 86 0D 00 00 08 C9 
00 FF FF 00 22 0D 22 93 00 00 02 00 00 22 06 87 0D 00 00 0A 7C 
00 FF FF 00 22 0D 22 93 00 00 02 00 00 22 06 88 0D 00 00 0A 03 
00 FF FF 00 22 0D 22 93 00 00 02 00 00 22 06 89 0D 00 00 0B 04 
00 FF FF 00 22 0D 22 93 00 00 02 00 00 22 06 8A 0D 00 00 0D 35 
00 FF FF 00 22 0D 22 93 00 00 02 00 00 22 06 8B 0D 00 00 15 03 
00 FF FF 00 22 0D 22 93 00 00 02 00 00 22 06 8D 0D 00 00 09 68 
00 FF FF 00 22 0D 22 93 00 00 02 00 00 22 06 8F 0D 00 00 16 1A 
00 FF FF 00 22 0D 22 93 00 00 02 00 00 22 06 90 0D 00 00 10 96 
00 FF FF 00 22 0D 22 93 00 00 02 00 00 22 06 91 0D 00 00 09 95 
00 FF FF 00 22 0D 22 93 00 00 02 00 00 22 06 92 0D 00 00 0D 2E 
00 FF FF 00 22 0D 22 93 00 00 02 00 00 22 06 93 0D 00 00 0D 38 
00 FF FF 00 22 0D 22 93 00 00 02 00 00 22 06 94 0D 00 00 09 44 
00 FF FF 00 22 0D 22 93 00 00 02 00 00 22 06 95 0D 00 00 0D 0C 
00 FF FF 00 22 0D 22 93 00 00 02 00 00 22 06 96 0D 00 00 14 F0 
00 FF FF 00 22 0D 22 93 00 00 02 00 00 22 06 97 0D 00 00 0B D8 
00 FF FF 00 22 0D 22 93 00 00 02 00 00 22 06 98 0D 00 00 0A D4 
00 FF FF 00 22 0D 22 93 00 00 02 00 00 22 06 99 0D 00 00 0A A5 
00 FF FF 00 22 0D 22 93 00 00 02 00 00 22 06 9A 0D 00 00 11 D2 
00 FF FF 00 22 0D 22 93 00 00 02 00 00 22 06 9B 0D 00 00 11 F6 
00 FF FF 00 22 0D 22 93 00 00 02 00 00 22 06 9C 0D 00 00 0A 99 
00 FF FF 00 22 0D 22 93 00 00 02 00 00 22 06 9D 0D 00 00 07 DB 
00 FF FF 00 22 0D 22 93 00 00 02 00 00 22 06 9E 0D 00 00 08 B7 
00 FF FF 00 22 0D 22 93 00 00 02 00 00 22 06 9F 0D 00 00 0B 2A 
00 FF FF 00 22 0D 22 93 00 00 02 00 00 22 06 A0 0D 00 00 0A 14 
00 FF FF 00 22 0D 22 93 00 00 02 00 00 22 06 A1 0D 00 00 09 7A 
00 FF FF 00 22 0D 22 93 00 00 02 00 00 22 06 A2 0D 00 00 09 68 
00 FF FF 00 22 0D 22 93 00 00 02 00 00 22 06 A4 0D 00 00 0E DC 
00 FF FF 00 22 0D 22 93 00 00 02 00 00 22 06 A7 0D 00 00 09 C7 
00 FF FF 00 22 0D 22 93 00 00 02 00 00 22 06 A8 0D 00 00 09 9D 
00 FF FF 00 22 0D 22 93 00 00 02 00 00 22 06 A9 0D 00 00 0A 96 
00 FF FF 00 22 0D 22 93 00 00 02 00 00 22 06 AA 0D 00 00 11 08 
00 FF FF 00 22 0D 22 93 00 00 02 00 00 22 06 AB 0D 00 00 0C 61 
00 FF FF 00 22 0D 22 93 00 00 02 00 00 22 06 AC 0D 00 00 0B A5 
00 FF FF 00 22 0D 22 93 00 00 02 00 00 22 06 AD 0D 00 00 08 E2 
00 FF FF 00 22 0D 22 93 00 00 02 00 00 22 06 AE 0D 00 00 0C 2A 
00 FF FF 00 22 0D 22 93 00 00 02 00 00 22 06 AF 0D 00 00 10 FC 
00 FF FF 00 22 0D 22 93 00 00 02 00 00 22 06 B0 0D 00 00 08 97 
00 FF FF 00 22 0D 22 93 00 00 02 00 00 22 06 B1 0D 00 00 09 39 
00 FF FF 00 22 0D 22 93 00 00 02 00 00 22 06 B2 0D 00 00 0C 87 
00 FF FF 00 22 0D 22 93 00 00 02 00 00 22 06 B3 0D 00 00 08 36 
00 FF FF 00 22 0D 22 93 00 00 02 00 00 22 06 B4 0D 00 00 0F 98 
00 FF FF 00 22 0D 22 93 00 00 02 00 00 22 06 B5 0D 00 00 08 85 
00 FF FF 00 22 0D 22 93 00 00 02 00 00 22 06 B6 0D 00 00 0D CF 
00 FF FF 00 22 0D 22 93 00 00 02 00 00 22 06 B7 0D 00 00 0B 9B 
00 FF FF 00 22 0D 22 93 00 00 02 00 00 22 06 B8 0D 00 00 0A B4 
00 FF FF 00 22 0D 22 93 00 00 02 00 00 22 06 B9 0D 00 00 0C 46 
00 FF FF 00 22 0D 22 93 00 00 02 00 00 22 06 BA 0D 00 00 08 7D 
00 FF FF 00 22 0D 22 93 00 00 02 00 00 22 06 BB 0D 00 00 09 85 
00 FF FF 00 22 0D 22 93 00 00 02 00 00 22 06 BC 0D 00 00 0A 73 
00 FF FF 00 22 0D 22 93 00 00 02 00 00 22 06 BD 0D 00 00 0A 18 
00 FF FF 00 22 0D 22 93 00 00 02 00 00 22 06 BE 0D 00 00 0D 40 
00 FF FF 00 22 0D 22 93 00 00 02 00 00 22 06 BF 0D 00 00 09 31 
00 FF FF 00 22 0D 22 93 00 00 02 00 00 22 06 C0 0D 00 00 0A 08 
00 FF FF 00 22 0D 22 93 00 00 02 00 00 22 06 C4 0D 00 00 0F 21 
00 FF FF 00 22 0D 22 93 00 00 02 00 00 22 06 C5 0D 00 00 09 71 
00 FF FF 00 22 0D 22 93 00 00 02 00 00 22 06 C7 0D 00 00 0B 58 
00 FF FF 00 22 0D 22 93 00 00 02 00 00 22 06 C8 0D 00 00 0A 0A 
00 FF FF 00 22 0D 22 93 00 00 02 00 00 22 06 C9 0D 00 00 10 F0 
00 FF FF 00 22 0D 22 93 00 00 02 00 00 22 06 CA 0D 00 00 16 20 
00 FF FF 00 22 0D 22 93 00 00 02 00 00 22 06 CB 0D 00 00 0A 46 
00 FF FF 00 22 0D 22 93 00 00 02 00 00 22 06 CC 0D 00 00 0E 74 
00 FF FF 00 22 0D 22 93 00 00 02 00 00 22 06 CD 0D 00 00 09 AF 
00 FF FF 00 22 0D 22 93 00 00 02 00 00 22 06 CE 0D 00 00 0F 01 
00 FF FF 00 22 0D 22 93 00 00 02 00 00 22 06 CF 0D 00 00 08 02 
00 FF FF 00 22 0D 22 93 00 00 02 00 00 22 06 D2 0D 00 00 0A 8F 
00 FF FF 00 22 0D 22 93 00 00 02 00 00 22 06 D3 0D 00 00 08 0B 
00 FF FF 00 22 0D 22 93 00 00 02 00 00 22 06 D4 0D 00 00 10 2E 
00 FF FF 00 22 0D 22 93 00 00 02 00 00 22 06 D5 0D 00 00 0A C1 
00 FF FF 00 22 0D 22 93 00 00 02 00 00 22 06 D6 0D 00 00 08 78 
00 FF FF 00 22 0D 22 93 00 00 02 00 00 22 06 D7 0D 00 00 08 9D 
00 FF FF 00 22 0D 22 93 00 00 02 00 00 22 06 D8 0D 00 00 0D 03 
00 FF FF 00 22 0D 22 93 00 00 02 00 00 22 06 D9 0D 00 00 0A 8C 
00 FF FF 00 22 0D 22 93 00 00 02 00 00 22 06 DA 0D 00 00 11 6A 
00 FF FF 00 22 0D 22 93 00 00 02 00 00 22 06 DB 0D 00 00 0A 3E 
00 FF FF 00 22 0D 22 93 00 00 02 00 00 22 06 DC 0D 00 00 0A 59 
00 FF FF 00 22 0D 22 93 00 00 02 00 00 22 06 DD 0D 00 00 08 14 
00 FF FF 00 22 0D 22 93 00 00 02 00 00 22 06 DE 0D 00 00 09 F3 
00 FF FF 00 22 0D 22 93 00 00 02 00 00 22 06 DF 0D 00 00 0B 41 
00 FF FF 00 22 0D 22 93 00 00 02 00 00 22 06 E0 0D 00 00 1B DE 
00 FF FF 00 22 0D 22 93 00 00 02 00 00 22 06 E1 0D 00 00 0C 4D 
00 FF FF 00 22 0D 22 93 00 00 02 00 00 22 06 E2 0D 00 00 09 DE 
00 FF FF 00 22 0D 22 93 00 00 02 00 00 22 06 E3 0D 00 00 1B 9E 
00 FF FF 00 22 0D 22 93 00 00 02 00 00 22 06 E4 0D 00 00 08 95 
00 FF FF 00 22 0D 22 93 00 00 02 00 00 22 06 E5 0D 00 00 15 F3 
00 FF FF 00 22 0D 22 93 00 00 02 00 00 22 06 E6 0D 00 00 0C 43 
00 FF FF 00 22 0D 22 93 00 00 02 00 00 22 06 E7 0D 00 00 0B 58 
00 FF FF 00 22 0D 22 93 00 00 02 00 00 22 06 E8 0D 00 00 0A 4E 
00 FF FF 00 22 0D 22 93 00 00 02 00 00 22 06 E9 0D 00 00 09 01 
00 FF FF 00 22 0D 22 93 00 00 02 00 00 22 06 EA 0D 00 00 0B 5B 
00 FF FF 00 22 0D 22 93 00 00 02 00 00 22 06 EB 0D 00 00 17 5B 
00 FF FF 00 22 0D 22 93 00 00 02 00 00 22 06 EC 0D 00 00 08 64 
00 FF FF 00 22 0D 22 93 00 00 02 00 00 22 06 ED 0D 00 00 0A 3A 
00 FF FF 00 22 0D 22 93 00 00 02 00 00 22 06 EE 0D 00 00 0C C1 
00 FF FF 00 22 0D 22 93 00 00 02 00 00 22 06 F0 0D 00 00 09 78 
00 FF FF 00 22 0D 22 93 00 00 02 00 00 22 06 F1 0D 00 00 0B E6 
00 FF FF 00 22 0D 22 93 00 00 02 00 00 22 06 F2 0D 00 00 10 73 
00 FF FF 00 22 0D 22 93 00 00 02 00 00 22 06 F3 0D 00 00 09 23 
00 FF FF 00 22 0D 22 93 00 00 02 00 00 22 06 F4 0D 00 00 0F 09 
00 FF FF 00 22 0D 22 93 00 00 02 00 00 22 06 F5 0D 00 00 08 57 
00 FF FF 00 22 0D 22 93 00 00 02 00 00 22 06 F6 0D 00 00 0B C6 
00 FF FF 00 22 0D 22 93 00 00 02 00 00 22 06 F7 0D 00 00 09 C7 
00 FF FF 00 22 0D 22 93 00 00 02 00 00 22 06 F8 0D 00 00 09 3F 
00 FF FF 00 22 0D 22 93 00 00 02 00 00 22 06 F9 0D 00 00 0B B5 
00 FF FF 00 22 0D 22 93 00 00 02 00 00 22 06 FA 0D 00 00 0D 1F 
00 FF FF 00 22 0D 22 93 00 00 02 00 00 22 06 FB 0D 00 00 0A 41 
00 FF FF 00 22 0D 22 93 00 00 02 00 00 22 06 FC 0D 00 00 09 65 
00 FF FF 00 22 0D 22 93 00 00 02 00 00 22 06 FD 0D 00 00 10 41 
00 FF FF 00 22 0D 22 93 00 00 02 00 00 22 06 FF 0D 00 00 08 A1 
00 FF FF 00 22 0D 22 93 00 00 02 00 00 22 07 00 0D 00 00 14 6C 
00 FF FF 00 22 0D 22 93 00 00 02 00 00 22 07 01 0D 00 00 0A B3 
00 FF FF 00 22 0D 22 93 00 00 02 00 00 22 07 02 0D 00 00 0F 60 
00 FF FF 00 22 0D 22 93 00 00 02 00 00 22 07 03 0D 00 00 0C 1E 
00 FF FF 00 22 0D 22 93 00 00 02 00 00 22 07 04 0D 00 00 0A 63 
00 FF FF 00 22 0D 22 93 00 00 02 00 00 22 07 05 0D 00 00 09 39 
00 FF FF 00 22 0D 22 93 00 00 02 00 00 22 07 06 0D 00 00 0E EB 
00 FF FF 00 22 0D 22 93 00 00 02 00 00 22 07 07 0D 00 00 0F D6 
00 FF FF 00 22 0D 22 93 00 00 02 00 00 22 07 08 0D 00 00 0E CE 
00 FF FF 00 22 0D 22 93 00 00 02 00 00 22 07 0A 0D 00 00 10 46 
00 FF FF 00 22 0D 22 93 00 00 02 00 00 22 07 0B 0D 00 00 0E 1F 
00 FF FF 00 22 0D 22 93 00 00 02 00 00 22 07 0C 0D 00 00 09 C4 
00 FF FF 00 22 0D 22 93 00 00 02 00 00 22 07 0D 0D 00 00 08 FB 
00 FF FF 00 22 0D 22 93 00 00 02 00 00 22 07 0E 0D 00 00 0D 4E 
00 FF FF 00 22 0D 22 93 00 00 02 00 00 22 07 0F 0D 00 00 0E 5A 
00 FF FF 00 22 0D 22 93 00 00 02 00 00 22 07 10 0D 00 00 09 EB 
00 FF FF 00 22 0D 22 93 00 00 02 00 00 22 07 11 0D 00 00 13 80 
00 FF FF 00 22 0D 22 93 00 00 02 00 00 22 07 12 0D 00 00 13 30 
00 FF FF 00 22 0D 22 93 00 00 02 00 00 22 07 14 0D 00 00 0B 22 
00 FF FF 00 22 0D 22 93 00 00 02 00 00 22 07 15 0D 00 00 23 8F 
00 FF FF 00 22 0D 22 93 00 00 02 00 00 22 07 16 0D 00 00 0C 2F 
00 FF FF 00 22 0D 22 93 00 00 02 00 00 22 07 17 0D 00 00 08 09 
00 FF FF 00 22 0D 22 93 00 00 02 00 00 22 07 18 0D 00 00 09 77 
00 FF FF 00 22 0D 22 93 00 00 02 00 00 22 07 19 0D 00 00 0E 00 
00 FF FF 00 22 0D 22 93 00 00 02 00 00 22 07 1A 0D 00 00 0D 1B 
00 FF FF 00 22 0D 22 93 00 00 02 00 00 22 07 1B 0D 00 00 10 E1 
00 FF FF 00 22 0D 22 93 00 00 02 00 00 22 07 1C 0D 00 00 08 3D 
00 FF FF 00 22 0D 22 93 00 00 02 00 00 22 07 1D 0D 00 00 09 CF 
00 FF FF 00 22 0D 22 93 00 00 02 00 00 22 07 1E 0D 00 00 0A AB 
00 FF FF 00 22 0D 22 93 00 00 02 00 00 22 07 1F 0D 00 00 18 F2 
00 FF FF 00 22 0D 22 93 00 00 02 00 00 22 07 20 0D 00 00 20 8F 
00 FF FF 00 22 0D 22 93 00 00 02 00 00 22 07 21 0D 00 00 0C 7D 
00 FF FF 00 22 0D 22 93 00 00 02 00 00 22 07 22 0D 00 00 0A 70 
00 FF FF 00 22 0D 22 93 00 00 02 00 00 22 07 23 0D 00 00 0A 89 
00 FF FF 00 22 0D 22 93 00 00 02 00 00 22 07 24 0D 00 00 18 1B 
00 FF FF 00 22 0D 22 93 00 00 02 00 00 22 07 25 0D 00 00 0A D3 
00 FF FF 00 22 0D 22 93 00 00 02 00 00 22 07 26 0D 00 00 0C B0 
00 FF FF 00 22 0D 22 93 00 00 02 00 00 22 07 27 0D 00 00 0C AF 
00 FF FF 00 22 0D 22 93 00 00 02 00 00 22 07 28 0D 00 00 0F 48 
00 FF FF 00 22 0D 22 93 00 00 02 00 00 22 07 29 0D 00 00 08 49 
00 FF FF 00 22 0D 22 93 00 00 02 00 00 22 07 2A 0D 00 00 12 AA 
00 FF FF 00 22 0D 22 93 00 00 02 00 00 22 07 2B 0D 00 00 09 F3 
00 FF FF 00 22 0D 22 93 00 00 02 00 00 22 07 2C 0D 00 00 0A B4 
00 FF FF 00 22 0D 22 93 00 00 02 00 00 22 07 2E 0D 00 00 09 33 
00 FF FF 00 22 0D 22 93 00 00 02 00 00 22 07 2F 0D 00 00 0C C7 
00 FF FF 00 22 0D 22 93 00 00 02 00 00 22 07 30 0D 00 00 0C AB 
00 FF FF 00 22 0D 22 93 00 00 02 00 00 22 07 32 0D 00 00 12 A4 
00 FF FF 00 22 0D 22 93 00 00 02 00 00 22 07 33 0D 00 00 0A E5 
00 FF FF 00 22 0D 22 93 00 00 02 00 00 22 07 34 0D 00 00 09 F1 
00 FF FF 00 22 0D 22 93 00 00 02 00 00 22 07 35 0D 00 00 08 10 
00 FF FF 00 22 0D 22 93 00 00 02 00 00 22 07 36 0D 00 00 0B 52 
00 FF FF 00 22 0D 22 93 00 00 02 00 00 22 07 37 0D 00 00 1F 35 
00 FF FF 00 22 0D 22 93 00 00 02 00 00 22 07 38 0D 00 00 17 34 
00 FF FF 00 22 0D 22 93 00 00 02 00 00 22 07 39 0D 00 00 11 84 
00 FF FF 00 22 0D 22 93 00 00 02 00 00 22 07 3B 0D 00 00 0A AC 
00 FF FF 00 22 0D 22 93 00 00 02 00 00 22 07 3C 0D 00 00 09 94 
00 FF FF 00 22 0D 22 93 00 00 02 00 00 22 07 3D 0D 00 00 10 26 
00 FF FF 00 22 0D 22 93 00 00 02 00 00 22 07 3F 0D 00 00 09 4A 
00 FF FF 00 22 0D 22 93 00 00 02 00 00 22 07 40 0D 00 00 11 D8 
00 FF FF 00 22 0D 22 93 00 00 02 00 00 22 07 41 0D 00 00 08 42 
00 FF FF 00 22 0D 22 93 00 00 02 00 00 22 07 42 0D 00 00 0B DB 
00 FF FF 00 22 0D 22 93 00 00 02 00 00 22 07 43 0D 00 00 0D C5 
00 FF FF 00 22 0D 22 93 00 00 02 00 00 22 07 44 0D 00 00 0C 34 
00 FF FF 00 22 0D 22 93 00 00 02 00 00 22 07 45 0D 00 00 0D 45 
00 FF FF 00 22 0D 22 93 00 00 02 00 00 22 07 46 0D 00 00 08 FC 
00 FF FF 00 22 0D 22 93 00 00 02 00 00 22 07 47 0D 00 00 17 5F 
00 FF FF 00 22 0D 22 93 00 00 02 00 00 22 07 48 0D 00 00 0C 00 
00 FF FF 00 22 0D 22 93 00 00 02 00 00 22 07 49 0D 00 00 18 22 
00 FF FF 00 22 0D 22 93 00 00 02 00 00 22 07 4A 0D 00 00 0B F0 
00 FF FF 00 22 0D 22 93 00 00 02 00 00 22 07 4B 0D 00 00 0B E8 
00 FF FF 00 22 0D 22 93 00 00 02 00 00 22 07 4C 0D 00 00 08 FB 
00 FF FF 00 22 0D 22 93 00 00 02 00 00 22 07 4D 0D 00 00 0E DD 
00 FF FF 00 22 0D 22 93 00 00 02 00 00 22 07 4E 0D 00 00 07 EA 
00 FF FF 00 22 0D 22 93 00 00 02 00 00 22 07 4F 0D 00 00 0D 2C 
00 FF FF 00 22 0D 22 93 00 00 02 00 00 22 07 51 0D 00 00 0A 07 
00 FF FF 00 22 0D 22 93 00 00 02 00 00 22 07 52 0D 00 00 09 0F 
00 FF FF 00 22 0D 22 93 00 00 02 00 00 22 07 53 0D 00 00 09 8C 
00 FF FF 00 22 0D 22 93 00 00 02 00 00 22 07 54 0D 00 00 08 D4 
00 FF FF 00 22 0D 22 93 00 00 02 00 00 22 07 55 0D 00 00 0F 94 
00 FF FF 00 22 0D 22 93 00 00 02 00 00 22 07 57 0D 00 00 0D 91 
00 FF FF 00 22 0D 22 93 00 00 02 00 00 22 07 58 0D 00 00 0B EC 
00 FF FF 00 22 0D 22 93 00 00 02 00 00 22 07 59 0D 00 00 0B 83 
00 FF FF 00 22 0D 22 93 00 00 02 00 00 22 07 5A 0D 00 00 08 C2 
00 FF FF 00 22 0D 22 93 00 00 02 00 00 22 07 5B 0D 00 00 0F 96 
00 FF FF 00 22 0D 22 93 00 00 02 00 00 22 07 5C 0D 00 00 08 D3 
00 FF FF 00 22 0D 22 93 00 00 02 00 00 22 07 5D 0D 00 00 0C 9C 
00 FF FF 00 22 0D 22 93 00 00 02 00 00 22 07 5E 0D 00 00 14 D2 
00 FF FF 00 22 0D 22 93 00 00 02 00 00 22 07 5F 0D 00 00 0C 19 
00 FF FF 00 22 0D 22 93 00 00 02 00 00 22 07 60 0D 00 00 0D 97 
00 FF FF 00 22 0D 22 93 00 00 02 00 00 22 07 61 0D 00 00 0C B9 
00 FF FF 00 22 0D 22 93 00 00 02 00 00 22 07 62 0D 00 00 07 F7 
00 FF FF 00 22 0D 22 93 00 00 02 00 00 22 07 63 0D 00 00 0C D1 
00 FF FF 00 22 0D 22 93 00 00 02 00 00 22 07 64 0D 00 00 0A 47 
00 FF FF 00 22 0D 22 93 00 00 02 00 00 22 07 65 0D 00 00 0B 71 
00 FF FF 00 22 0D 22 93 00 00 02 00 00 22 07 66 0D 00 00 0C C9 
00 FF FF 00 22 0D 22 93 00 00 02 00 00 22 07 67 0D 00 00 13 69 
00 FF FF 00 22 0D 22 93 00 00 02 00 00 22 07 68 0D 00 00 10 AE 
00 FF FF 00 22 0D 22 93 00 00 02 00 00 22 07 69 0D 00 00 0B A5 
00 FF FF 00 22 0D 22 93 00 00 02 00 00 22 07 6A 0D 00 00 0C 65 
00 FF FF 00 22 0D 22 93 00 00 02 00 00 22 07 6B 0D 00 00 0A 53 
00 FF FF 00 22 0D 22 93 00 00 02 00 00 22 07 6C 0D 00 00 0F 17 
00 FF FF 00 22 0D 22 93 00 00 02 00 00 22 07 6D 0D 00 00 0C 87 
00 FF FF 00 22 0D 22 93 00 00 02 00 00 22 07 6E 0D 00 00 09 E7 
00 FF FF 00 22 0D 22 93 00 00 02 00 00 22 07 6F 0D 00 00 0B B1 
00 FF FF 00 22 0D 22 93 00 00 02 00 00 22 07 70 0D 00 00 0E 2D 
00 FF FF 00 22 0D 22 93 00 00 02 00 00 22 07 71 0D 00 00 0C F4 
00 FF FF 00 22 0D 22 93 00 00 02 00 00 22 07 72 0D 00 00 0A 06 
00 FF FF 00 22 0D 22 93 00 00 02 00 00 22 07 73 0D 00 00 07 D2 
00 FF FF 00 22 0D 22 93 00 00 02 00 00 22 07 74 0D 00 00 0B 50 
00 FF FF 00 22 0D 22 93 00 00 02 00 00 22 07 75 0D 00 00 14 0B 
00 FF FF 00 22 0D 22 93 00 00 02 00 00 22 07 76 0D 00 00 08 2A 
00 FF FF 00 22 0D 22 93 00 00 02 00 00 22 07 77 0D 00 00 10 5D 
00 FF FF 00 22 0D 22 93 00 00 02 00 00 22 07 78 0D 00 00 09 62 
00 FF FF 00 22 0D 22 93 00 00 02 00 00 22 07 79 0D 00 00 10 AE 
00 FF FF 00 22 0D 22 93 00 00 02 00 00 22 07 7A 0D 00 00 0B D3 
00 FF FF 00 22 0D 22 93 00 00 02 00 00 22 07 7B 0D 00 00 0A 9D 
00 FF FF 00 22 0D 22 93 00 00 02 00 00 22 07 7C 0D 00 00 0D 69 
00 FF FF 00 22 0D 22 93 00 00 02 00 00 22 07 7D 0D 00 00 0B 94 
00 FF FF 00 22 0D 22 93 00 00 02 00 00 22 07 7E 0D 00 00 08 E7 
00 FF FF 00 22 0D 22 93 00 00 02 00 00 22 07 7F 0D 00 00 11 4F 
00 FF FF 00 22 0D 22 93 00 00 02 00 00 22 07 80 0D 00 00 15 2A 
00 FF FF 00 22 0D 22 93 00 00 02 00 00 22 07 82 0D 00 00 11 93 
00 FF FF 00 22 0D 22 93 00 00 02 00 00 22 07 83 0D 00 00 08 25 
00 FF FF 00 22 0D 22 93 00 00 02 00 00 22 07 84 0D 00 00 0A 7C 
00 FF FF 00 22 0D 22 93 00 00 02 00 00 22 07 85 0D 00 00 0A 63 
00 FF FF 00 22 0D 22 93 00 00 02 00 00 22 07 86 0D 00 00 0C B7 
00 FF FF 00 22 0D 22 93 00 00 02 00 00 22 07 87 0D 00 00 08 24 
00 FF FF 00 22 0D 22 93 00 00 02 00 00 22 07 88 0D 00 00 0D 85 
00 FF FF 00 22 0D 22 93 00 00 02 00 00 22 07 89 0D 00 00 0B E0 
00 FF FF 00 22 0D 22 93 00 00 02 00 00 22 07 8A 0D 00 00 09 5F 
00 FF FF 00 22 0D 22 93 00 00 02 00 00 22 07 8B 0D 00 00 09 10 
00 FF FF 00 22 0D 22 93 00 00 02 00 00 22 07 8D 0D 00 00 11 71 
00 FF FF 00 22 0D 22 93 00 00 02 00 00 22 07 8E 0D 00 00 0B 9F 
00 FF FF 00 22 0D 22 93 00 00 02 00 00 22 07 8F 0D 00 00 0C AC 
00 FF FF 00 22 0D 22 93 00 00 02 00 00 22 07 90 0D 00 00 08 99 
00 FF FF 00 22 0D 22 93 00 00 02 00 00 22 07 91 0D 00 00 0D 61 
00 FF FF 00 22 0D 22 93 00 00 02 00 00 22 07 92 0D 00 00 0A 76 
00 FF FF 00 22 0D 22 93 00 00 02 00 00 22 07 93 0D 00 00 08 9D 
00 FF FF 00 22 0D 22 93 00 00 02 00 00 22 07 94 0D 00 00 0A A4 
00 FF FF 00 22 0D 22 93 00 00 02 00 00 22 07 95 0D 00 00 08 C3 
00 FF FF 00 22 0D 22 93 00 00 02 00 00 22 07 96 0D 00 00 09 C1 
00 FF FF 00 22 0D 22 93 00 00 02 00 00 22 07 97 0D 00 00 09 FB 
00 FF FF 00 22 0D 22 93 00 00 02 00 00 22 07 98 0D 00 00 0D AB 
00 FF FF 00 22 0D 22 93 00 00 02 00 00 22 07 99 0D 00 00 0A 5D 
00 FF FF 00 22 0D 22 93 00 00 02 00 00 22 07 9A 0D 00 00 0B 97 
00 FF FF 00 22 0D 22 93 00 00 02 00 00 22 07 9B 0D 00 00 0A 09 
00 FF FF 00 22 0D 22 93 00 00 02 00 00 22 07 9C 0D 00 00 0A 2B 
00 FF FF 00 22 0D 22 93 00 00 02 00 00 22 07 9D 0D 00 00 08 F0 
00 FF FF 00 22 0D 22 93 00 00 02 00 00 22 07 9E 0D 00 00 0D 14 
00 FF FF 00 22 0D 22 93 00 00 02 00 00 22 07 9F 0D 00 00 09 AE 
00 FF FF 00 22 0D 22 93 00 00 02 00 00 22 07 A0 0D 00 00 0B 7A 
00 FF FF 00 22 0D 22 93 00 00 02 00 00 22 07 A1 0D 00 00 08 41 
00 FF FF 00 22 0D 22 93 00 00 02 00 00 22 07 A3 0D 00 00 0A 2A 
00 FF FF 00 22 0D 22 93 00 00 02 00 00 22 07 A4 0D 00 00 0D 9A 
00 FF FF 00 22 0D 22 93 00 00 02 00 00 22 07 A5 0D 00 00 0B BF 
00 FF FF 00 22 0D 22 93 00 00 02 00 00 22 07 A7 0D 00 00 08 73 
00 FF FF 00 22 0D 22 93 00 00 02 00 00 22 07 A8 0D 00 00 13 7B 
00 FF FF 00 22 0D 22 93 00 00 02 00 00 22 07 A9 0D 00 00 08 74 
00 FF FF 00 22 0D 22 93 00 00 02 00 00 22 07 AA 0D 00 00 0A 19 
00 FF FF 00 22 0D 22 93 00 00 02 00 00 22 07 AB 0D 00 00 08 12 
00 FF FF 00 22 0D 22 93 00 00 02 00 00 22 07 AC 0D 00 00 09 39 
00 FF FF 00 22 0D 22 93 00 00 02 00 00 22 07 AD 0D 00 00 0A 47 
00 FF FF 00 22 0D 22 93 00 00 02 00 00 22 07 AE 0D 00 00 08 25 
00 FF FF 00 22 0D 22 93 00 00 02 00 00 22 07 AF 0D 00 00 17 41 
00 FF FF 00 22 0D 22 93 00 00 02 00 00 22 07 B0 0D 00 00 0C 0A 
00 FF FF 00 22 0D 22 93 00 00 02 00 00 22 07 B2 0D 00 00 09 24 
00 FF FF 00 22 0D 22 93 00 00 02 00 00 22 07 B3 0D 00 00 08 89 
00 FF FF 00 22 0D 22 93 00 00 02 00 00 22 07 B4 0D 00 00 09 F8 
00 FF FF 00 22 0D 22 93 00 00 02 00 00 22 07 B5 0D 00 00 0E D4 
00 FF FF 00 22 0D 22 93 00 00 02 00 00 22 07 B6 0D 00 00 0A 54 
00 FF FF 00 22 0D 22 93 00 00 02 00 00 22 07 B7 0D 00 00 0F 7A 
00 FF FF 00 22 0D 22 93 00 00 02 00 00 22 07 B8 0D 00 00 07 DB 
00 FF FF 00 22 0D 22 93 00 00 02 00 00 22 07 B9 0D 00 00 07 D7 
00 FF FF 00 22 0D 22 93 00 00 02 00 00 22 07 BA 0D 00 00 0A D6 
00 FF FF 00 22 0D 22 93 00 00 02 00 00 22 07 BB 0D 00 00 15 4B 
00 FF FF 00 22 0D 22 93 00 00 02 00 00 22 07 BC 0D 00 00 0B 38 
00 FF FF 00 22 0D 22 93 00 00 02 00 00 22 07 BD 0D 00 00 09 D6 
00 FF FF 00 22 0D 22 93 00 00 02 00 00 22 07 BE 0D 00 00 09 A8 
00 FF FF 00 22 0D 22 93 00 00 02 00 00 22 07 BF 0D 00 00 07 D5 
00 FF FF 00 22 0D 22 93 00 00 02 00 00 22 07 C0 0D 00 00 0F 34 
00 FF FF 00 22 0D 22 93 00 00 02 00 00 22 07 C1 0D 00 00 1C 9E 
00 FF FF 00 22 0D 22 93 00 00 02 00 00 22 07 C2 0D 00 00 0F D9 
00 FF FF 00 22 0D 22 93 00 00 02 00 00 22 07 C3 0D 00 00 09 D3 
00 FF FF 00 22 0D 22 93 00 00 02 00 00 22 07 C4 0D 00 00 09 00 
00 FF FF 00 22 0D 22 93 00 00 02 00 00 22 07 C5 0D 00 00 07 D5 
00 FF FF 00 22 0D 22 93 00 00 02 00 00 22 07 C6 0D 00 00 0C 99 
00 FF FF 00 22 0D 22 93 00 00 02 00 00 22 07 C7 0D 00 00 0C 03 
00 FF FF 00 22 0D 22 93 00 00 02 00 00 22 07 C8 0D 00 00 09 FC 
00 FF FF 00 22 0D 22 93 00 00 02 00 00 22 07 C9 0D 00 00 11 3F 
00 FF FF 00 22 0D 22 93 00 00 02 00 00 22 07 CA 0D 00 00 09 6F 
00 FF FF 00 22 0D 22 93 00 00 02 00 00 22 07 CB 0D 00 00 07 EB 
00 FF FF 00 22 0D 22 93 00 00 02 00 00 22 07 CC 0D 00 00 11 F6 
00 FF FF 00 22 0D 22 93 00 00 02 00 00 22 07 CD 0D 00 00 07 FF 
00 FF FF 00 22 0D 22 93 00 00 02 00 00 22 07 CF 0D 00 00 0B 43 
00 FF FF 00 22 0D 22 93 00 00 02 00 00 22 07 D0 0D 00 00 09 4C 
00 FF FF 00 22 0D 22 93 00 00 02 00 00 22 07 D1 0D 00 00 08 55 
00 FF FF 00 22 0D 22 93 00 00 02 00 00 22 07 D2 0D 00 00 0B 10 
00 FF FF 00 22 0D 22 93 00 00 02 00 00 22 07 D3 0D 00 00 09 3D 
00 FF FF 00 22 0D 22 93 00 00 02 00 00 22 07 D4 0D 00 00 17 27 
00 FF FF 00 22 0D 22 93 00 00 02 00 00 22 07 D5 0D 00 00 10 F3 
00 FF FF 00 22 0D 22 93 00 00 02 00 00 22 07 D6 0D 00 00 09 5B 
00 FF FF 00 22 0D 22 93 00 00 02 00 00 22 07 D7 0D 00 00 0D 25 
00 FF FF 00 22 0D 22 93 00 00 02 00 00 22 07 D8 0D 00 00 0A 02 
00 FF FF 00 22 0D 22 93 00 00 02 00 00 22 07 D9 0D 00 00 0B 29 
00 FF FF 00 22 0D 22 93 00 00 02 00 00 22 07 DA 0D 00 00 16 27 
00 FF FF 00 22 0D 22 93 00 00 02 00 00 22 07 DB 0D 00 00 08 92 
00 FF FF 00 22 0D 22 93 00 00 02 00 00 22 07 DC 0D 00 00 0B B7 
00 FF FF 00 22 0D 22 93 00 00 02 00 00 22 07 DD 0D 00 00 15 B2 
00 FF FF 00 22 0D 22 93 00 00 02 00 00 22 07 DE 0D 00 00 08 B2 
00 FF FF 00 22 0D 22 93 00 00 02 00 00 22 07 DF 0D 00 00 0A FA 
00 FF FF 00 22 0D 22 93 00 00 02 00 00 22 07 E0 0D 00 00 0C 74 
00 FF FF 00 22 0D 22 93 00 00 02 00 00 22 07 E1 0D 00 00 07 E3 
00 FF FF 00 22 0D 22 93 00 00 02 00 00 22 07 E3 0D 00 00 18 C2 
00 FF FF 00 22 0D 22 93 00 00 02 00 00 22 07 E4 0D 00 00 0E 72 
00 FF FF 00 22 0D 22 93 00 00 02 00 00 22 07 E5 0D 00 00 0B BB 
00 FF FF 00 22 0D 22 93 00 00 02 00 00 22 07 E6 0D 00 00 09 5D 
00 FF FF 00 22 0D 22 93 00 00 02 00 00 22 07 E7 0D 00 00 09 B6 
00 FF FF 00 22 0D 22 93 00 00 02 00 00 22 07 E8 0D 00 00 0C 2F 
00 FF FF 00 22 0D 22 93 00 00 02 00 00 22 07 E9 0D 00 00 0B B2 
00 FF FF 00 22 0D 22 93 00 00 02 00 00 22 07 EA 0D 00 00 12 4F 
00 FF FF 00 22 0D 22 93 00 00 02 00 00 22 07 EB 0D 00 00 0C 04 
00 FF FF 00 22 0D 22 93 00 00 02 00 00 22 07 EC 0D 00 00 09 C7 
00 FF FF 00 22 0D 22 93 00 00 02 00 00 22 07 ED 0D 00 00 0D 72 
00 FF FF 00 22 0D 22 93 00 00 02 00 00 22 07 EE 0D 00 00 0E 58 
00 FF FF 00 22 0D 22 93 00 00 02 00 00 22 07 EF 0D 00 00 14 BF 
00 FF FF 00 22 0D 22 93 00 00 02 00 00 22 07 F0 0D 00 00 0D 7C 
00 FF FF 00 22 0D 22 93 00 00 02 00 00 22 07 F1 0D 00 00 0C F1 
00 FF FF 00 22 0D 22 93 00 00 02 00 00 22 07 F2 0D 00 00 0B 48 
00 FF FF 00 22 0D 22 93 00 00 02 00 00 22 07 F3 0D 00 00 09 82 
00 FF FF 00 22 0D 22 93 00 00 02 00 00 22 07 F4 0D 00 00 0D F2 
00 FF FF 00 22 0D 22 93 00 00 02 00 00 22 07 F5 0D 00 00 0E C2 
00 FF FF 00 22 0D 22 93 00 00 02 00 00 22 07 F6 0D 00 00 11 40 
00 FF FF 00 22 0D 22 93 00 00 02 00 00 22 07 F7 0D 00 00 0A D0 
00 FF FF 00 22 0D 22 93 00 00 02 00 00 22 07 F8 0D 00 00 09 EC 
00 FF FF 00 22 0D 22 93 00 00 02 00 00 22 07 F9 0D 00 00 07 FF 
00 FF FF 00 22 0D 22 93 00 00 02 00 00 22 07 FA 0D 00 00 08 62 
00 FF FF 00 22 0D 22 93 00 00 02 00 00 22 07 FC 0D 00 00 0B F2 
00 FF FF 00 22 0D 22 93 00 00 02 00 00 22 07 FD 0D 00 00 0A 9C 
00 FF FF 00 22 0D 22 93 00 00 02 00 00 22 07 FE 0D 00 00 0D 2E 
00 FF FF 00 22 0D 22 93 00 00 02 00 00 22 07 FF 0D 00 00 0E 84 
00 FF FF 00 22 0D 22 93 00 00 02 00 00 22 08 00 0D 00 00 0E 14 
00 FF FF 00 22 0D 22 93 00 00 02 00 00 22 08 01 0D 00 00 28 2F 
00 FF FF 00 22 0D 22 93 00 00 02 00 00 22 08 02 0D 00 00 16 79 
00 FF FF 00 22 0D 22 93 00 00 02 00 00 22 08 03 0D 00 00 14 9E 
00 FF FF 00 22 0D 22 93 00 00 02 00 00 22 08 04 0D 00 00 07 E2 
00 FF FF 00 22 0D 22 93 00 00 02 00 00 22 08 05 0D 00 00 09 98 
00 FF FF 00 22 0D 22 93 00 00 02 00 00 22 08 06 0D 00 00 0B CC 
00 FF FF 00 22 0D 22 93 00 00 02 00 00 22 08 07 0D 00 00 0A 51 
00 FF FF 00 22 0D 22 93 00 00 02 00 00 22 08 08 0D 00 00 0A 43 
00 FF FF 00 22 0D 22 93 00 00 02 00 00 22 08 09 0D 00 00 24 8D 
00 FF FF 00 22 0D 22 93 00 00 02 00 00 22 08 0A 0D 00 00 0B A0 
00 FF FF 00 22 0D 22 93 00 00 02 00 00 22 08 0B 0D 00 00 11 8F 
00 FF FF 00 22 0D 22 93 00 00 02 00 00 22 08 0C 0D 00 00 08 2C 
00 FF FF 00 22 0D 22 93 00 00 02 00 00 22 08 0D 0D 00 00 0B C5 
00 FF FF 00 22 0D 22 93 00 00 02 00 00 22 08 0E 0D 00 00 07 D2 
00 FF FF 00 22 0D 22 93 00 00 02 00 00 22 08 0F 0D 00 00 08 E8 
00 FF FF 00 22 0D 22 93 00 00 02 00 00 22 08 10 0D 00 00 09 6E 
00 FF FF 00 22 0D 22 93 00 00 02 00 00 22 08 11 0D 00 00 13 38 
00 FF FF 00 22 0D 22 93 00 00 02 00 00 22 08 12 0D 00 00 0B 19 
00 FF FF 00 22 0D 22 93 00 00 02 00 00 22 08 13 0D 00 00 09 9B 
00 FF FF 00 22 0D 22 93 00 00 02 00 00 22 08 14 0D 00 00 0A 09 
00 FF FF 00 22 0D 22 93 00 00 02 00 00 22 08 15 0D 00 00 0B E6 
00 FF FF 00 22 0D 22 93 00 00 02 00 00 22 08 16 0D 00 00 0B 84 
00 FF FF 00 22 0D 22 93 00 00 02 00 00 22 08 17 0D 00 00 13 AF 
00 FF FF 00 22 0D 22 93 00 00 02 00 00 22 08 18 0D 00 00 0F 14 
00 FF FF 00 22 0D 22 93 00 00 02 00 00 22 08 19 0D 00 00 14 26 
00 FF FF 00 22 0D 22 93 00 00 02 00 00 22 08 1A 0D 00 00 09 0C 
00 FF FF 00 22 0D 22 93 00 00 02 00 00 22 08 1B 0D 00 00 0B 43 
00 FF FF 00 22 0D 22 93 00 00 02 00 00 22 08 1C 0D 00 00 07 D0 
00 FF FF 00 22 0D 22 93 00 00 02 00 00 22 08 1D 0D 00 00 14 2C 
00 FF FF 00 22 0D 22 93 00 00 02 00 00 22 08 1E 0D 00 00 1C 1F 
00 FF FF 00 22 0D 22 93 00 00 02 00 00 22 08 1F 0D 00 00 11 ED 
00 FF FF 00 22 0D 22 93 00 00 02 00 00 22 08 20 0D 00 00 0B F7 
00 FF FF 00 22 0D 22 93 00 00 02 00 00 22 08 21 0D 00 00 09 72 
00 FF FF 00 22 0D 22 93 00 00 02 00 00 22 08 22 0D 00 00 08 0F 
00 FF FF 00 22 0D 22 93 00 00 02 00 00 22 08 23 0D 00 00 0C 55 
00 FF FF 00 22 0D 22 93 00 00 02 00 00 22 08 25 0D 00 00 18 7E 
00 FF FF 00 22 0D 22 93 00 00 02 00 00 22 08 26 0D 00 00 0D 28 
00 FF FF 00 22 0D 22 93 00 00 02 00 00 22 08 27 0D 00 00 0F 60 
00 FF FF 00 22 0D 22 93 00 00 02 00 00 22 08 28 0D 00 00 0B 02 
00 FF FF 00 22 0D 22 93 00 00 02 00 00 22 08 29 0D 00 00 0C E8 
00 FF FF 00 22 0D 22 93 00 00 02 00 00 22 08 2A 0D 00 00 12 9F 
00 FF FF 00 22 0D 22 93 00 00 02 00 00 22 08 2B 0D 00 00 0D 84 
00 FF FF 00 22 0D 22 93 00 00 02 00 00 22 08 2C 0D 00 00 16 04 
00 FF FF 00 22 0D 22 93 00 00 02 00 00 22 08 2D 0D 00 00 0A C6 
00 FF FF 00 22 0D 22 93 00 00 02 00 00 22 08 2E 0D 00 00 08 47 
00 FF FF 00 22 0D 22 93 00 00 02 00 00 22 08 2F 0D 00 00 09 EB 
00 FF FF 00 22 0D 22 93 00 00 02 00 00 22 08 30 0D 00 00 0E 0C 
00 FF FF 00 22 0D 22 93 00 00 02 00 00 22 08 31 0D 00 00 09 2B 
00 FF FF 00 22 0D 22 93 00 00 02 00 00 22 08 32 0D 00 00 13 7C 
00 FF FF 00 22 0D 22 93 00 00 02 00 00 22 08 33 0D 00 00 09 AA 
00 FF FF 00 22 0D 22 93 00 00 02 00 00 22 08 34 0D 00 00 0A 37 
00 FF FF 00 22 0D 22 93 00 00 02 00 00 22 08 35 0D 00 00 0C 03 
00 FF FF 00 22 0D 22 93 00 00 02 00 00 22 08 36 0D 00 00 0B F7 
00 FF FF 00 22 0D 22 93 00 00 02 00 00 22 08 37 0D 00 00 11 BA 
00 FF FF 00 22 0D 22 93 00 00 02 00 00 22 08 38 0D 00 00 0E B8 
00 FF FF 00 22 0D 22 93 00 00 02 00 00 22 08 39 0D 00 00 09 FB 
00 FF FF 00 22 0D 22 93 00 00 02 00 00 22 08 3A 0D 00 00 0D F3 
00 FF FF 00 22 0D 22 93 00 00 02 00 00 22 08 3B 0D 00 00 0F 35 
00 FF FF 00 22 0D 22 93 00 00 02 00 00 22 08 3C 0D 00 00 0C 3D 
00 FF FF 00 22 0D 22 93 00 00 02 00 00 22 08 3D 0D 00 00 18 37 
00 FF FF 00 22 0D 22 93 00 00 02 00 00 22 08 3E 0D 00 00 0F B4 
00 FF FF 00 22 0D 22 93 00 00 02 00 00 22 08 3F 0D 00 00 1A 34 
00 FF FF 00 22 0D 22 93 00 00 02 00 00 22 08 40 0D 00 00 0A 22 
00 FF FF 00 22 0D 22 93 00 00 02 00 00 22 08 41 0D 00 00 08 52 
00 FF FF 00 22 0D 22 93 00 00 02 00 00 22 08 42 0D 00 00 0C 4A 
00 FF FF 00 22 0D 22 93 00 00 02 00 00 22 08 43 0D 00 00 0D 1F 
00 FF FF 00 22 0D 22 93 00 00 02 00 00 22 08 44 0D 00 00 0B 81 
00 FF FF 00 22 0D 22 93 00 00 02 00 00 22 08 46 0D 00 00 0D 98 
00 FF FF 00 22 0D 22 93 00 00 02 00 00 22 08 47 0D 00 00 08 82 
00 FF FF 00 22 0D 22 93 00 00 02 00 00 22 08 48 0D 00 00 0D 92 
00 FF FF 00 22 0D 22 93 00 00 02 00 00 22 08 49 0D 00 00 08 01 
00 FF FF 00 22 0D 22 93 00 00 02 00 00 22 08 4A 0D 00 00 14 8B 
00 FF FF 00 22 0D 22 93 00 00 02 00 00 22 08 4B 0D 00 00 09 F4 
00 FF FF 00 22 0D 22 93 00 00 02 00 00 22 08 4C 0D 00 00 0A BC 
00 FF FF 00 22 0D 22 93 00 00 02 00 00 22 08 4D 0D 00 00 07 D8 
00 FF FF 00 22 0D 22 93 00 00 02 00 00 22 08 4F 0D 00 00 0A F5 
00 FF FF 00 22 0D 22 93 00 00 02 00 00 22 08 50 0D 00 00 0B 04 
00 FF FF 00 22 0D 22 93 00 00 02 00 00 22 08 51 0D 00 00 0C B6 
00 FF FF 00 22 0D 22 93 00 00 02 00 00 22 08 52 0D 00 00 0B 7B 
00 FF FF 00 22 0D 22 93 00 00 02 00 00 22 08 53 0D 00 00 0F 10 
00 FF FF 00 22 0D 22 93 00 00 02 00 00 22 08 54 0D 00 00 08 41 
00 FF FF 00 22 0D 22 93 00 00 02 00 00 22 08 55 0D 00 00 0C 37 
00 FF FF 00 22 0D 22 93 00 00 02 00 00 22 08 56 0D 00 00 09 C2 
00 FF FF 00 22 0D 22 93 00 00 02 00 00 22 08 57 0D 00 00 08 01 
00 FF FF 00 22 0D 22 93 00 00 02 00 00 22 08 58 0D 00 00 09 04 
00 FF FF 00 22 0D 22 93 00 00 02 00 00 22 08 59 0D 00 00 0B 17 
00 FF FF 00 22 0D 22 93 00 00 02 00 00 22 08 5A 0D 00 00 0E 1A 
00 FF FF 00 22 0D 22 93 00 00 02 00 00 22 08 5B 0D 00 00 0C 7D 
00 FF FF 00 22 0D 22 93 00 00 02 00 00 22 08 5C 0D 00 00 0D A5 
00 FF FF 00 22 0D 22 93 00 00 02 00 00 22 08 5D 0D 00 00 0C F5 
00 FF FF 00 22 0D 22 93 00 00 02 00 00 22 08 5E 0D 00 00 0F 83 
00 FF FF 00 22 0D 22 93 00 00 02 00 00 22 08 5F 0D 00 00 12 09 
00 FF FF 00 22 0D 22 93 00 00 02 00 00 22 08 60 0D 00 00 0A 47 
00 FF FF 00 22 0D 22 93 00 00 02 00 00 22 08 62 0D 00 00 0A 37 
00 FF FF 00 22 0D 22 93 00 00 02 00 00 22 08 64 0D 00 00 0B E0 
00 FF FF 00 22 0D 22 93 00 00 02 00 00 22 08 65 0D 00 00 16 97 
00 FF FF 00 22 0D 22 93 00 00 02 00 00 22 08 66 0D 00 00 0E CB 
00 FF FF 00 22 0D 22 93 00 00 02 00 00 22 08 67 0D 00 00 0F 6F 
00 FF FF 00 22 0D 22 93 00 00 02 00 00 22 08 68 0D 00 00 0A 15 
00 FF FF 00 22 0D 22 93 00 00 02 00 00 22 08 69 0D 00 00 08 67 
00 FF FF 00 22 0D 22 93 00 00 02 00 00 22 08 6A 0D 00 00 0F 13 
00 FF FF 00 22 0D 22 93 00 00 02 00 00 22 08 6B 0D 00 00 0A EE 
00 FF FF 00 22 0D 22 93 00 00 02 00 00 22 08 6C 0D 00 00 12 C6 
00 FF FF 00 22 0D 22 93 00 00 02 00 00 22 08 6D 0D 00 00 13 00 
00 FF FF 00 22 0D 22 93 00 00 02 00 00 22 08 6E 0D 00 00 0F 78 
00 FF FF 00 22 0D 22 93 00 00 02 00 00 22 08 6F 0D 00 00 09 90 
00 FF FF 00 22 0D 22 93 00 00 02 00 00 22 08 70 0D 00 00 08 DF 
00 FF FF 00 22 0D 22 93 00 00 02 00 00 22 08 71 0D 00 00 0A 41 
00 FF FF 00 22 0D 22 93 00 00 02 00 00 22 08 72 0D 00 00 10 CD 
00 FF FF 00 22 0D 22 93 00 00 02 00 00 22 08 73 0D 00 00 0A CE 
