00 FF FF 00 22 0D 22 93 00 00 02 00 00 22 00 6A 0D 00 00 16 5B 
00 FF FF 00 22 0D 22 93 00 00 02 00 00 22 00 6B 0D 00 00 15 A2 
00 FF FF 00 22 0D 22 93 00 00 02 00 00 22 00 6C 0D 00 00 16 47 
00 FF FF 00 22 0D 22 93 00 00 02 00 00 22 00 6D 0D 00 00 0B A0 
00 FF FF 00 22 0D 22 93 00 00 02 00 00 22 00 6E 0D 00 00 08 B7 
00 FF FF 00 22 0D 22 93 00 00 02 00 00 22 00 6F 0D 00 00 0C 4A 
00 FF FF 00 22 0D 22 93 00 00 02 00 00 22 00 70 0D 00 00 0B 04 
00 FF FF 00 22 0D 22 93 00 00 02 00 00 22 00 71 0D 00 00 09 19 
00 FF FF 00 22 0D 22 93 00 00 02 00 00 22 00 72 0D 00 00 17 2C 
00 FF FF 00 22 0D 22 93 00 00 02 00 00 22 00 73 0D 00 00 10 76 
00 FF FF 00 22 0D 22 93 00 00 02 00 00 22 00 74 0D 00 00 12 D9 
00 FF FF 00 22 0D 22 93 00 00 02 00 00 22 00 75 0D 00 00 09 9B 
00 FF FF 00 22 0D 22 93 00 00 02 00 00 22 00 76 0D 00 00 08 F9 
00 FF FF 00 22 0D 22 93 00 00 02 00 00 22 00 77 0D 00 00 08 51 
00 FF FF 00 22 0D 22 93 00 00 02 00 00 22 00 78 0D 00 00 0C 32 
00 FF FF 00 22 0D 22 93 00 00 02 00 00 22 00 79 0D 00 00 0C A8 
00 FF FF 00 22 0D 22 93 00 00 02 00 00 22 00 7A 0D 00 00 11 51 
00 FF FF 00 22 0D 22 93 00 00 02 00 00 22 00 7B 0D 00 00 10 B3 
00 FF FF 00 22 0D 22 93 00 00 02 00 00 22 00 7C 0D 00 00 0A 3A 
00 FF FF 00 22 0D 22 93 00 00 02 00 00 22 00 7D 0D 00 00 0B F7 
00 FF FF 00 22 0D 22 93 00 00 02 00 00 22 00 7E 0D 00 00 0A 9D 
00 FF FF 00 22 0D 22 93 00 00 02 00 00 22 00 7F 0D 00 00 08 A5 
00 FF FF 00 22 0D 22 93 00 00 02 00 00 22 00 80 0D 00 00 0C 20 
00 FF FF 00 22 0D 22 93 00 00 02 00 00 22 00 81 0D 00 00 07 EB 
00 FF FF 00 22 0D 22 93 00 00 02 00 00 22 00 82 0D 00 00 09 80 
00 FF FF 00 22 0D 22 93 00 00 02 00 00 22 00 83 0D 00 00 09 66 
00 FF FF 00 22 0D 22 93 00 00 02 00 00 22 00 84 0D 00 00 0C 8A 
00 FF FF 00 22 0D 22 93 00 00 02 00 00 22 00 85 0D 00 00 08 94 
00 FF FF 00 22 0D 22 93 00 00 02 00 00 22 00 86 0D 00 00 0B 24 
00 FF FF 00 22 0D 22 93 00 00 02 00 00 22 00 87 0D 00 00 0B 34 
00 FF FF 00 22 0D 22 93 00 00 02 00 00 22 00 88 0D 00 00 0A 30 
00 FF FF 00 22 0D 22 93 00 00 02 00 00 22 00 89 0D 00 00 0A 3B 
00 FF FF 00 22 0D 22 93 00 00 02 00 00 22 00 8A 0D 00 00 0C A2 
00 FF FF 00 22 0D 22 93 00 00 02 00 00 22 00 8B 0D 00 00 0E 09 
00 FF FF 00 22 0D 22 93 00 00 02 00 00 22 00 8C 0D 00 00 0A B4 
00 FF FF 00 22 0D 22 93 00 00 02 00 00 22 00 8D 0D 00 00 0B 64 
00 FF FF 00 22 0D 22 93 00 00 02 00 00 22 00 8E 0D 00 00 09 74 
00 FF FF 00 22 0D 22 93 00 00 02 00 00 22 00 8F 0D 00 00 0A 58 
00 FF FF 00 22 0D 22 93 00 00 02 00 00 22 00 90 0D 00 00 0B AF 
00 FF FF 00 22 0D 22 93 00 00 02 00 00 22 00 91 0D 00 00 0B C6 
00 FF FF 00 22 0D 22 93 00 00 02 00 00 22 00 92 0D 00 00 0B DC 
00 FF FF 00 22 0D 22 93 00 00 02 00 00 22 00 93 0D 00 00 08 B5 
00 FF FF 00 22 0D 22 93 00 00 02 00 00 22 00 94 0D 00 00 0E C1 
00 FF FF 00 22 0D 22 93 00 00 02 00 00 22 00 95 0D 00 00 09 3A 
00 FF FF 00 22 0D 22 93 00 00 02 00 00 22 00 96 0D 00 00 09 80 
00 FF FF 00 22 0D 22 93 00 00 02 00 00 22 00 97 0D 00 00 0D 27 
00 FF FF 00 22 0D 22 93 00 00 02 00 00 22 00 98 0D 00 00 0A 58 
00 FF FF 00 22 0D 22 93 00 00 02 00 00 22 00 99 0D 00 00 08 A4 
00 FF FF 00 22 0D 22 93 00 00 02 00 00 22 00 9A 0D 00 00 09 C0 
00 FF FF 00 22 0D 22 93 00 00 02 00 00 22 00 9B 0D 00 00 08 EC 
00 FF FF 00 22 0D 22 93 00 00 02 00 00 22 00 9D 0D 00 00 0B 86 
00 FF FF 00 22 0D 22 93 00 00 02 00 00 22 00 9E 0D 00 00 09 F9 
00 FF FF 00 22 0D 22 93 00 00 02 00 00 22 00 9F 0D 00 00 08 D3 
00 FF FF 00 22 0D 22 93 00 00 02 00 00 22 00 A0 0D 00 00 08 3E 
00 FF FF 00 22 0D 22 93 00 00 02 00 00 22 00 A1 0D 00 00 09 3D 
00 FF FF 00 22 0D 22 93 00 00 02 00 00 22 00 A3 0D 00 00 08 44 
00 FF FF 00 22 0D 22 93 00 00 02 00 00 22 00 A4 0D 00 00 08 59 
00 FF FF 00 22 0D 22 93 00 00 02 00 00 22 00 A5 0D 00 00 09 D8 
00 FF FF 00 22 0D 22 93 00 00 02 00 00 22 00 A6 0D 00 00 0B 10 
00 FF FF 00 22 0D 22 93 00 00 02 00 00 22 00 A7 0D 00 00 0A 92 
00 FF FF 00 22 0D 22 93 00 00 02 00 00 22 00 A8 0D 00 00 08 21 
00 FF FF 00 22 0D 22 93 00 00 02 00 00 22 00 A9 0D 00 00 08 C0 
00 FF FF 00 22 0D 22 93 00 00 02 00 00 22 00 AA 0D 00 00 07 F5 
00 FF FF 00 22 0D 22 93 00 00 02 00 00 22 00 AB 0D 00 00 0C 34 
00 FF FF 00 22 0D 22 93 00 00 02 00 00 22 00 AC 0D 00 00 0A 87 
00 FF FF 00 22 0D 22 93 00 00 02 00 00 22 00 AD 0D 00 00 0B 5C 
00 FF FF 00 22 0D 22 93 00 00 02 00 00 22 00 AE 0D 00 00 09 3A 
00 FF FF 00 22 0D 22 93 00 00 02 00 00 22 00 AF 0D 00 00 08 29 
00 FF FF 00 22 0D 22 93 00 00 02 00 00 22 00 B0 0D 00 00 08 FD 
00 FF FF 00 22 0D 22 93 00 00 02 00 00 22 00 B1 0D 00 00 08 AE 
00 FF FF 00 22 0D 22 93 00 00 02 00 00 22 00 B2 0D 00 00 0A 21 
00 FF FF 00 22 0D 22 93 00 00 02 00 00 22 00 B3 0D 00 00 0C 64 
00 FF FF 00 22 0D 22 93 00 00 02 00 00 22 00 B4 0D 00 00 09 AE 
00 FF FF 00 22 0D 22 93 00 00 02 00 00 22 00 B5 0D 00 00 0A FC 
00 FF FF 00 22 0D 22 93 00 00 02 00 00 22 00 B6 0D 00 00 08 01 
00 FF FF 00 22 0D 22 93 00 00 02 00 00 22 00 B7 0D 00 00 0A 8A 
00 FF FF 00 22 0D 22 93 00 00 02 00 00 22 00 B8 0D 00 00 07 DF 
00 FF FF 00 22 0D 22 93 00 00 02 00 00 22 00 B9 0D 00 00 0A BD 
00 FF FF 00 22 0D 22 93 00 00 02 00 00 22 00 BA 0D 00 00 0A FB 
00 FF FF 00 22 0D 22 93 00 00 02 00 00 22 00 BB 0D 00 00 0E B0 
00 FF FF 00 22 0D 22 93 00 00 02 00 00 22 00 BC 0D 00 00 0A C5 
00 FF FF 00 22 0D 22 93 00 00 02 00 00 22 00 BD 0D 00 00 08 B9 
00 FF FF 00 22 0D 22 93 00 00 02 00 00 22 00 BE 0D 00 00 0A 7E 
00 FF FF 00 22 0D 22 93 00 00 02 00 00 22 00 BF 0D 00 00 10 55 
00 FF FF 00 22 0D 22 93 00 00 02 00 00 22 00 C0 0D 00 00 08 87 
00 FF FF 00 22 0D 22 93 00 00 02 00 00 22 00 C1 0D 00 00 19 AB 
00 FF FF 00 22 0D 22 93 00 00 02 00 00 22 00 C2 0D 00 00 0F 02 
00 FF FF 00 22 0D 22 93 00 00 02 00 00 22 00 C3 0D 00 00 08 5A 
00 FF FF 00 22 0D 22 93 00 00 02 00 00 22 00 C4 0D 00 00 09 8A 
00 FF FF 00 22 0D 22 93 00 00 02 00 00 22 00 C5 0D 00 00 08 C6 
00 FF FF 00 22 0D 22 93 00 00 02 00 00 22 00 C6 0D 00 00 11 5F 
00 FF FF 00 22 0D 22 93 00 00 02 00 00 22 00 C7 0D 00 00 18 E4 
00 FF FF 00 22 0D 22 93 00 00 02 00 00 22 00 C8 0D 00 00 0C 35 
00 FF FF 00 22 0D 22 93 00 00 02 00 00 22 00 C9 0D 00 00 07 E3 
00 FF FF 00 22 0D 22 93 00 00 02 00 00 22 00 CA 0D 00 00 09 E0 
00 FF FF 00 22 0D 22 93 00 00 02 00 00 22 00 CB 0D 00 00 08 51 
00 FF FF 00 22 0D 22 93 00 00 02 00 00 22 00 CC 0D 00 00 08 1B 
00 FF FF 00 22 0D 22 93 00 00 02 00 00 22 00 CD 0D 00 00 09 E1 
00 FF FF 00 22 0D 22 93 00 00 02 00 00 22 00 CE 0D 00 00 0A 4F 
00 FF FF 00 22 0D 22 93 00 00 02 00 00 22 00 CF 0D 00 00 0E 02 
00 FF FF 00 22 0D 22 93 00 00 02 00 00 22 00 D0 0D 00 00 0C 5C 
00 FF FF 00 22 0D 22 93 00 00 02 00 00 22 00 D1 0D 00 00 09 6F 
00 FF FF 00 22 0D 22 93 00 00 02 00 00 22 00 D2 0D 00 00 0C 60 
00 FF FF 00 22 0D 22 93 00 00 02 00 00 22 00 D3 0D 00 00 15 A9 
00 FF FF 00 22 0D 22 93 00 00 02 00 00 22 00 D4 0D 00 00 1A 9A 
00 FF FF 00 22 0D 22 93 00 00 02 00 00 22 00 D5 0D 00 00 0A 4F 
00 FF FF 00 22 0D 22 93 00 00 02 00 00 22 00 D6 0D 00 00 0D 44 
00 FF FF 00 22 0D 22 93 00 00 02 00 00 22 00 D7 0D 00 00 08 40 
00 FF FF 00 22 0D 22 93 00 00 02 00 00 22 00 D8 0D 00 00 09 1B 
00 FF FF 00 22 0D 22 93 00 00 02 00 00 22 00 D9 0D 00 00 20 8E 
00 FF FF 00 22 0D 22 93 00 00 02 00 00 22 00 DA 0D 00 00 10 2E 
00 FF FF 00 22 0D 22 93 00 00 02 00 00 22 00 DB 0D 00 00 09 14 
00 FF FF 00 22 0D 22 93 00 00 02 00 00 22 00 DC 0D 00 00 19 F7 
00 FF FF 00 22 0D 22 93 00 00 02 00 00 22 00 DD 0D 00 00 0B 6D 
00 FF FF 00 22 0D 22 93 00 00 02 00 00 22 00 DE 0D 00 00 0C 16 
00 FF FF 00 22 0D 22 93 00 00 02 00 00 22 00 DF 0D 00 00 0C 33 
00 FF FF 00 22 0D 22 93 00 00 02 00 00 22 00 E0 0D 00 00 09 A4 
00 FF FF 00 22 0D 22 93 00 00 02 00 00 22 00 E1 0D 00 00 09 39 
00 FF FF 00 22 0D 22 93 00 00 02 00 00 22 00 E2 0D 00 00 0E C9 
00 FF FF 00 22 0D 22 93 00 00 02 00 00 22 00 E3 0D 00 00 23 03 
00 FF FF 00 22 0D 22 93 00 00 02 00 00 22 00 E4 0D 00 00 08 1C 
00 FF FF 00 22 0D 22 93 00 00 02 00 00 22 00 E5 0D 00 00 08 3E 
00 FF FF 00 22 0D 22 93 00 00 02 00 00 22 00 E6 0D 00 00 08 30 
00 FF FF 00 22 0D 22 93 00 00 02 00 00 22 00 E8 0D 00 00 0E D6 
00 FF FF 00 22 0D 22 93 00 00 02 00 00 22 00 E9 0D 00 00 13 1F 
00 FF FF 00 22 0D 22 93 00 00 02 00 00 22 00 EA 0D 00 00 08 CA 
00 FF FF 00 22 0D 22 93 00 00 02 00 00 22 00 EB 0D 00 00 11 D1 
00 FF FF 00 22 0D 22 93 00 00 02 00 00 22 00 EC 0D 00 00 0B ED 
00 FF FF 00 22 0D 22 93 00 00 02 00 00 22 00 ED 0D 00 00 10 4C 
00 FF FF 00 22 0D 22 93 00 00 02 00 00 22 00 EE 0D 00 00 10 3B 
00 FF FF 00 22 0D 22 93 00 00 02 00 00 22 00 EF 0D 00 00 0D F2 
00 FF FF 00 22 0D 22 93 00 00 02 00 00 22 00 F0 0D 00 00 07 F0 
00 FF FF 00 22 0D 22 93 00 00 02 00 00 22 00 F1 0D 00 00 0E 3F 
00 FF FF 00 22 0D 22 93 00 00 02 00 00 22 00 F2 0D 00 00 10 4F 
00 FF FF 00 22 0D 22 93 00 00 02 00 00 22 00 F3 0D 00 00 0B 23 
00 FF FF 00 22 0D 22 93 00 00 02 00 00 22 00 F4 0D 00 00 0D 8A 
00 FF FF 00 22 0D 22 93 00 00 02 00 00 22 00 F5 0D 00 00 08 F7 
00 FF FF 00 22 0D 22 93 00 00 02 00 00 22 00 F6 0D 00 00 09 21 
00 FF FF 00 22 0D 22 93 00 00 02 00 00 22 00 F7 0D 00 00 09 EA 
00 FF FF 00 22 0D 22 93 00 00 02 00 00 22 00 F8 0D 00 00 0D E4 
00 FF FF 00 22 0D 22 93 00 00 02 00 00 22 00 F9 0D 00 00 09 51 
00 FF FF 00 22 0D 22 93 00 00 02 00 00 22 00 FA 0D 00 00 08 04 
00 FF FF 00 22 0D 22 93 00 00 02 00 00 22 00 FB 0D 00 00 18 7D 
00 FF FF 00 22 0D 22 93 00 00 02 00 00 22 00 FC 0D 00 00 0D 8F 
00 FF FF 00 22 0D 22 93 00 00 02 00 00 22 00 FD 0D 00 00 0D EE 
00 FF FF 00 22 0D 22 93 00 00 02 00 00 22 00 FE 0D 00 00 07 F2 
00 FF FF 00 22 0D 22 93 00 00 02 00 00 22 00 FF 0D 00 00 09 2E 
00 FF FF 00 22 0D 22 93 00 00 02 00 00 22 01 00 0D 00 00 0C 13 
00 FF FF 00 22 0D 22 93 00 00 02 00 00 22 01 01 0D 00 00 10 80 
00 FF FF 00 22 0D 22 93 00 00 02 00 00 22 01 02 0D 00 00 09 81 
00 FF FF 00 22 0D 22 93 00 00 02 00 00 22 01 03 0D 00 00 08 E3 
00 FF FF 00 22 0D 22 93 00 00 02 00 00 22 01 04 0D 00 00 08 1C 
00 FF FF 00 22 0D 22 93 00 00 02 00 00 22 01 05 0D 00 00 07 E7 
00 FF FF 00 22 0D 22 93 00 00 02 00 00 22 01 06 0D 00 00 0C 5B 
00 FF FF 00 22 0D 22 93 00 00 02 00 00 22 01 07 0D 00 00 0A 61 
00 FF FF 00 22 0D 22 93 00 00 02 00 00 22 01 08 0D 00 00 17 16 
00 FF FF 00 22 0D 22 93 00 00 02 00 00 22 01 09 0D 00 00 10 89 
00 FF FF 00 22 0D 22 93 00 00 02 00 00 22 01 0A 0D 00 00 08 A7 
00 FF FF 00 22 0D 22 93 00 00 02 00 00 22 01 0B 0D 00 00 0B 18 
00 FF FF 00 22 0D 22 93 00 00 02 00 00 22 01 0C 0D 00 00 0E 30 
00 FF FF 00 22 0D 22 93 00 00 02 00 00 22 01 0D 0D 00 00 0C 2C 
00 FF FF 00 22 0D 22 93 00 00 02 00 00 22 01 0E 0D 00 00 1A 64 
00 FF FF 00 22 0D 22 93 00 00 02 00 00 22 01 0F 0D 00 00 0A 79 
00 FF FF 00 22 0D 22 93 00 00 02 00 00 22 01 10 0D 00 00 0A E2 
00 FF FF 00 22 0D 22 93 00 00 02 00 00 22 01 11 0D 00 00 21 EC 
00 FF FF 00 22 0D 22 93 00 00 02 00 00 22 01 12 0D 00 00 0C DD 
00 FF FF 00 22 0D 22 93 00 00 02 00 00 22 01 13 0D 00 00 0D 77 
00 FF FF 00 22 0D 22 93 00 00 02 00 00 22 01 14 0D 00 00 0E 43 
00 FF FF 00 22 0D 22 93 00 00 02 00 00 22 01 15 0D 00 00 09 72 
00 FF FF 00 22 0D 22 93 00 00 02 00 00 22 01 16 0D 00 00 09 20 
00 FF FF 00 22 0D 22 93 00 00 02 00 00 22 01 17 0D 00 00 0A 13 
00 FF FF 00 22 0D 22 93 00 00 02 00 00 22 01 18 0D 00 00 09 07 
00 FF FF 00 22 0D 22 93 00 00 02 00 00 22 01 19 0D 00 00 11 34 
00 FF FF 00 22 0D 22 93 00 00 02 00 00 22 01 1A 0D 00 00 0B AC 
00 FF FF 00 22 0D 22 93 00 00 02 00 00 22 01 1B 0D 00 00 0C 32 
00 FF FF 00 22 0D 22 93 00 00 02 00 00 22 01 1C 0D 00 00 09 B5 
00 FF FF 00 22 0D 22 93 00 00 02 00 00 22 01 1D 0D 00 00 08 10 
00 FF FF 00 22 0D 22 93 00 00 02 00 00 22 01 1E 0D 00 00 0C E2 
00 FF FF 00 22 0D 22 93 00 00 02 00 00 22 01 1F 0D 00 00 0D 4E 
00 FF FF 00 22 0D 22 93 00 00 02 00 00 22 01 20 0D 00 00 13 07 
00 FF FF 00 22 0D 22 93 00 00 02 00 00 22 01 21 0D 00 00 0F 5A 
00 FF FF 00 22 0D 22 93 00 00 02 00 00 22 01 22 0D 00 00 08 E8 
00 FF FF 00 22 0D 22 93 00 00 02 00 00 22 01 23 0D 00 00 0A AE 
00 FF FF 00 22 0D 22 93 00 00 02 00 00 22 01 24 0D 00 00 08 64 
00 FF FF 00 22 0D 22 93 00 00 02 00 00 22 01 25 0D 00 00 10 85 
00 FF FF 00 22 0D 22 93 00 00 02 00 00 22 01 26 0D 00 00 0B 7B 
00 FF FF 00 22 0D 22 93 00 00 02 00 00 22 01 27 0D 00 00 08 34 
00 FF FF 00 22 0D 22 93 00 00 02 00 00 22 01 28 0D 00 00 0B 45 
00 FF FF 00 22 0D 22 93 00 00 02 00 00 22 01 29 0D 00 00 09 D0 
00 FF FF 00 22 0D 22 93 00 00 02 00 00 22 01 2A 0D 00 00 08 FC 
00 FF FF 00 22 0D 22 93 00 00 02 00 00 22 01 2B 0D 00 00 08 FE 
00 FF FF 00 22 0D 22 93 00 00 02 00 00 22 01 2D 0D 00 00 14 36 
00 FF FF 00 22 0D 22 93 00 00 02 00 00 22 01 2E 0D 00 00 0A B1 
00 FF FF 00 22 0D 22 93 00 00 02 00 00 22 01 2F 0D 00 00 0A F5 
00 FF FF 00 22 0D 22 93 00 00 02 00 00 22 01 30 0D 00 00 09 6C 
00 FF FF 00 22 0D 22 93 00 00 02 00 00 22 01 31 0D 00 00 09 C3 
00 FF FF 00 22 0D 22 93 00 00 02 00 00 22 01 32 0D 00 00 0C 0B 
00 FF FF 00 22 0D 22 93 00 00 02 00 00 22 01 33 0D 00 00 0D 8D 
00 FF FF 00 22 0D 22 93 00 00 02 00 00 22 01 34 0D 00 00 0C DF 
00 FF FF 00 22 0D 22 93 00 00 02 00 00 22 01 35 0D 00 00 08 78 
00 FF FF 00 22 0D 22 93 00 00 02 00 00 22 01 36 0D 00 00 0A 6C 
00 FF FF 00 22 0D 22 93 00 00 02 00 00 22 01 37 0D 00 00 0B 3B 
00 FF FF 00 22 0D 22 93 00 00 02 00 00 22 01 38 0D 00 00 0E 17 
00 FF FF 00 22 0D 22 93 00 00 02 00 00 22 01 39 0D 00 00 0F 1C 
00 FF FF 00 22 0D 22 93 00 00 02 00 00 22 01 3A 0D 00 00 08 70 
00 FF FF 00 22 0D 22 93 00 00 02 00 00 22 01 3B 0D 00 00 0B 9B 
00 FF FF 00 22 0D 22 93 00 00 02 00 00 22 01 3C 0D 00 00 0C 95 
00 FF FF 00 22 0D 22 93 00 00 02 00 00 22 01 3D 0D 00 00 0B 0A 
00 FF FF 00 22 0D 22 93 00 00 02 00 00 22 01 3E 0D 00 00 08 10 
00 FF FF 00 22 0D 22 93 00 00 02 00 00 22 01 3F 0D 00 00 09 17 
00 FF FF 00 22 0D 22 93 00 00 02 00 00 22 01 40 0D 00 00 07 DC 
00 FF FF 00 22 0D 22 93 00 00 02 00 00 22 01 41 0D 00 00 10 8D 
00 FF FF 00 22 0D 22 93 00 00 02 00 00 22 01 42 0D 00 00 0E 02 
00 FF FF 00 22 0D 22 93 00 00 02 00 00 22 01 43 0D 00 00 0A EF 
00 FF FF 00 22 0D 22 93 00 00 02 00 00 22 01 44 0D 00 00 09 58 
00 FF FF 00 22 0D 22 93 00 00 02 00 00 22 01 46 0D 00 00 0C CD 
00 FF FF 00 22 0D 22 93 00 00 02 00 00 22 01 47 0D 00 00 0B 54 
00 FF FF 00 22 0D 22 93 00 00 02 00 00 22 01 48 0D 00 00 0B 5C 
00 FF FF 00 22 0D 22 93 00 00 02 00 00 22 01 49 0D 00 00 09 41 
00 FF FF 00 22 0D 22 93 00 00 02 00 00 22 01 4A 0D 00 00 0A CD 
00 FF FF 00 22 0D 22 93 00 00 02 00 00 22 01 4B 0D 00 00 09 B7 
00 FF FF 00 22 0D 22 93 00 00 02 00 00 22 01 4C 0D 00 00 0C 56 
00 FF FF 00 22 0D 22 93 00 00 02 00 00 22 01 4D 0D 00 00 17 BD 
00 FF FF 00 22 0D 22 93 00 00 02 00 00 22 01 4E 0D 00 00 0F D7 
00 FF FF 00 22 0D 22 93 00 00 02 00 00 22 01 4F 0D 00 00 08 D0 
00 FF FF 00 22 0D 22 93 00 00 02 00 00 22 01 50 0D 00 00 0A 7D 
00 FF FF 00 22 0D 22 93 00 00 02 00 00 22 01 51 0D 00 00 07 DA 
00 FF FF 00 22 0D 22 93 00 00 02 00 00 22 01 52 0D 00 00 09 04 
00 FF FF 00 22 0D 22 93 00 00 02 00 00 22 01 53 0D 00 00 08 13 
00 FF FF 00 22 0D 22 93 00 00 02 00 00 22 01 54 0D 00 00 11 27 
00 FF FF 00 22 0D 22 93 00 00 02 00 00 22 01 55 0D 00 00 0F 11 
00 FF FF 00 22 0D 22 93 00 00 02 00 00 22 01 57 0D 00 00 0D 13 
00 FF FF 00 22 0D 22 93 00 00 02 00 00 22 01 58 0D 00 00 16 59 
00 FF FF 00 22 0D 22 93 00 00 02 00 00 22 01 59 0D 00 00 1B 0D 
00 FF FF 00 22 0D 22 93 00 00 02 00 00 22 01 5A 0D 00 00 0A 92 
00 FF FF 00 22 0D 22 93 00 00 02 00 00 22 01 5B 0D 00 00 15 C3 
00 FF FF 00 22 0D 22 93 00 00 02 00 00 22 01 5C 0D 00 00 08 C0 
00 FF FF 00 22 0D 22 93 00 00 02 00 00 22 01 5E 0D 00 00 16 9D 
00 FF FF 00 22 0D 22 93 00 00 02 00 00 22 01 5F 0D 00 00 0B F7 
00 FF FF 00 22 0D 22 93 00 00 02 00 00 22 01 60 0D 00 00 08 0D 
00 FF FF 00 22 0D 22 93 00 00 02 00 00 22 01 61 0D 00 00 08 0F 
00 FF FF 00 22 0D 22 93 00 00 02 00 00 22 01 62 0D 00 00 0A 83 
00 FF FF 00 22 0D 22 93 00 00 02 00 00 22 01 63 0D 00 00 0D 24 
00 FF FF 00 22 0D 22 93 00 00 02 00 00 22 01 64 0D 00 00 07 FF 
00 FF FF 00 22 0D 22 93 00 00 02 00 00 22 01 65 0D 00 00 0C 23 
00 FF FF 00 22 0D 22 93 00 00 02 00 00 22 01 66 0D 00 00 0B D8 
00 FF FF 00 22 0D 22 93 00 00 02 00 00 22 01 67 0D 00 00 0F A9 
00 FF FF 00 22 0D 22 93 00 00 02 00 00 22 01 68 0D 00 00 08 AB 
00 FF FF 00 22 0D 22 93 00 00 02 00 00 22 01 69 0D 00 00 08 77 
00 FF FF 00 22 0D 22 93 00 00 02 00 00 22 01 6A 0D 00 00 16 AD 
00 FF FF 00 22 0D 22 93 00 00 02 00 00 22 01 6B 0D 00 00 08 00 
00 FF FF 00 22 0D 22 93 00 00 02 00 00 22 01 6C 0D 00 00 09 CE 
00 FF FF 00 22 0D 22 93 00 00 02 00 00 22 01 6D 0D 00 00 0B C6 
00 FF FF 00 22 0D 22 93 00 00 02 00 00 22 01 6E 0D 00 00 0B 95 
00 FF FF 00 22 0D 22 93 00 00 02 00 00 22 01 6F 0D 00 00 16 AF 
00 FF FF 00 22 0D 22 93 00 00 02 00 00 22 01 70 0D 00 00 0C D7 
00 FF FF 00 22 0D 22 93 00 00 02 00 00 22 01 71 0D 00 00 09 B1 
00 FF FF 00 22 0D 22 93 00 00 02 00 00 22 01 72 0D 00 00 0D 12 
00 FF FF 00 22 0D 22 93 00 00 02 00 00 22 01 73 0D 00 00 0A D6 
00 FF FF 00 22 0D 22 93 00 00 02 00 00 22 01 74 0D 00 00 0C 04 
00 FF FF 00 22 0D 22 93 00 00 02 00 00 22 01 75 0D 00 00 0C DD 
00 FF FF 00 22 0D 22 93 00 00 02 00 00 22 01 76 0D 00 00 08 9C 
00 FF FF 00 22 0D 22 93 00 00 02 00 00 22 01 77 0D 00 00 09 9C 
00 FF FF 00 22 0D 22 93 00 00 02 00 00 22 01 78 0D 00 00 08 F4 
00 FF FF 00 22 0D 22 93 00 00 02 00 00 22 01 79 0D 00 00 0D 22 
00 FF FF 00 22 0D 22 93 00 00 02 00 00 22 01 7A 0D 00 00 09 40 
00 FF FF 00 22 0D 22 93 00 00 02 00 00 22 01 7B 0D 00 00 0E 3B 
00 FF FF 00 22 0D 22 93 00 00 02 00 00 22 01 7C 0D 00 00 0B A4 
00 FF FF 00 22 0D 22 93 00 00 02 00 00 22 01 7D 0D 00 00 08 53 
00 FF FF 00 22 0D 22 93 00 00 02 00 00 22 01 7F 0D 00 00 07 DF 
00 FF FF 00 22 0D 22 93 00 00 02 00 00 22 01 80 0D 00 00 08 90 
00 FF FF 00 22 0D 22 93 00 00 02 00 00 22 01 81 0D 00 00 08 06 
00 FF FF 00 22 0D 22 93 00 00 02 00 00 22 01 82 0D 00 00 09 E2 
00 FF FF 00 22 0D 22 93 00 00 02 00 00 22 01 83 0D 00 00 0C 40 
00 FF FF 00 22 0D 22 93 00 00 02 00 00 22 01 84 0D 00 00 08 59 
00 FF FF 00 22 0D 22 93 00 00 02 00 00 22 01 85 0D 00 00 08 A7 
00 FF FF 00 22 0D 22 93 00 00 02 00 00 22 01 86 0D 00 00 08 8F 
00 FF FF 00 22 0D 22 93 00 00 02 00 00 22 01 87 0D 00 00 0B 0E 
00 FF FF 00 22 0D 22 93 00 00 02 00 00 22 01 88 0D 00 00 0A C3 
00 FF FF 00 22 0D 22 93 00 00 02 00 00 22 01 89 0D 00 00 0A 63 
00 FF FF 00 22 0D 22 93 00 00 02 00 00 22 01 8A 0D 00 00 0C 5A 
00 FF FF 00 22 0D 22 93 00 00 02 00 00 22 01 8B 0D 00 00 0C 4C 
00 FF FF 00 22 0D 22 93 00 00 02 00 00 22 01 8C 0D 00 00 09 EA 
00 FF FF 00 22 0D 22 93 00 00 02 00 00 22 01 8D 0D 00 00 09 C2 
00 FF FF 00 22 0D 22 93 00 00 02 00 00 22 01 8E 0D 00 00 09 33 
00 FF FF 00 22 0D 22 93 00 00 02 00 00 22 01 8F 0D 00 00 0A 07 
00 FF FF 00 22 0D 22 93 00 00 02 00 00 22 01 90 0D 00 00 09 C2 
00 FF FF 00 22 0D 22 93 00 00 02 00 00 22 01 91 0D 00 00 07 EA 
00 FF FF 00 22 0D 22 93 00 00 02 00 00 22 01 92 0D 00 00 0B 70 
00 FF FF 00 22 0D 22 93 00 00 02 00 00 22 01 93 0D 00 00 0A 1D 
00 FF FF 00 22 0D 22 93 00 00 02 00 00 22 01 94 0D 00 00 0A 6B 
00 FF FF 00 22 0D 22 93 00 00 02 00 00 22 01 95 0D 00 00 0A A3 
00 FF FF 00 22 0D 22 93 00 00 02 00 00 22 01 96 0D 00 00 0B BF 
00 FF FF 00 22 0D 22 93 00 00 02 00 00 22 01 97 0D 00 00 0B 56 
00 FF FF 00 22 0D 22 93 00 00 02 00 00 22 01 98 0D 00 00 0B 43 
00 FF FF 00 22 0D 22 93 00 00 02 00 00 22 01 99 0D 00 00 0C 31 
00 FF FF 00 22 0D 22 93 00 00 02 00 00 22 01 9A 0D 00 00 0A 01 
00 FF FF 00 22 0D 22 93 00 00 02 00 00 22 01 9B 0D 00 00 07 EE 
00 FF FF 00 22 0D 22 93 00 00 02 00 00 22 01 9C 0D 00 00 0D 0F 
00 FF FF 00 22 0D 22 93 00 00 02 00 00 22 01 9D 0D 00 00 0E FE 
00 FF FF 00 22 0D 22 93 00 00 02 00 00 22 01 9E 0D 00 00 0C 50 
00 FF FF 00 22 0D 22 93 00 00 02 00 00 22 01 9F 0D 00 00 0A B2 
00 FF FF 00 22 0D 22 93 00 00 02 00 00 22 01 A0 0D 00 00 0B 07 
00 FF FF 00 22 0D 22 93 00 00 02 00 00 22 01 A1 0D 00 00 07 D5 
00 FF FF 00 22 0D 22 93 00 00 02 00 00 22 01 A2 0D 00 00 0B 77 
00 FF FF 00 22 0D 22 93 00 00 02 00 00 22 01 A3 0D 00 00 0B E3 
00 FF FF 00 22 0D 22 93 00 00 02 00 00 22 01 A4 0D 00 00 08 14 
00 FF FF 00 22 0D 22 93 00 00 02 00 00 22 01 A5 0D 00 00 09 2C 
00 FF FF 00 22 0D 22 93 00 00 02 00 00 22 01 A6 0D 00 00 08 19 
00 FF FF 00 22 0D 22 93 00 00 02 00 00 22 01 A7 0D 00 00 0A DE 
00 FF FF 00 22 0D 22 93 00 00 02 00 00 22 01 A8 0D 00 00 0C 99 
00 FF FF 00 22 0D 22 93 00 00 02 00 00 22 01 A9 0D 00 00 0A 58 
00 FF FF 00 22 0D 22 93 00 00 02 00 00 22 01 AA 0D 00 00 0B 60 
00 FF FF 00 22 0D 22 93 00 00 02 00 00 22 01 AB 0D 00 00 0E B2 
00 FF FF 00 22 0D 22 93 00 00 02 00 00 22 01 AC 0D 00 00 0B 9A 
00 FF FF 00 22 0D 22 93 00 00 02 00 00 22 01 AD 0D 00 00 0D 18 
00 FF FF 00 22 0D 22 93 00 00 02 00 00 22 01 AE 0D 00 00 0B 7A 
00 FF FF 00 22 0D 22 93 00 00 02 00 00 22 01 AF 0D 00 00 08 8F 
00 FF FF 00 22 0D 22 93 00 00 02 00 00 22 01 B0 0D 00 00 12 3F 
00 FF FF 00 22 0D 22 93 00 00 02 00 00 22 01 B1 0D 00 00 09 3D 
00 FF FF 00 22 0D 22 93 00 00 02 00 00 22 01 B2 0D 00 00 13 B9 
00 FF FF 00 22 0D 22 93 00 00 02 00 00 22 01 B3 0D 00 00 15 02 
00 FF FF 00 22 0D 22 93 00 00 02 00 00 22 01 B4 0D 00 00 08 18 
00 FF FF 00 22 0D 22 93 00 00 02 00 00 22 01 B5 0D 00 00 0B 84 
00 FF FF 00 22 0D 22 93 00 00 02 00 00 22 01 B6 0D 00 00 08 A3 
00 FF FF 00 22 0D 22 93 00 00 02 00 00 22 01 B7 0D 00 00 19 A2 
00 FF FF 00 22 0D 22 93 00 00 02 00 00 22 01 B8 0D 00 00 17 14 
00 FF FF 00 22 0D 22 93 00 00 02 00 00 22 01 B9 0D 00 00 0F 7B 
00 FF FF 00 22 0D 22 93 00 00 02 00 00 22 01 BA 0D 00 00 0A 84 
00 FF FF 00 22 0D 22 93 00 00 02 00 00 22 01 BB 0D 00 00 0A C2 
00 FF FF 00 22 0D 22 93 00 00 02 00 00 22 01 BC 0D 00 00 09 F9 
00 FF FF 00 22 0D 22 93 00 00 02 00 00 22 01 BD 0D 00 00 0E FE 
00 FF FF 00 22 0D 22 93 00 00 02 00 00 22 01 BE 0D 00 00 08 60 
00 FF FF 00 22 0D 22 93 00 00 02 00 00 22 01 BF 0D 00 00 07 F0 
00 FF FF 00 22 0D 22 93 00 00 02 00 00 22 01 C0 0D 00 00 0A B7 
00 FF FF 00 22 0D 22 93 00 00 02 00 00 22 01 C1 0D 00 00 0D A8 
00 FF FF 00 22 0D 22 93 00 00 02 00 00 22 01 C2 0D 00 00 0B CB 
00 FF FF 00 22 0D 22 93 00 00 02 00 00 22 01 C3 0D 00 00 08 5E 
00 FF FF 00 22 0D 22 93 00 00 02 00 00 22 01 C4 0D 00 00 0C 07 
00 FF FF 00 22 0D 22 93 00 00 02 00 00 22 01 C5 0D 00 00 0D 3B 
00 FF FF 00 22 0D 22 93 00 00 02 00 00 22 01 C6 0D 00 00 08 A3 
00 FF FF 00 22 0D 22 93 00 00 02 00 00 22 01 C7 0D 00 00 09 6B 
00 FF FF 00 22 0D 22 93 00 00 02 00 00 22 01 C8 0D 00 00 08 C1 
00 FF FF 00 22 0D 22 93 00 00 02 00 00 22 01 C9 0D 00 00 12 9D 
00 FF FF 00 22 0D 22 93 00 00 02 00 00 22 01 CA 0D 00 00 25 5B 
00 FF FF 00 22 0D 22 93 00 00 02 00 00 22 01 CB 0D 00 00 0A 06 
00 FF FF 00 22 0D 22 93 00 00 02 00 00 22 01 CC 0D 00 00 0A 3C 
00 FF FF 00 22 0D 22 93 00 00 02 00 00 22 01 CD 0D 00 00 0B 96 
00 FF FF 00 22 0D 22 93 00 00 02 00 00 22 01 CE 0D 00 00 07 F7 
00 FF FF 00 22 0D 22 93 00 00 02 00 00 22 01 CF 0D 00 00 0D 2D 
00 FF FF 00 22 0D 22 93 00 00 02 00 00 22 01 D0 0D 00 00 14 AA 
00 FF FF 00 22 0D 22 93 00 00 02 00 00 22 01 D1 0D 00 00 0A 08 
00 FF FF 00 22 0D 22 93 00 00 02 00 00 22 01 D2 0D 00 00 08 82 
00 FF FF 00 22 0D 22 93 00 00 02 00 00 22 01 D3 0D 00 00 08 DB 
00 FF FF 00 22 0D 22 93 00 00 02 00 00 22 01 D4 0D 00 00 1B AD 
00 FF FF 00 22 0D 22 93 00 00 02 00 00 22 01 D5 0D 00 00 0A F2 
00 FF FF 00 22 0D 22 93 00 00 02 00 00 22 01 D6 0D 00 00 0D E0 
00 FF FF 00 22 0D 22 93 00 00 02 00 00 22 01 D7 0D 00 00 0A 7F 
00 FF FF 00 22 0D 22 93 00 00 02 00 00 22 01 D8 0D 00 00 0D 5F 
00 FF FF 00 22 0D 22 93 00 00 02 00 00 22 01 D9 0D 00 00 0C 0D 
00 FF FF 00 22 0D 22 93 00 00 02 00 00 22 01 DA 0D 00 00 1C D3 
00 FF FF 00 22 0D 22 93 00 00 02 00 00 22 01 DB 0D 00 00 0B 01 
00 FF FF 00 22 0D 22 93 00 00 02 00 00 22 01 DC 0D 00 00 0D 26 
00 FF FF 00 22 0D 22 93 00 00 02 00 00 22 01 DD 0D 00 00 07 E6 
00 FF FF 00 22 0D 22 93 00 00 02 00 00 22 01 DE 0D 00 00 0C 71 
00 FF FF 00 22 0D 22 93 00 00 02 00 00 22 01 DF 0D 00 00 0A C6 
00 FF FF 00 22 0D 22 93 00 00 02 00 00 22 01 E0 0D 00 00 10 14 
00 FF FF 00 22 0D 22 93 00 00 02 00 00 22 01 E1 0D 00 00 0B C7 
00 FF FF 00 22 0D 22 93 00 00 02 00 00 22 01 E3 0D 00 00 08 8C 
00 FF FF 00 22 0D 22 93 00 00 02 00 00 22 01 E4 0D 00 00 07 FC 
00 FF FF 00 22 0D 22 93 00 00 02 00 00 22 01 E5 0D 00 00 08 95 
00 FF FF 00 22 0D 22 93 00 00 02 00 00 22 01 E6 0D 00 00 1B 52 
00 FF FF 00 22 0D 22 93 00 00 02 00 00 22 01 E7 0D 00 00 0F 4B 
00 FF FF 00 22 0D 22 93 00 00 02 00 00 22 01 E9 0D 00 00 15 08 
00 FF FF 00 22 0D 22 93 00 00 02 00 00 22 01 EA 0D 00 00 08 1A 
00 FF FF 00 22 0D 22 93 00 00 02 00 00 22 01 EB 0D 00 00 0A BF 
00 FF FF 00 22 0D 22 93 00 00 02 00 00 22 01 EC 0D 00 00 13 9F 
00 FF FF 00 22 0D 22 93 00 00 02 00 00 22 01 ED 0D 00 00 08 A9 
00 FF FF 00 22 0D 22 93 00 00 02 00 00 22 01 EE 0D 00 00 0C 75 
00 FF FF 00 22 0D 22 93 00 00 02 00 00 22 01 EF 0D 00 00 08 C5 
00 FF FF 00 22 0D 22 93 00 00 02 00 00 22 01 F0 0D 00 00 09 90 
00 FF FF 00 22 0D 22 93 00 00 02 00 00 22 01 F1 0D 00 00 10 A2 
00 FF FF 00 22 0D 22 93 00 00 02 00 00 22 01 F2 0D 00 00 0C A1 
00 FF FF 00 22 0D 22 93 00 00 02 00 00 22 01 F3 0D 00 00 14 E7 
00 FF FF 00 22 0D 22 93 00 00 02 00 00 22 01 F4 0D 00 00 1E CF 
00 FF FF 00 22 0D 22 93 00 00 02 00 00 22 01 F5 0D 00 00 0C 90 
00 FF FF 00 22 0D 22 93 00 00 02 00 00 22 01 F7 0D 00 00 0A 02 
00 FF FF 00 22 0D 22 93 00 00 02 00 00 22 01 F9 0D 00 00 11 4B 
00 FF FF 00 22 0D 22 93 00 00 02 00 00 22 01 FA 0D 00 00 08 C0 
00 FF FF 00 22 0D 22 93 00 00 02 00 00 22 01 FB 0D 00 00 0B BB 
00 FF FF 00 22 0D 22 93 00 00 02 00 00 22 01 FC 0D 00 00 0B 33 
00 FF FF 00 22 0D 22 93 00 00 02 00 00 22 01 FD 0D 00 00 09 BC 
00 FF FF 00 22 0D 22 93 00 00 02 00 00 22 01 FE 0D 00 00 1E F5 
00 FF FF 00 22 0D 22 93 00 00 02 00 00 22 01 FF 0D 00 00 0E DB 
00 FF FF 00 22 0D 22 93 00 00 02 00 00 22 02 00 0D 00 00 0D FC 
00 FF FF 00 22 0D 22 93 00 00 02 00 00 22 02 01 0D 00 00 0C 3E 
00 FF FF 00 22 0D 22 93 00 00 02 00 00 22 02 02 0D 00 00 0A 70 
00 FF FF 00 22 0D 22 93 00 00 02 00 00 22 02 03 0D 00 00 08 F0 
00 FF FF 00 22 0D 22 93 00 00 02 00 00 22 02 04 0D 00 00 0F 41 
00 FF FF 00 22 0D 22 93 00 00 02 00 00 22 02 05 0D 00 00 19 78 
00 FF FF 00 22 0D 22 93 00 00 02 00 00 22 02 06 0D 00 00 08 6B 
00 FF FF 00 22 0D 22 93 00 00 02 00 00 22 02 07 0D 00 00 0B F5 
00 FF FF 00 22 0D 22 93 00 00 02 00 00 22 02 08 0D 00 00 0D C0 
00 FF FF 00 22 0D 22 93 00 00 02 00 00 22 02 09 0D 00 00 0B C3 
00 FF FF 00 22 0D 22 93 00 00 02 00 00 22 02 0A 0D 00 00 18 B3 
00 FF FF 00 22 0D 22 93 00 00 02 00 00 22 02 0B 0D 00 00 0B AB 
00 FF FF 00 22 0D 22 93 00 00 02 00 00 22 02 0D 0D 00 00 0D 56 
00 FF FF 00 22 0D 22 93 00 00 02 00 00 22 02 0E 0D 00 00 08 9A 
00 FF FF 00 22 0D 22 93 00 00 02 00 00 22 02 0F 0D 00 00 09 47 
00 FF FF 00 22 0D 22 93 00 00 02 00 00 22 02 10 0D 00 00 0C 65 
00 FF FF 00 22 0D 22 93 00 00 02 00 00 22 02 11 0D 00 00 0B A3 
00 FF FF 00 22 0D 22 93 00 00 02 00 00 22 02 12 0D 00 00 19 D3 
00 FF FF 00 22 0D 22 93 00 00 02 00 00 22 02 13 0D 00 00 0C A1 
00 FF FF 00 22 0D 22 93 00 00 02 00 00 22 02 14 0D 00 00 0A 2D 
00 FF FF 00 22 0D 22 93 00 00 02 00 00 22 02 15 0D 00 00 08 4B 
00 FF FF 00 22 0D 22 93 00 00 02 00 00 22 02 16 0D 00 00 0A 2B 
00 FF FF 00 22 0D 22 93 00 00 02 00 00 22 02 17 0D 00 00 0B C4 
00 FF FF 00 22 0D 22 93 00 00 02 00 00 22 02 18 0D 00 00 0B 1D 
00 FF FF 00 22 0D 22 93 00 00 02 00 00 22 02 19 0D 00 00 0D 10 
00 FF FF 00 22 0D 22 93 00 00 02 00 00 22 02 1A 0D 00 00 0A 77 
00 FF FF 00 22 0D 22 93 00 00 02 00 00 22 02 1C 0D 00 00 0B 59 
00 FF FF 00 22 0D 22 93 00 00 02 00 00 22 02 1D 0D 00 00 0F DA 
00 FF FF 00 22 0D 22 93 00 00 02 00 00 22 02 1E 0D 00 00 0B 7E 
00 FF FF 00 22 0D 22 93 00 00 02 00 00 22 02 1F 0D 00 00 0A 36 
00 FF FF 00 22 0D 22 93 00 00 02 00 00 22 02 20 0D 00 00 0F 60 
00 FF FF 00 22 0D 22 93 00 00 02 00 00 22 02 21 0D 00 00 0B 6C 
00 FF FF 00 22 0D 22 93 00 00 02 00 00 22 02 22 0D 00 00 08 1F 
00 FF FF 00 22 0D 22 93 00 00 02 00 00 22 02 23 0D 00 00 08 C6 
00 FF FF 00 22 0D 22 93 00 00 02 00 00 22 02 24 0D 00 00 0D FF 
00 FF FF 00 22 0D 22 93 00 00 02 00 00 22 02 25 0D 00 00 0F E9 
00 FF FF 00 22 0D 22 93 00 00 02 00 00 22 02 26 0D 00 00 0B 9C 
00 FF FF 00 22 0D 22 93 00 00 02 00 00 22 02 27 0D 00 00 14 44 
00 FF FF 00 22 0D 22 93 00 00 02 00 00 22 02 28 0D 00 00 09 5A 
00 FF FF 00 22 0D 22 93 00 00 02 00 00 22 02 29 0D 00 00 08 75 
00 FF FF 00 22 0D 22 93 00 00 02 00 00 22 02 2A 0D 00 00 09 00 
00 FF FF 00 22 0D 22 93 00 00 02 00 00 22 02 2B 0D 00 00 09 BF 
00 FF FF 00 22 0D 22 93 00 00 02 00 00 22 02 2C 0D 00 00 17 3E 
00 FF FF 00 22 0D 22 93 00 00 02 00 00 22 02 2D 0D 00 00 15 C4 
00 FF FF 00 22 0D 22 93 00 00 02 00 00 22 02 2E 0D 00 00 0F 2A 
00 FF FF 00 22 0D 22 93 00 00 02 00 00 22 02 2F 0D 00 00 0D 96 
00 FF FF 00 22 0D 22 93 00 00 02 00 00 22 02 31 0D 00 00 16 17 
00 FF FF 00 22 0D 22 93 00 00 02 00 00 22 02 32 0D 00 00 10 54 
00 FF FF 00 22 0D 22 93 00 00 02 00 00 22 02 33 0D 00 00 08 51 
00 FF FF 00 22 0D 22 93 00 00 02 00 00 22 02 34 0D 00 00 0D 83 
00 FF FF 00 22 0D 22 93 00 00 02 00 00 22 02 35 0D 00 00 0A C2 
00 FF FF 00 22 0D 22 93 00 00 02 00 00 22 02 36 0D 00 00 0E 36 
00 FF FF 00 22 0D 22 93 00 00 02 00 00 22 02 37 0D 00 00 13 7E 
00 FF FF 00 22 0D 22 93 00 00 02 00 00 22 02 38 0D 00 00 0F D5 
00 FF FF 00 22 0D 22 93 00 00 02 00 00 22 02 39 0D 00 00 1E 0C 
00 FF FF 00 22 0D 22 93 00 00 02 00 00 22 02 3A 0D 00 00 0B 90 
00 FF FF 00 22 0D 22 93 00 00 02 00 00 22 02 3B 0D 00 00 0A 26 
00 FF FF 00 22 0D 22 93 00 00 02 00 00 22 02 3C 0D 00 00 09 10 
00 FF FF 00 22 0D 22 93 00 00 02 00 00 22 02 3D 0D 00 00 0B 62 
00 FF FF 00 22 0D 22 93 00 00 02 00 00 22 02 3E 0D 00 00 0A 62 
00 FF FF 00 22 0D 22 93 00 00 02 00 00 22 02 3F 0D 00 00 0E F4 
00 FF FF 00 22 0D 22 93 00 00 02 00 00 22 02 40 0D 00 00 0D CB 
00 FF FF 00 22 0D 22 93 00 00 02 00 00 22 02 41 0D 00 00 10 D7 
00 FF FF 00 22 0D 22 93 00 00 02 00 00 22 02 42 0D 00 00 0E 93 
00 FF FF 00 22 0D 22 93 00 00 02 00 00 22 02 43 0D 00 00 07 DE 
00 FF FF 00 22 0D 22 93 00 00 02 00 00 22 02 44 0D 00 00 09 E6 
00 FF FF 00 22 0D 22 93 00 00 02 00 00 22 02 45 0D 00 00 09 AA 
00 FF FF 00 22 0D 22 93 00 00 02 00 00 22 02 46 0D 00 00 0E 78 
00 FF FF 00 22 0D 22 93 00 00 02 00 00 22 02 47 0D 00 00 13 0B 
00 FF FF 00 22 0D 22 93 00 00 02 00 00 22 02 48 0D 00 00 0A 64 
00 FF FF 00 22 0D 22 93 00 00 02 00 00 22 02 4A 0D 00 00 09 59 
00 FF FF 00 22 0D 22 93 00 00 02 00 00 22 02 4B 0D 00 00 08 6E 
00 FF FF 00 22 0D 22 93 00 00 02 00 00 22 02 4C 0D 00 00 09 A8 
00 FF FF 00 22 0D 22 93 00 00 02 00 00 22 02 4D 0D 00 00 13 3B 
00 FF FF 00 22 0D 22 93 00 00 02 00 00 22 02 4E 0D 00 00 0E B4 
00 FF FF 00 22 0D 22 93 00 00 02 00 00 22 02 4F 0D 00 00 0F 31 
00 FF FF 00 22 0D 22 93 00 00 02 00 00 22 02 50 0D 00 00 0E F0 
00 FF FF 00 22 0D 22 93 00 00 02 00 00 22 02 51 0D 00 00 08 28 
00 FF FF 00 22 0D 22 93 00 00 02 00 00 22 02 52 0D 00 00 08 A0 
00 FF FF 00 22 0D 22 93 00 00 02 00 00 22 02 53 0D 00 00 23 51 
00 FF FF 00 22 0D 22 93 00 00 02 00 00 22 02 54 0D 00 00 18 2B 
00 FF FF 00 22 0D 22 93 00 00 02 00 00 22 02 55 0D 00 00 21 07 
00 FF FF 00 22 0D 22 93 00 00 02 00 00 22 02 56 0D 00 00 0D 8F 
00 FF FF 00 22 0D 22 93 00 00 02 00 00 22 02 57 0D 00 00 0A 6E 
00 FF FF 00 22 0D 22 93 00 00 02 00 00 22 02 58 0D 00 00 09 BB 
00 FF FF 00 22 0D 22 93 00 00 02 00 00 22 02 59 0D 00 00 0A 8B 
00 FF FF 00 22 0D 22 93 00 00 02 00 00 22 02 5A 0D 00 00 0B E1 
00 FF FF 00 22 0D 22 93 00 00 02 00 00 22 02 5C 0D 00 00 0C 13 
00 FF FF 00 22 0D 22 93 00 00 02 00 00 22 02 5E 0D 00 00 09 30 
00 FF FF 00 22 0D 22 93 00 00 02 00 00 22 02 5F 0D 00 00 0B B4 
00 FF FF 00 22 0D 22 93 00 00 02 00 00 22 02 60 0D 00 00 17 51 
00 FF FF 00 22 0D 22 93 00 00 02 00 00 22 02 61 0D 00 00 10 7C 
00 FF FF 00 22 0D 22 93 00 00 02 00 00 22 02 62 0D 00 00 0B C3 
00 FF FF 00 22 0D 22 93 00 00 02 00 00 22 02 63 0D 00 00 10 71 
00 FF FF 00 22 0D 22 93 00 00 02 00 00 22 02 64 0D 00 00 0D 7A 
00 FF FF 00 22 0D 22 93 00 00 02 00 00 22 02 65 0D 00 00 09 9D 
00 FF FF 00 22 0D 22 93 00 00 02 00 00 22 02 66 0D 00 00 07 D1 
00 FF FF 00 22 0D 22 93 00 00 02 00 00 22 02 67 0D 00 00 0A 76 
00 FF FF 00 22 0D 22 93 00 00 02 00 00 22 02 68 0D 00 00 08 E5 
00 FF FF 00 22 0D 22 93 00 00 02 00 00 22 02 69 0D 00 00 0C 27 
00 FF FF 00 22 0D 22 93 00 00 02 00 00 22 02 6A 0D 00 00 09 89 
00 FF FF 00 22 0D 22 93 00 00 02 00 00 22 02 6B 0D 00 00 08 33 
00 FF FF 00 22 0D 22 93 00 00 02 00 00 22 02 6C 0D 00 00 11 5C 
00 FF FF 00 22 0D 22 93 00 00 02 00 00 22 02 6E 0D 00 00 0E EA 
00 FF FF 00 22 0D 22 93 00 00 02 00 00 22 02 6F 0D 00 00 0A 20 
00 FF FF 00 22 0D 22 93 00 00 02 00 00 22 02 70 0D 00 00 0A 78 
00 FF FF 00 22 0D 22 93 00 00 02 00 00 22 02 71 0D 00 00 08 09 
00 FF FF 00 22 0D 22 93 00 00 02 00 00 22 02 72 0D 00 00 0E 6F 
00 FF FF 00 22 0D 22 93 00 00 02 00 00 22 02 73 0D 00 00 0D 57 
00 FF FF 00 22 0D 22 93 00 00 02 00 00 22 02 74 0D 00 00 08 44 
00 FF FF 00 22 0D 22 93 00 00 02 00 00 22 02 76 0D 00 00 0A 20 
00 FF FF 00 22 0D 22 93 00 00 02 00 00 22 02 77 0D 00 00 08 AA 
00 FF FF 00 22 0D 22 93 00 00 02 00 00 22 02 78 0D 00 00 0A 13 
00 FF FF 00 22 0D 22 93 00 00 02 00 00 22 02 79 0D 00 00 0A D7 
00 FF FF 00 22 0D 22 93 00 00 02 00 00 22 02 7A 0D 00 00 09 31 
00 FF FF 00 22 0D 22 93 00 00 02 00 00 22 02 7B 0D 00 00 09 8F 
00 FF FF 00 22 0D 22 93 00 00 02 00 00 22 02 7C 0D 00 00 09 36 
00 FF FF 00 22 0D 22 93 00 00 02 00 00 22 02 7D 0D 00 00 08 6E 
00 FF FF 00 22 0D 22 93 00 00 02 00 00 22 02 7E 0D 00 00 08 EC 
00 FF FF 00 22 0D 22 93 00 00 02 00 00 22 02 7F 0D 00 00 10 75 
00 FF FF 00 22 0D 22 93 00 00 02 00 00 22 02 80 0D 00 00 0F 77 
00 FF FF 00 22 0D 22 93 00 00 02 00 00 22 02 81 0D 00 00 0E 78 
00 FF FF 00 22 0D 22 93 00 00 02 00 00 22 02 82 0D 00 00 08 5D 
00 FF FF 00 22 0D 22 93 00 00 02 00 00 22 02 83 0D 00 00 09 3E 
00 FF FF 00 22 0D 22 93 00 00 02 00 00 22 02 84 0D 00 00 08 2E 
00 FF FF 00 22 0D 22 93 00 00 02 00 00 22 02 85 0D 00 00 0E 6B 
00 FF FF 00 22 0D 22 93 00 00 02 00 00 22 02 86 0D 00 00 09 E7 
00 FF FF 00 22 0D 22 93 00 00 02 00 00 22 02 87 0D 00 00 0A 90 
00 FF FF 00 22 0D 22 93 00 00 02 00 00 22 02 88 0D 00 00 0B 0F 
00 FF FF 00 22 0D 22 93 00 00 02 00 00 22 02 89 0D 00 00 0C 5F 
00 FF FF 00 22 0D 22 93 00 00 02 00 00 22 02 8A 0D 00 00 09 04 
00 FF FF 00 22 0D 22 93 00 00 02 00 00 22 02 8B 0D 00 00 09 7F 
00 FF FF 00 22 0D 22 93 00 00 02 00 00 22 02 8C 0D 00 00 0A B1 
00 FF FF 00 22 0D 22 93 00 00 02 00 00 22 02 8D 0D 00 00 0A 59 
00 FF FF 00 22 0D 22 93 00 00 02 00 00 22 02 8E 0D 00 00 0A 2B 
00 FF FF 00 22 0D 22 93 00 00 02 00 00 22 02 8F 0D 00 00 09 16 
00 FF FF 00 22 0D 22 93 00 00 02 00 00 22 02 90 0D 00 00 0E EB 
00 FF FF 00 22 0D 22 93 00 00 02 00 00 22 02 92 0D 00 00 09 69 
00 FF FF 00 22 0D 22 93 00 00 02 00 00 22 02 93 0D 00 00 0A A9 
00 FF FF 00 22 0D 22 93 00 00 02 00 00 22 02 94 0D 00 00 09 B5 
00 FF FF 00 22 0D 22 93 00 00 02 00 00 22 02 95 0D 00 00 0A CA 
00 FF FF 00 22 0D 22 93 00 00 02 00 00 22 02 96 0D 00 00 09 63 
00 FF FF 00 22 0D 22 93 00 00 02 00 00 22 02 97 0D 00 00 08 1B 
00 FF FF 00 22 0D 22 93 00 00 02 00 00 22 02 98 0D 00 00 0B 50 
00 FF FF 00 22 0D 22 93 00 00 02 00 00 22 02 99 0D 00 00 08 A9 
00 FF FF 00 22 0D 22 93 00 00 02 00 00 22 02 9A 0D 00 00 0F 21 
00 FF FF 00 22 0D 22 93 00 00 02 00 00 22 02 9B 0D 00 00 08 80 
00 FF FF 00 22 0D 22 93 00 00 02 00 00 22 02 9C 0D 00 00 0A AB 
00 FF FF 00 22 0D 22 93 00 00 02 00 00 22 02 9D 0D 00 00 08 42 
00 FF FF 00 22 0D 22 93 00 00 02 00 00 22 02 9E 0D 00 00 0A 88 
00 FF FF 00 22 0D 22 93 00 00 02 00 00 22 02 9F 0D 00 00 08 9A 
00 FF FF 00 22 0D 22 93 00 00 02 00 00 22 02 A0 0D 00 00 08 4E 
00 FF FF 00 22 0D 22 93 00 00 02 00 00 22 02 A1 0D 00 00 0B AA 
00 FF FF 00 22 0D 22 93 00 00 02 00 00 22 02 A2 0D 00 00 0D 1A 
00 FF FF 00 22 0D 22 93 00 00 02 00 00 22 02 A3 0D 00 00 0A 0F 
00 FF FF 00 22 0D 22 93 00 00 02 00 00 22 02 A4 0D 00 00 0A 4B 
00 FF FF 00 22 0D 22 93 00 00 02 00 00 22 02 A5 0D 00 00 0A 50 
00 FF FF 00 22 0D 22 93 00 00 02 00 00 22 02 A6 0D 00 00 0B 28 
00 FF FF 00 22 0D 22 93 00 00 02 00 00 22 02 A7 0D 00 00 09 07 
00 FF FF 00 22 0D 22 93 00 00 02 00 00 22 02 A8 0D 00 00 08 59 
00 FF FF 00 22 0D 22 93 00 00 02 00 00 22 02 A9 0D 00 00 10 0E 
00 FF FF 00 22 0D 22 93 00 00 02 00 00 22 02 AA 0D 00 00 0D BA 
00 FF FF 00 22 0D 22 93 00 00 02 00 00 22 02 AB 0D 00 00 0B CE 
00 FF FF 00 22 0D 22 93 00 00 02 00 00 22 02 AC 0D 00 00 08 9B 
00 FF FF 00 22 0D 22 93 00 00 02 00 00 22 02 AD 0D 00 00 16 9C 
00 FF FF 00 22 0D 22 93 00 00 02 00 00 22 02 AE 0D 00 00 0B D9 
00 FF FF 00 22 0D 22 93 00 00 02 00 00 22 02 AF 0D 00 00 11 B7 
00 FF FF 00 22 0D 22 93 00 00 02 00 00 22 02 B0 0D 00 00 13 60 
00 FF FF 00 22 0D 22 93 00 00 02 00 00 22 02 B1 0D 00 00 0A E4 
00 FF FF 00 22 0D 22 93 00 00 02 00 00 22 02 B2 0D 00 00 11 FF 
00 FF FF 00 22 0D 22 93 00 00 02 00 00 22 02 B3 0D 00 00 09 99 
00 FF FF 00 22 0D 22 93 00 00 02 00 00 22 02 B4 0D 00 00 1B 33 
00 FF FF 00 22 0D 22 93 00 00 02 00 00 22 02 B5 0D 00 00 1A 6E 
00 FF FF 00 22 0D 22 93 00 00 02 00 00 22 02 B7 0D 00 00 0B A8 
00 FF FF 00 22 0D 22 93 00 00 02 00 00 22 02 B8 0D 00 00 0C 48 
00 FF FF 00 22 0D 22 93 00 00 02 00 00 22 02 B9 0D 00 00 17 6A 
00 FF FF 00 22 0D 22 93 00 00 02 00 00 22 02 BB 0D 00 00 0C 1E 
00 FF FF 00 22 0D 22 93 00 00 02 00 00 22 02 BC 0D 00 00 0A 0B 
00 FF FF 00 22 0D 22 93 00 00 02 00 00 22 02 BE 0D 00 00 0B 6A 
00 FF FF 00 22 0D 22 93 00 00 02 00 00 22 02 BF 0D 00 00 0D 51 
00 FF FF 00 22 0D 22 93 00 00 02 00 00 22 02 C0 0D 00 00 11 CE 
00 FF FF 00 22 0D 22 93 00 00 02 00 00 22 02 C1 0D 00 00 0E F7 
00 FF FF 00 22 0D 22 93 00 00 02 00 00 22 02 C2 0D 00 00 0A 2C 
00 FF FF 00 22 0D 22 93 00 00 02 00 00 22 02 C3 0D 00 00 08 49 
00 FF FF 00 22 0D 22 93 00 00 02 00 00 22 02 C5 0D 00 00 08 EE 
00 FF FF 00 22 0D 22 93 00 00 02 00 00 22 02 C6 0D 00 00 0B 49 
00 FF FF 00 22 0D 22 93 00 00 02 00 00 22 02 C8 0D 00 00 17 2F 
00 FF FF 00 22 0D 22 93 00 00 02 00 00 22 02 C9 0D 00 00 0C F9 
00 FF FF 00 22 0D 22 93 00 00 02 00 00 22 02 CA 0D 00 00 08 6B 
00 FF FF 00 22 0D 22 93 00 00 02 00 00 22 02 CB 0D 00 00 0A 9B 
00 FF FF 00 22 0D 22 93 00 00 02 00 00 22 02 CD 0D 00 00 0A A1 
00 FF FF 00 22 0D 22 93 00 00 02 00 00 22 02 CE 0D 00 00 0E 84 
00 FF FF 00 22 0D 22 93 00 00 02 00 00 22 02 CF 0D 00 00 17 4D 
00 FF FF 00 22 0D 22 93 00 00 02 00 00 22 02 D0 0D 00 00 0B EA 
00 FF FF 00 22 0D 22 93 00 00 02 00 00 22 02 D1 0D 00 00 08 5C 
00 FF FF 00 22 0D 22 93 00 00 02 00 00 22 02 D2 0D 00 00 08 96 
00 FF FF 00 22 0D 22 93 00 00 02 00 00 22 02 D4 0D 00 00 18 BB 
00 FF FF 00 22 0D 22 93 00 00 02 00 00 22 02 D5 0D 00 00 0A 63 
00 FF FF 00 22 0D 22 93 00 00 02 00 00 22 02 D6 0D 00 00 09 1E 
00 FF FF 00 22 0D 22 93 00 00 02 00 00 22 02 D7 0D 00 00 0B 47 
00 FF FF 00 22 0D 22 93 00 00 02 00 00 22 02 D8 0D 00 00 09 72 
00 FF FF 00 22 0D 22 93 00 00 02 00 00 22 02 D9 0D 00 00 09 29 
00 FF FF 00 22 0D 22 93 00 00 02 00 00 22 02 DA 0D 00 00 08 97 
00 FF FF 00 22 0D 22 93 00 00 02 00 00 22 02 DB 0D 00 00 0C 64 
00 FF FF 00 22 0D 22 93 00 00 02 00 00 22 02 DC 0D 00 00 0A 1C 
00 FF FF 00 22 0D 22 93 00 00 02 00 00 22 02 DD 0D 00 00 08 4F 
00 FF FF 00 22 0D 22 93 00 00 02 00 00 22 02 DE 0D 00 00 0E 12 
00 FF FF 00 22 0D 22 93 00 00 02 00 00 22 02 DF 0D 00 00 09 BC 
00 FF FF 00 22 0D 22 93 00 00 02 00 00 22 02 E0 0D 00 00 0C 22 
00 FF FF 00 22 0D 22 93 00 00 02 00 00 22 02 E1 0D 00 00 0D 34 
00 FF FF 00 22 0D 22 93 00 00 02 00 00 22 02 E2 0D 00 00 0C E2 
00 FF FF 00 22 0D 22 93 00 00 02 00 00 22 02 E3 0D 00 00 09 29 
00 FF FF 00 22 0D 22 93 00 00 02 00 00 22 02 E4 0D 00 00 13 C6 
00 FF FF 00 22 0D 22 93 00 00 02 00 00 22 02 E6 0D 00 00 0A E8 
00 FF FF 00 22 0D 22 93 00 00 02 00 00 22 02 E7 0D 00 00 08 10 
00 FF FF 00 22 0D 22 93 00 00 02 00 00 22 02 E8 0D 00 00 07 EC 
00 FF FF 00 22 0D 22 93 00 00 02 00 00 22 02 E9 0D 00 00 07 DD 
00 FF FF 00 22 0D 22 93 00 00 02 00 00 22 02 EA 0D 00 00 21 CD 
00 FF FF 00 22 0D 22 93 00 00 02 00 00 22 02 EB 0D 00 00 13 C5 
00 FF FF 00 22 0D 22 93 00 00 02 00 00 22 02 EC 0D 00 00 0A 4D 
00 FF FF 00 22 0D 22 93 00 00 02 00 00 22 02 ED 0D 00 00 09 13 
00 FF FF 00 22 0D 22 93 00 00 02 00 00 22 02 EE 0D 00 00 08 92 
00 FF FF 00 22 0D 22 93 00 00 02 00 00 22 02 F0 0D 00 00 0B 40 
00 FF FF 00 22 0D 22 93 00 00 02 00 00 22 02 F1 0D 00 00 10 06 
00 FF FF 00 22 0D 22 93 00 00 02 00 00 22 02 F2 0D 00 00 07 E2 
00 FF FF 00 22 0D 22 93 00 00 02 00 00 22 02 F3 0D 00 00 09 8C 
00 FF FF 00 22 0D 22 93 00 00 02 00 00 22 02 F4 0D 00 00 08 0F 
00 FF FF 00 22 0D 22 93 00 00 02 00 00 22 02 F5 0D 00 00 10 73 
00 FF FF 00 22 0D 22 93 00 00 02 00 00 22 02 F6 0D 00 00 11 22 
00 FF FF 00 22 0D 22 93 00 00 02 00 00 22 02 F7 0D 00 00 0C 84 
00 FF FF 00 22 0D 22 93 00 00 02 00 00 22 02 F8 0D 00 00 08 57 
00 FF FF 00 22 0D 22 93 00 00 02 00 00 22 02 F9 0D 00 00 08 53 
00 FF FF 00 22 0D 22 93 00 00 02 00 00 22 02 FA 0D 00 00 0B 3E 
00 FF FF 00 22 0D 22 93 00 00 02 00 00 22 02 FB 0D 00 00 0B DB 
00 FF FF 00 22 0D 22 93 00 00 02 00 00 22 02 FC 0D 00 00 16 FF 
00 FF FF 00 22 0D 22 93 00 00 02 00 00 22 02 FD 0D 00 00 14 3E 
00 FF FF 00 22 0D 22 93 00 00 02 00 00 22 02 FF 0D 00 00 0A FF 
00 FF FF 00 22 0D 22 93 00 00 02 00 00 22 03 00 0D 00 00 09 4D 
00 FF FF 00 22 0D 22 93 00 00 02 00 00 22 03 01 0D 00 00 13 27 
00 FF FF 00 22 0D 22 93 00 00 02 00 00 22 03 02 0D 00 00 0E 2E 
00 FF FF 00 22 0D 22 93 00 00 02 00 00 22 03 03 0D 00 00 09 19 
00 FF FF 00 22 0D 22 93 00 00 02 00 00 22 03 04 0D 00 00 1B D6 
00 FF FF 00 22 0D 22 93 00 00 02 00 00 22 03 06 0D 00 00 0C 6D 
00 FF FF 00 22 0D 22 93 00 00 02 00 00 22 03 07 0D 00 00 09 AC 
00 FF FF 00 22 0D 22 93 00 00 02 00 00 22 03 08 0D 00 00 09 8F 
00 FF FF 00 22 0D 22 93 00 00 02 00 00 22 03 09 0D 00 00 0C E1 
00 FF FF 00 22 0D 22 93 00 00 02 00 00 22 03 0A 0D 00 00 15 65 
00 FF FF 00 22 0D 22 93 00 00 02 00 00 22 03 0B 0D 00 00 0E 35 
00 FF FF 00 22 0D 22 93 00 00 02 00 00 22 03 0C 0D 00 00 0F F3 
00 FF FF 00 22 0D 22 93 00 00 02 00 00 22 03 0D 0D 00 00 08 20 
00 FF FF 00 22 0D 22 93 00 00 02 00 00 22 03 0E 0D 00 00 08 6E 
00 FF FF 00 22 0D 22 93 00 00 02 00 00 22 03 0F 0D 00 00 23 F9 
00 FF FF 00 22 0D 22 93 00 00 02 00 00 22 03 10 0D 00 00 0B 11 
00 FF FF 00 22 0D 22 93 00 00 02 00 00 22 03 11 0D 00 00 0B B2 
00 FF FF 00 22 0D 22 93 00 00 02 00 00 22 03 12 0D 00 00 09 32 
00 FF FF 00 22 0D 22 93 00 00 02 00 00 22 03 13 0D 00 00 0B 5D 
00 FF FF 00 22 0D 22 93 00 00 02 00 00 22 03 14 0D 00 00 08 65 
00 FF FF 00 22 0D 22 93 00 00 02 00 00 22 03 15 0D 00 00 10 42 
00 FF FF 00 22 0D 22 93 00 00 02 00 00 22 03 16 0D 00 00 08 3D 
00 FF FF 00 22 0D 22 93 00 00 02 00 00 22 03 17 0D 00 00 0F 1F 
00 FF FF 00 22 0D 22 93 00 00 02 00 00 22 03 18 0D 00 00 0F DE 
00 FF FF 00 22 0D 22 93 00 00 02 00 00 22 03 19 0D 00 00 08 35 
00 FF FF 00 22 0D 22 93 00 00 02 00 00 22 03 1A 0D 00 00 09 DC 
00 FF FF 00 22 0D 22 93 00 00 02 00 00 22 03 1B 0D 00 00 09 C1 
00 FF FF 00 22 0D 22 93 00 00 02 00 00 22 03 1C 0D 00 00 0E 60 
00 FF FF 00 22 0D 22 93 00 00 02 00 00 22 03 1D 0D 00 00 1A 83 
00 FF FF 00 22 0D 22 93 00 00 02 00 00 22 03 1E 0D 00 00 0E 7C 
00 FF FF 00 22 0D 22 93 00 00 02 00 00 22 03 1F 0D 00 00 09 F8 
00 FF FF 00 22 0D 22 93 00 00 02 00 00 22 03 20 0D 00 00 0A 41 
00 FF FF 00 22 0D 22 93 00 00 02 00 00 22 03 21 0D 00 00 0D 6C 
00 FF FF 00 22 0D 22 93 00 00 02 00 00 22 03 22 0D 00 00 0D 6C 
00 FF FF 00 22 0D 22 93 00 00 02 00 00 22 03 23 0D 00 00 0E 47 
00 FF FF 00 22 0D 22 93 00 00 02 00 00 22 03 24 0D 00 00 13 6F 
00 FF FF 00 22 0D 22 93 00 00 02 00 00 22 03 25 0D 00 00 0A E8 
00 FF FF 00 22 0D 22 93 00 00 02 00 00 22 03 26 0D 00 00 08 E0 
00 FF FF 00 22 0D 22 93 00 00 02 00 00 22 03 27 0D 00 00 0A 45 
00 FF FF 00 22 0D 22 93 00 00 02 00 00 22 03 28 0D 00 00 0A CD 
00 FF FF 00 22 0D 22 93 00 00 02 00 00 22 03 2A 0D 00 00 0B 46 
00 FF FF 00 22 0D 22 93 00 00 02 00 00 22 03 2B 0D 00 00 0B C3 
00 FF FF 00 22 0D 22 93 00 00 02 00 00 22 03 2C 0D 00 00 0C 62 
00 FF FF 00 22 0D 22 93 00 00 02 00 00 22 03 2D 0D 00 00 0A FD 
00 FF FF 00 22 0D 22 93 00 00 02 00 00 22 03 2E 0D 00 00 14 E0 
00 FF FF 00 22 0D 22 93 00 00 02 00 00 22 03 2F 0D 00 00 0E 82 
00 FF FF 00 22 0D 22 93 00 00 02 00 00 22 03 30 0D 00 00 0C 14 
00 FF FF 00 22 0D 22 93 00 00 02 00 00 22 03 31 0D 00 00 0B F5 
00 FF FF 00 22 0D 22 93 00 00 02 00 00 22 03 33 0D 00 00 10 97 
00 FF FF 00 22 0D 22 93 00 00 02 00 00 22 03 34 0D 00 00 0B 75 
00 FF FF 00 22 0D 22 93 00 00 02 00 00 22 03 35 0D 00 00 1E 96 
00 FF FF 00 22 0D 22 93 00 00 02 00 00 22 03 36 0D 00 00 0C 0E 
00 FF FF 00 22 0D 22 93 00 00 02 00 00 22 03 37 0D 00 00 0A 8A 
00 FF FF 00 22 0D 22 93 00 00 02 00 00 22 03 38 0D 00 00 0A 37 
00 FF FF 00 22 0D 22 93 00 00 02 00 00 22 03 39 0D 00 00 09 61 
00 FF FF 00 22 0D 22 93 00 00 02 00 00 22 03 3A 0D 00 00 09 40 
00 FF FF 00 22 0D 22 93 00 00 02 00 00 22 03 3B 0D 00 00 0B DE 
00 FF FF 00 22 0D 22 93 00 00 02 00 00 22 03 3C 0D 00 00 0B E9 
00 FF FF 00 22 0D 22 93 00 00 02 00 00 22 03 3D 0D 00 00 09 90 
00 FF FF 00 22 0D 22 93 00 00 02 00 00 22 03 3E 0D 00 00 0D A3 
00 FF FF 00 22 0D 22 93 00 00 02 00 00 22 03 3F 0D 00 00 0D AD 
00 FF FF 00 22 0D 22 93 00 00 02 00 00 22 03 40 0D 00 00 0C 47 
